1,1739981382191716195,1739981382194837943
2,1739981382192461460,1739981382195357068
3,1739981382195279886,1739981382196632222
4,1739981382195634190,1739981382197099586
5,1739981382196948661,1739981382197547173
6,1739981382197352382,1739981382198714938
7,1739981382197799469,1739981382199204909
8,1739981382199038876,1739981382199950658
9,1739981382199441616,1739981382200718329
10,1739981382200205487,1739981382201195726
11,1739981382200984849,1739981382202326893
12,1739981382201392352,1739981382202814066
13,1739981382202658400,1739981382203283212
14,1739981382203034166,1739981382204567417
15,1739981382203817128,1739981382205071635
16,1739981382204857470,1739981382205980865
17,1739981382205360432,1739981382206813610
18,1739981382206302701,1739981382208094347
19,1739981382207127129,1739981382208594905
20,1739981382208371523,1739981382209748812
21,1739981382208868203,1739981382210163157
22,1739981382210053918,1739981382210503626
23,1739981382210349555,1739981382211474585
24,1739981382211005276,1739981382211882582
25,1739981382211739140,1739981382212253803
26,1739981382212122174,1739981382213092182
27,1739981382212411726,1739981382213845541
28,1739981382213425173,1739981382214358590
29,1739981382214124595,1739981382215243687
30,1739981382214651333,1739981382215840573
31,1739981382215634316,1739981382216767900
32,1739981382216112456,1739981382217284410
33,1739981382217081851,1739981382218017964
34,1739981382217477552,1739981382218690455
35,1739981382218268765,1739981382219808229
36,1739981382218966917,1739981382220441531
37,1739981382220046606,1739981382221671693
38,1739981382220667931,1739981382222087883
39,1739981382221941095,1739981382223238638
40,1739981382222314839,1739981382223808797
41,1739981382223519581,1739981382224407847
42,1739981382224106487,1739981382225327277
43,1739981382224676806,1739981382225796884
44,1739981382225648024,1739981382226149642
45,1739981382226039166,1739981382227185403
46,1739981382226375653,1739981382227647629
47,1739981382227445465,1739981382228088984
48,1739981382227889639,1739981382229124021
49,1739981382228243955,1739981382229613454
50,1739981382229453612,1739981382230750333
51,1739981382229855213,1739981382231308615
52,1739981382231017304,1739981382231794683
53,1739981382231575601,1739981382232885318
54,1739981382232288272,1739981382233355546
55,1739981382233158150,1739981382234189600
56,1739981382233585828,1739981382234972777
57,1739981382234475649,1739981382235432067
58,1739981382235219320,1739981382236296288
59,1739981382235682465,1739981382237021754
60,1739981382236680207,1739981382237978927
61,1739981382237225055,1739981382238502442
62,1739981382238336151,1739981382239373933
63,1739981382238740614,1739981382239867272
64,1739981382239750546,1739981382240177715
65,1739981382240027907,1739981382241056001
66,1739981382240419996,1739981382241532169
67,1739981382241452654,1739981382242272270
68,1739981382241717795,1739981382243074030
69,1739981382242478276,1739981382243563230
70,1739981382243459224,1739981382244013516
71,1739981382243792445,1739981382245150434
72,1739981382244208597,1739981382245631831
73,1739981382245418653,1739981382246417623
74,1739981382245863097,1739981382247346875
75,1739981382247218661,1739981382247781659
76,1739981382247573323,1739981382248908426
77,1739981382248002544,1739981382249472951
78,1739981382249205574,1739981382250130911
79,1739981382249732219,1739981382251207701
80,1739981382250549147,1739981382251683752
81,1739981382251448926,1739981382252497008
82,1739981382251920204,1739981382253231360
83,1739981382252670688,1739981382253632617
84,1739981382253452334,1739981382253995161
85,1739981382253839600,1739981382254567702
86,1739981382254191753,1739981382255044547
87,1739981382254788380,1739981382255621854
88,1739981382255326181,1739981382256241397
89,1739981382256035779,1739981382256820642
90,1739981382256478900,1739981382257891638
91,1739981382257236664,1739981382258334443
92,1739981382258194045,1739981382258922249
93,1739981382258581712,1739981382259746373
94,1739981382259518474,1739981382260720598
95,1739981382260073095,1739981382261258596
96,1739981382261068249,1739981382261660251
97,1739981382261497904,1739981382262748720
98,1739981382261866407,1739981382263236727
99,1739981382262971529,1739981382264436701
100,1739981382263480148,1739981382264840937
101,1739981382264718452,1739981382265313099
102,1739981382265077515,1739981382266240074
103,1739981382265543028,1739981382266749929
104,1739981382266597739,1739981382267167525
105,1739981382267009152,1739981382268344657
106,1739981382267400146,1739981382268816627
107,1739981382268575794,1739981382269261803
108,1739981382269024522,1739981382270401852
109,1739981382269727079,1739981382270935370
110,1739981382270632881,1739981382271517092
111,1739981382271209168,1739981382272398019
112,1739981382271827735,1739981382272842203
113,1739981382272649787,1739981382273620575
114,1739981382273078797,1739981382274418547
115,1739981382273801967,1739981382274824363
116,1739981382274661813,1739981382275238577
117,1739981382275037595,1739981382275678214
118,1739981382275483484,1739981382276740252
119,1739981382276083514,1739981382277260847
120,1739981382277005490,1739981382277667903
121,1739981382277484043,1739981382278761790
122,1739981382278057242,1739981382279256523
123,1739981382279070753,1739981382279949939
124,1739981382279526470,1739981382280727224
125,1739981382280260344,1739981382281235511
126,1739981382280963451,1739981382281659834
127,1739981382281444829,1739981382282739005
128,1739981382282047652,1739981382283211869
129,1739981382283038867,1739981382283717914
130,1739981382283459029,1739981382284740336
131,1739981382283925979,1739981382285367924
132,1739981382285032003,1739981382286281023
133,1739981382285608885,1739981382286804413
134,1739981382286679576,1739981382287684130
135,1739981382287048033,1739981382288258709
136,1739981382288012942,1739981382288644324
137,1739981382288476884,1739981382289843140
138,1739981382288833923,1739981382290426712
139,1739981382290106999,1739981382291323119
140,1739981382290653664,1739981382292114459
141,1739981382291507539,1739981382292530509
142,1739981382292341705,1739981382292911587
143,1739981382292747614,1739981382293650053
144,1739981382293148298,1739981382294574308
145,1739981382293846399,1739981382294980871
146,1739981382294839489,1739981382295329703
147,1739981382295266246,1739981382296414279
148,1739981382295475032,1739981382296882026
149,1739981382296659699,1739981382297489753
150,1739981382297139259,1739981382298387740
151,1739981382297737271,1739981382299043081
152,1739981382298776593,1739981382299920682
153,1739981382299280890,1739981382300457630
154,1739981382300268281,1739981382300903219
155,1739981382300710378,1739981382302062262
156,1739981382301128122,1739981382302656589
157,1739981382302343194,1739981382303498273
158,1739981382302872053,1739981382304335693
159,1739981382303690173,1739981382304905148
160,1739981382304596317,1739981382305283103
161,1739981382305098907,1739981382306492743
162,1739981382305500533,1739981382307030667
163,1739981382306756262,1739981382307387577
164,1739981382307236715,1739981382308299513
165,1739981382307598135,1739981382308934282
166,1739981382308703205,1739981382309333605
167,1739981382309177240,1739981382310411235
168,1739981382309591771,1739981382310782212
169,1739981382310688208,1739981382311305684
170,1739981382311015703,1739981382312183624
171,1739981382311520322,1739981382312820561
172,1739981382312547559,1739981382313700833
173,1739981382313049640,1739981382314375938
174,1739981382314002427,1739981382315004605
175,1739981382314661460,1739981382315734882
176,1739981382315409406,1739981382316372374
177,1739981382316060542,1739981382317541143
178,1739981382316635509,1739981382318153286
179,1739981382317839904,1739981382319125187
180,1739981382318363131,1739981382319737079
181,1739981382319485536,1739981382320990323
182,1739981382319971806,1739981382321517685
183,1739981382321306371,1739981382322656290
184,1739981382321740800,1739981382323101167
185,1739981382322908998,1739981382323741389
186,1739981382323333078,1739981382324538315
187,1739981382324105102,1739981382325081600
188,1739981382324782698,1739981382325483145
189,1739981382325296574,1739981382326511922
190,1739981382325718617,1739981382326977462
191,1739981382326823062,1739981382327570515
192,1739981382327198156,1739981382328720953
193,1739981382327779229,1739981382329235662
194,1739981382328962608,1739981382330383422
195,1739981382329482198,1739981382330995101
196,1739981382330681708,1739981382331855805
197,1739981382331205697,1739981382332439165
198,1739981382332202062,1739981382333390477
199,1739981382332729148,1739981382334011929
200,1739981382333802473,1739981382334603005
201,1739981382334212763,1739981382335464889
202,1739981382334809636,1739981382336030867
203,1739981382335809464,1739981382336534365
204,1739981382336253066,1739981382337620005
205,1739981382336931126,1739981382338145843
206,1739981382337924758,1739981382339049255
207,1739981382338360971,1739981382339529598
208,1739981382339335944,1739981382339931468
209,1739981382339788256,1739981382341021600
210,1739981382340157175,1739981382341396993
211,1739981382341267634,1739981382341755017
212,1739981382341656488,1739981382342594268
213,1739981382341943707,1739981382343271320
214,1739981382342932678,1739981382343699285
215,1739981382343483036,1739981382344924774
216,1739981382343914835,1739981382345533868
217,1739981382345247053,1739981382345967694
218,1739981382345773392,1739981382346813146
219,1739981382346212394,1739981382347402858
220,1739981382347227989,1739981382347857219
221,1739981382347651710,1739981382348976025
222,1739981382348194111,1739981382349424772
223,1739981382349258956,1739981382350687488
224,1739981382349679249,1739981382351220904
225,1739981382351132711,1739981382352532392
226,1739981382351522116,1739981382353054490
227,1739981382352844512,1739981382353426996
228,1739981382353211954,1739981382354387250
229,1739981382353655467,1739981382354948121
230,1739981382354686808,1739981382355390166
231,1739981382355266883,1739981382356397408
232,1739981382355632650,1739981382356965009
233,1739981382356666825,1739981382357401573
234,1739981382357206582,1739981382358577900
235,1739981382357649519,1739981382359051108
236,1739981382358842956,1739981382359748695
237,1739981382359268393,1739981382360504647
238,1739981382359958261,1739981382360990033
239,1739981382360747299,1739981382361419187
240,1739981382361178751,1739981382362531438
241,1739981382361632767,1739981382363023738
242,1739981382362777802,1739981382363500235
243,1739981382363275522,1739981382364777476
244,1739981382363720290,1739981382365308587
245,1739981382365021404,1739981382366219762
246,1739981382365576031,1739981382366788804
247,1739981382366624921,1739981382367716197
248,1739981382367080316,1739981382368276731
249,1739981382368120224,1739981382368667026
250,1739981382368509103,1739981382369709793
251,1739981382368884900,1739981382370162157
252,1739981382369999614,1739981382370600583
253,1739981382370436871,1739981382371427738
254,1739981382370841213,1739981382372300730
255,1739981382371622351,1739981382372830766
256,1739981382372494366,1739981382373278484
257,1739981382373037368,1739981382374134301
258,1739981382373496582,1739981382374753307
259,1739981382374530097,1739981382375633118
260,1739981382375003526,1739981382376334322
261,1739981382376037896,1739981382377294865
262,1739981382376570501,1739981382377817056
263,1739981382377635981,1739981382379048486
264,1739981382378046663,1739981382379529822
265,1739981382379252311,1739981382380458481
266,1739981382379787201,1739981382380983864
267,1739981382380769327,1739981382381334658
268,1739981382381183017,1739981382382083983
269,1739981382381602715,1739981382382713085
270,1739981382382263066,1739981382383061861
271,1739981382382970737,1739981382383444505
272,1739981382383314374,1739981382384565526
273,1739981382383687363,1739981382385028852
274,1739981382384758110,1739981382385501630
275,1739981382385251418,1739981382386398091
276,1739981382385737517,1739981382386975961
277,1739981382386769079,1739981382387437083
278,1739981382387211224,1739981382388384543
279,1739981382387674762,1739981382388961900
280,1739981382388734104,1739981382389413988
281,1739981382389180434,1739981382390601048
282,1739981382389654100,1739981382391140298
283,1739981382390858732,1739981382392127371
284,1739981382391368105,1739981382392768572
285,1739981382392486666,1739981382393654501
286,1739981382392997216,1739981382394275352
287,1739981382393986615,1739981382394692812
288,1739981382394517300,1739981382395422080
289,1739981382395191979,1739981382396084532
290,1739981382395642214,1739981382396668341
291,1739981382396338520,1739981382397090199
292,1739981382396938043,1739981382398152054
293,1739981382397356859,1739981382398755933
294,1739981382398426220,1739981382399438839
295,1739981382398980125,1739981382400299149
296,1739981382399637673,1739981382400810275
297,1739981382400593528,1739981382401763352
298,1739981382401032572,1739981382402414062
299,1739981382402163052,1739981382402880658
300,1739981382402665397,1739981382403771069
301,1739981382403102058,1739981382404549991
302,1739981382403947666,1739981382405152201
303,1739981382404781885,1739981382405734567
304,1739981382405357825,1739981382406962862
305,1739981382405963396,1739981382407521733
306,1739981382407225549,1739981382408763422
307,1739981382407787026,1739981382409232369
308,1739981382409025252,1739981382410096912
309,1739981382409485972,1739981382411170038
310,1739981382410297006,1739981382411727565
311,1739981382411430911,1739981382412226752
312,1739981382411938655,1739981382413358967
313,1739981382412423282,1739981382413721128
314,1739981382413607473,1739981382414127479
315,1739981382413892634,1739981382414619264
316,1739981382414399255,1739981382415670942
317,1739981382414831080,1739981382416085652
318,1739981382415931897,1739981382416468906
319,1739981382416318959,1739981382417564993
320,1739981382416692302,1739981382418016616
321,1739981382417863764,1739981382418551468
322,1739981382418279557,1739981382419713180
323,1739981382418841905,1739981382420336858
324,1739981382419997494,1739981382420792397
325,1739981382420579949,1739981382421844762
326,1739981382421080214,1739981382422296479
327,1739981382422147699,1739981382422799134
328,1739981382422497320,1739981382423890712
329,1739981382423012409,1739981382424458653
330,1739981382424136695,1739981382424983605
331,1739981382424725866,1739981382426078956
332,1739981382425273783,1739981382426582415
333,1739981382426319304,1739981382427412062
334,1739981382426786511,1739981382427858853
335,1739981382427631129,1739981382428327370
336,1739981382428169857,1739981382428772814
337,1739981382428572627,1739981382429109924
338,1739981382429027937,1739981382429831495
339,1739981382429260161,1739981382430595123
340,1739981382430198944,1739981382431046356
341,1739981382430919355,1739981382432093518
342,1739981382431264626,1739981382432603666
343,1739981382432385117,1739981382433044552
344,1739981382432843246,1739981382434101048
345,1739981382433232575,1739981382434664741
346,1739981382434386711,1739981382435173164
347,1739981382434924788,1739981382436311906
348,1739981382435366910,1739981382436973837
349,1739981382436607035,1739981382437929904
350,1739981382437211750,1739981382438537589
351,1739981382438237973,1739981382439691521
352,1739981382438766204,1739981382440207886
353,1739981382439961596,1739981382440681421
354,1739981382440412200,1739981382441781751
355,1739981382440863203,1739981382442186349
356,1739981382442058928,1739981382442575824
357,1739981382442436003,1739981382443605781
358,1739981382442783132,1739981382444014735
359,1739981382443845518,1739981382444438407
360,1739981382444258291,1739981382444913336
361,1739981382444657948,1739981382445943812
362,1739981382445329167,1739981382446436576
363,1739981382446189929,1739981382446912343
364,1739981382446658833,1739981382448047592
365,1739981382447187987,1739981382448473710
366,1739981382448270978,1739981382449650959
367,1739981382448739408,1739981382450233354
368,1739981382449930682,1739981382451470510
369,1739981382450456881,1739981382451954623
370,1739981382451752545,1739981382453237575
371,1739981382452176924,1739981382453754942
372,1739981382453468876,1739981382454459651
373,1739981382454015939,1739981382455324098
374,1739981382454668969,1739981382456236534
375,1739981382455601795,1739981382456835729
376,1739981382456507780,1739981382457414539
377,1739981382457067083,1739981382458308630
378,1739981382457631313,1739981382458975850
379,1739981382458653110,1739981382460244928
380,1739981382459184884,1739981382460734436
381,1739981382460547786,1739981382461483010
382,1739981382461019443,1739981382462392488
383,1739981382461705551,1739981382462813378
384,1739981382462622528,1739981382463197713
385,1739981382463031297,1739981382463700653
386,1739981382463406578,1739981382464667122
387,1739981382463898823,1739981382465207640
388,1739981382465015539,1739981382465623755
389,1739981382465444518,1739981382466845819
390,1739981382466056556,1739981382467333236
391,1739981382467058694,1739981382467817814
392,1739981382467537886,1739981382468698032
393,1739981382468012645,1739981382469320033
394,1739981382469042128,1739981382469778065
395,1739981382469560427,1739981382471036364
396,1739981382470045167,1739981382471550696
397,1739981382471332840,1739981382472005937
398,1739981382471769846,1739981382473132957
399,1739981382472203905,1739981382473671576
400,1739981382473411679,1739981382474499363
401,1739981382473907704,1739981382475269992
402,1739981382474783213,1739981382475689013
403,1739981382475538876,1739981382476101443
404,1739981382475945341,1739981382476730590
405,1739981382476309269,1739981382477446535
406,1739981382476986047,1739981382477861189
407,1739981382477696190,1739981382478894593
408,1739981382478103703,1739981382479349607
409,1739981382479149331,1739981382479853085
410,1739981382479603428,1739981382480770381
411,1739981382480059492,1739981382481412090
412,1739981382481111673,1739981382481861408
413,1739981382481647968,1739981382483134977
414,1739981382482075998,1739981382483594797
415,1739981382483368873,1739981382484384178
416,1739981382483810869,1739981382485008885
417,1739981382484714936,1739981382485466397
418,1739981382485339344,1739981382486013455
419,1739981382485724371,1739981382487283019
420,1739981382486249230,1739981382487725188
421,1739981382487572331,1739981382488634759
422,1739981382487918472,1739981382489374124
423,1739981382488792310,1739981382489786108
424,1739981382489618220,1739981382490206208
425,1739981382489988864,1739981382491009891
426,1739981382490493882,1739981382491620753
427,1739981382491174639,1739981382492128810
428,1739981382491941206,1739981382493011310
429,1739981382492348115,1739981382493582444
430,1739981382493327330,1739981382493992179
431,1739981382493793774,1739981382495332516
432,1739981382494410870,1739981382495851517
433,1739981382495610131,1739981382496392671
434,1739981382496062662,1739981382497287996
435,1739981382496666146,1739981382497984698
436,1739981382497638651,1739981382498470756
437,1739981382498207163,1739981382499544974
438,1739981382498688388,1739981382499971468
439,1739981382499834826,1739981382500339618
440,1739981382500220364,1739981382501583520
441,1739981382500570790,1739981382502167546
442,1739981382501837241,1739981382503094310
443,1739981382502395604,1739981382503617462
444,1739981382503412021,1739981382504875040
445,1739981382503886402,1739981382505377686
446,1739981382505128356,1739981382506420682
447,1739981382505655895,1739981382506982474
448,1739981382506758992,1739981382507348167
449,1739981382507268790,1739981382508195547
450,1739981382507523716,1739981382508875554
451,1739981382508571807,1739981382509284475
452,1739981382509183906,1739981382510220566
453,1739981382509436359,1739981382510771322
454,1739981382510564694,1739981382511364051
455,1739981382511019823,1739981382512052403
456,1739981382511557807,1739981382512993247
457,1739981382512407256,1739981382513414665
458,1739981382513259382,1739981382514317439
459,1739981382513615785,1739981382514855934
460,1739981382514550718,1739981382515439013
461,1739981382515187427,1739981382516012365
462,1739981382515659494,1739981382516991555
463,1739981382516254415,1739981382517647938
464,1739981382517333328,1739981382518097996
465,1739981382517924539,1739981382519256457
466,1739981382518465458,1739981382519871676
467,1739981382519478663,1739981382520695814
468,1739981382520091509,1739981382521470093
469,1739981382520906171,1739981382522420148
470,1739981382521691822,1739981382522910931
471,1739981382522776081,1739981382523337540
472,1739981382523169446,1739981382523788362
473,1739981382523546588,1739981382524805781
474,1739981382524104666,1739981382525315678
475,1739981382525172781,1739981382525706411
476,1739981382525525752,1739981382526888855
477,1739981382525901888,1739981382527407325
478,1739981382527134356,1739981382527854126
479,1739981382527621592,1739981382528978125
480,1739981382528067678,1739981382529417649
481,1739981382529240814,1739981382529813005
482,1739981382529677021,1739981382530941841
483,1739981382530083197,1739981382531514252
484,1739981382531229312,1739981382532074834
485,1739981382531776720,1739981382532937782
486,1739981382532330948,1739981382533515024
487,1739981382533268530,1739981382534775861
488,1739981382533747433,1739981382535255784
489,1739981382535096809,1739981382536261162
490,1739981382535497718,1739981382536879618
491,1739981382536640387,1739981382537269615
492,1739981382537112349,1739981382537987705
493,1739981382537485452,1739981382538757072
494,1739981382538232972,1739981382539154025
495,1739981382539016726,1739981382539519613
496,1739981382539386438,1739981382540629906
497,1739981382539739568,1739981382541026976
498,1739981382540900227,1739981382541574873
499,1739981382541249521,1739981382542678533
500,1739981382541801564,1739981382543262818
501,1739981382542943817,1739981382543689372
502,1739981382543489854,1739981382544931617
503,1739981382543883310,1739981382545428975
504,1739981382545202284,1739981382545999911
505,1739981382545676547,1739981382546910734
506,1739981382546202799,1739981382547407901
507,1739981382547206352,1739981382548233107
508,1739981382547641259,1739981382549024573
509,1739981382548545830,1739981382550023824
510,1739981382549285741,1739981382550601188
511,1739981382550427690,1739981382550988858
512,1739981382550886672,1739981382551778229
513,1739981382551244595,1739981382552474231
514,1739981382552203708,1739981382552897842
515,1739981382552731035,1739981382553322482
516,1739981382553121950,1739981382554645997
517,1739981382553966154,1739981382555062555
518,1739981382554878281,1739981382556058513
519,1739981382555286491,1739981382556580633
520,1739981382556431697,1739981382557795415
521,1739981382556819796,1739981382558361363
522,1739981382558070010,1739981382558970137
523,1739981382558604633,1739981382559994873
524,1739981382559257435,1739981382560422690
525,1739981382560271704,1739981382561513901
526,1739981382560617889,1739981382561960283
527,1739981382561758360,1739981382563070451
528,1739981382562172900,1739981382563550568
529,1739981382563336907,1739981382564123684
530,1739981382563800225,1739981382565275403
531,1739981382564755398,1739981382565753046
532,1739981382565568604,1739981382566650310
533,1739981382565959145,1739981382567662371
534,1739981382567362787,1739981382568080906
535,1739981382567905283,1739981382568811896
536,1739981382568311648,1739981382569730789
537,1739981382569023603,1739981382570176684
538,1739981382569989740,1739981382570592185
539,1739981382570467180,1739981382571667690
540,1739981382570989389,1739981382572355430
541,1739981382571947295,1739981382572842262
542,1739981382572581803,1739981382573782029
543,1739981382573034509,1739981382574453194
544,1739981382574162323,1739981382574923868
545,1739981382574700385,1739981382575868758
546,1739981382575151239,1739981382576466362
547,1739981382576181193,1739981382576837259
548,1739981382576688282,1739981382577950589
549,1739981382577044725,1739981382578478503
550,1739981382578231664,1739981382578864373
551,1739981382578706748,1739981382580041361
552,1739981382579075719,1739981382580479932
553,1739981382580267826,1739981382580867766
554,1739981382580701900,1739981382581740506
555,1739981382581077200,1739981382582420605
556,1739981382582157207,1739981382582911372
557,1739981382582620385,1739981382583484153
558,1739981382583120426,1739981382584525344
559,1739981382583699081,1739981382584963013
560,1739981382584828973,1739981382585464886
561,1739981382585207534,1739981382586284471
562,1739981382585695507,1739981382586991345
563,1739981382586717528,1739981382587478061
564,1739981382587220118,1739981382588885130
565,1739981382587712762,1739981382589538387
566,1739981382589178012,1739981382590472129
567,1739981382589766979,1739981382591098091
568,1739981382590937155,1739981382591490061
569,1739981382591379943,1739981382592797997
570,1739981382591853434,1739981382593307323
571,1739981382593122720,1739981382594405478
572,1739981382593579690,1739981382595066915
573,1739981382594731485,1739981382595822321
574,1739981382595301436,1739981382596554237
575,1739981382596132048,1739981382597591748
576,1739981382596804204,1739981382598021715
577,1739981382597899053,1739981382598414009
578,1739981382598254638,1739981382599332083
579,1739981382598633946,1739981382599837264
580,1739981382599696698,1739981382600234745
581,1739981382600043086,1739981382601384345
582,1739981382600426153,1739981382601783706
583,1739981382601583581,1739981382602267532
584,1739981382602020390,1739981382603043101
585,1739981382602511759,1739981382603570497
586,1739981382603281660,1739981382604121022
587,1739981382603922600,1739981382604559943
588,1739981382604353365,1739981382604991334
589,1739981382604794448,1739981382606172406
590,1739981382605231172,1739981382606644942
591,1739981382606441016,1739981382607064710
592,1739981382606890145,1739981382608294975
593,1739981382607221141,1739981382608796182
594,1739981382608612250,1739981382609212471
595,1739981382609065102,1739981382610372660
596,1739981382609473867,1739981382610785781
597,1739981382610675895,1739981382611165920
598,1739981382611054000,1739981382612072012
599,1739981382611367173,1739981382612887535
600,1739981382612764935,1739981382613293186
601,1739981382613193308,1739981382614628423
602,1739981382613570506,1739981382615036328
603,1739981382614934159,1739981382615986981
604,1739981382615216588,1739981382616477222
605,1739981382616336765,1739981382616882898
606,1739981382616742280,1739981382618033495
607,1739981382617113404,1739981382618444473
608,1739981382618289069,1739981382618919892
609,1739981382618683092,1739981382619874296
610,1739981382619139241,1739981382620459662
611,1739981382620259490,1739981382620834788
612,1739981382620672324,1739981382622018691
613,1739981382621045625,1739981382622432974
614,1739981382622236607,1739981382622887641
615,1739981382622690617,1739981382623853603
616,1739981382623105445,1739981382624487107
617,1739981382624159652,1739981382624849213
618,1739981382624707515,1739981382625904654
619,1739981382625042193,1739981382626295840
620,1739981382626185235,1739981382626645092
621,1739981382626519957,1739981382627787204
622,1739981382626986184,1739981382628224429
623,1739981382628093382,1739981382628664093
624,1739981382628445185,1739981382629616997
625,1739981382628864650,1739981382630243449
626,1739981382629977543,1739981382630612116
627,1739981382630477813,1739981382631618391
628,1739981382630892174,1739981382632170514
629,1739981382632013799,1739981382632712360
630,1739981382632441369,1739981382633800254
631,1739981382632935941,1739981382634385551
632,1739981382634051226,1739981382634853799
633,1739981382634636503,1739981382636037800
634,1739981382635061284,1739981382636460093
635,1739981382636296642,1739981382637410054
636,1739981382636706012,1739981382638053234
637,1739981382637843408,1739981382638406205
638,1739981382638208526,1739981382639460090
639,1739981382638645475,1739981382639979044
640,1739981382639709229,1739981382640329643
641,1739981382640194097,1739981382641228000
642,1739981382640523749,1739981382641940358
643,1739981382641536626,1739981382642370782
644,1739981382642179262,1739981382643504628
645,1739981382642572462,1739981382644022595
646,1739981382643765789,1739981382644543609
647,1739981382644242575,1739981382645470897
648,1739981382644774540,1739981382645979093
649,1739981382645813707,1739981382646539640
650,1739981382646219717,1739981382647509531
651,1739981382646942301,1739981382648034118
652,1739981382647766948,1739981382648949941
653,1739981382648220458,1739981382649643253
654,1739981382649220502,1739981382650387103
655,1739981382649872895,1739981382651343615
656,1739981382650679679,1739981382651923929
657,1739981382651649134,1739981382653084248
658,1739981382652130582,1739981382653547632
659,1739981382653336867,1739981382654011682
660,1739981382653752806,1739981382655170682
661,1739981382654235234,1739981382655528807
662,1739981382655461643,1739981382655951818
663,1739981382655703369,1739981382656661196
664,1739981382656163449,1739981382657281407
665,1739981382656913525,1739981382657677653
666,1739981382657523318,1739981382658146631
667,1739981382657867235,1739981382659172271
668,1739981382658354689,1739981382659789611
669,1739981382659474336,1739981382660369354
670,1739981382660044164,1739981382661269444
671,1739981382660590970,1739981382661876683
672,1739981382661462925,1739981382662327740
673,1739981382662205279,1739981382663398246
674,1739981382662484083,1739981382663912250
675,1739981382663582670,1739981382664607363
676,1739981382664187459,1739981382665844442
677,1739981382664837183,1739981382666498580
678,1739981382666126492,1739981382666982810
679,1739981382666753175,1739981382668133171
680,1739981382667179756,1739981382668681641
681,1739981382668403569,1739981382669482391
682,1739981382668915594,1739981382670307271
683,1739981382669698613,1739981382670791245
684,1739981382670546657,1739981382671214516
685,1739981382671001521,1739981382671586172
686,1739981382671449111,1739981382672655970
687,1739981382671782976,1739981382673123463
688,1739981382672899726,1739981382673534764
689,1739981382673338190,1739981382674423498
690,1739981382673769544,1739981382675359252
691,1739981382674721659,1739981382675773851
692,1739981382675631807,1739981382676956996
693,1739981382675996368,1739981382677466567
694,1739981382677237584,1739981382677927800
695,1739981382677704046,1739981382678823204
696,1739981382678161023,1739981382679459887
697,1739981382679208845,1739981382680019673
698,1739981382679704998,1739981382680946679
699,1739981382680226928,1739981382681551842
700,1739981382681282278,1739981382682321244
701,1739981382681773288,1739981382683205202
702,1739981382682631403,1739981382683776440
703,1739981382683475332,1739981382684244713
704,1739981382683971526,1739981382685231285
705,1739981382684487951,1739981382685795412
706,1739981382685529793,1739981382686641182
707,1739981382686061534,1739981382687313357
708,1739981382686839991,1739981382687782407
709,1739981382687535080,1739981382688138670
710,1739981382687980359,1739981382688497524
711,1739981382688358083,1739981382689575210
712,1739981382688830665,1739981382690039211
713,1739981382689861137,1739981382690506668
714,1739981382690222146,1739981382691422281
715,1739981382690731539,1739981382692077850
716,1739981382691810790,1739981382692536402
717,1739981382692354208,1739981382693442607
718,1739981382692756383,1739981382694012906
719,1739981382693851135,1739981382694666827
720,1739981382694254803,1739981382695863431
721,1739981382694938175,1739981382696286936
722,1739981382696106764,1739981382696715637
723,1739981382696489827,1739981382697803077
724,1739981382696891186,1739981382698261232
725,1739981382698011859,1739981382698725784
726,1739981382698493875,1739981382699885430
727,1739981382698943706,1739981382700328686
728,1739981382700156275,1739981382700696881
729,1739981382700552708,1739981382701472227
730,1739981382700879507,1739981382702057065
731,1739981382701806923,1739981382703145856
732,1739981382702353095,1739981382703729664
733,1739981382703415231,1739981382704200923
734,1739981382703963427,1739981382704702086
735,1739981382704487985,1739981382705638446
736,1739981382704912546,1739981382706212735
737,1739981382705974729,1739981382706682828
738,1739981382706526194,1739981382707613713
739,1739981382706960061,1739981382708139331
740,1739981382707947655,1739981382709070802
741,1739981382708343986,1739981382709741095
742,1739981382709428814,1739981382710486056
743,1739981382709971934,1739981382711349999
744,1739981382710774531,1739981382711988752
745,1739981382711611522,1739981382712943565
746,1739981382712240738,1739981382713525897
747,1739981382713276913,1739981382714041332
748,1739981382713777238,1739981382714458300
749,1739981382714211569,1739981382715523963
750,1739981382714686347,1739981382715948918
751,1739981382715790746,1739981382716338612
752,1739981382716160978,1739981382717182579
753,1739981382716532069,1739981382717717188
754,1739981382717582813,1739981382718273055
755,1739981382717937147,1739981382719423384
756,1739981382718474966,1739981382719959711
757,1739981382719694343,1739981382720399453
758,1739981382720208279,1739981382721406299
759,1739981382720879928,1739981382721870784
760,1739981382721685139,1739981382722270360
761,1739981382722122559,1739981382723516246
762,1739981382722532956,1739981382723997918
763,1739981382723759977,1739981382724611205
764,1739981382724232924,1739981382725606166
765,1739981382724811102,1739981382726071861
766,1739981382725890113,1739981382727045434
767,1739981382726296756,1739981382727605887
768,1739981382727377178,1739981382727930752
769,1739981382727765266,1739981382728975751
770,1739981382728193346,1739981382729549506
771,1739981382729264970,1739981382729894514
772,1739981382729798120,1739981382730714255
773,1739981382730092954,1739981382731257184
774,1739981382731108420,1739981382731838032
775,1739981382731539624,1739981382732747567
776,1739981382732085082,1739981382733322599
777,1739981382733050257,1739981382733729002
778,1739981382733574105,1739981382735047517
779,1739981382733942910,1739981382735607312
780,1739981382735261538,1739981382736131551
781,1739981382735847885,1739981382737491915
782,1739981382736361975,1739981382738028578
783,1739981382737750081,1739981382738444652
784,1739981382738219483,1739981382739305519
785,1739981382738642346,1739981382740204648
786,1739981382739578833,1739981382740688138
787,1739981382740417284,1739981382741163589
788,1739981382740885610,1739981382742267884
789,1739981382741485464,1739981382742716549
790,1739981382742521360,1739981382743813607
791,1739981382742920990,1739981382744467303
792,1739981382744065462,1739981382744847555
793,1739981382744689371,1739981382745629191
794,1739981382745063606,1739981382746388725
795,1739981382745779779,1739981382746785234
796,1739981382746624209,1739981382747152534
797,1739981382747051487,1739981382748331321
798,1739981382747268782,1739981382748721838
799,1739981382748578428,1739981382749178281
800,1739981382748882866,1739981382750350845
801,1739981382749405065,1739981382750783217
802,1739981382750645516,1739981382751375703
803,1739981382751049185,1739981382752256105
804,1739981382751621724,1739981382752796889
805,1739981382752620029,1739981382753274413
806,1739981382753002080,1739981382754601917
807,1739981382753669606,1739981382755191012
808,1739981382754914899,1739981382755838704
809,1739981382755452780,1739981382756956252
810,1739981382756057320,1739981382757496859
811,1739981382757208609,1739981382758780038
812,1739981382757702584,1739981382759273369
813,1739981382759068062,1739981382760142632
814,1739981382759541468,1739981382760852367
815,1739981382760430900,1739981382761405839
816,1739981382761092346,1739981382762198048
817,1739981382761851278,1739981382762740075
818,1739981382762449043,1739981382763162858
819,1739981382762945011,1739981382763972438
820,1739981382763645166,1739981382764620346
821,1739981382764227936,1739981382765049744
822,1739981382764895710,1739981382766151345
823,1739981382765273177,1739981382766596521
824,1739981382766379455,1739981382767031435
825,1739981382766809921,1739981382767848650
826,1739981382767245159,1739981382768440783
827,1739981382768271108,1739981382768894320
828,1739981382768714577,1739981382769782720
829,1739981382769132794,1739981382770351229
830,1739981382770119970,1739981382770841446
831,1739981382770556297,1739981382771820353
832,1739981382771046905,1739981382772401726
833,1739981382772215479,1739981382772866808
834,1739981382772641792,1739981382773623088
835,1739981382773270497,1739981382774345496
836,1739981382773824882,1739981382774801398
837,1739981382774577159,1739981382775246073
838,1739981382775057039,1739981382775615668
839,1739981382775466087,1739981382776834198
840,1739981382775831443,1739981382777318134
841,1739981382777077065,1739981382777772426
842,1739981382777556848,1739981382778793316
843,1739981382778019203,1739981382779369033
844,1739981382779089358,1739981382779761597
845,1739981382779650763,1739981382780659552
846,1739981382779924957,1739981382781212951
847,1739981382781026902,1739981382781741810
848,1739981382781446385,1739981382782620436
849,1739981382781962959,1739981382783319456
850,1739981382782854432,1739981382784725370
851,1739981382783547030,1739981382785319397
852,1739981382785033209,1739981382786511826
853,1739981382785568567,1739981382786932862
854,1739981382786764372,1739981382787358758
855,1739981382787149804,1739981382788422070
856,1739981382787568892,1739981382788910659
857,1739981382788687807,1739981382789299685
858,1739981382789169325,1739981382790176965
859,1739981382789525175,1739981382790797038
860,1739981382790552075,1739981382791301048
861,1739981382791068064,1739981382792219320
862,1739981382791565050,1739981382792718667
863,1739981382792537172,1739981382793384986
864,1739981382792979684,1739981382794271714
865,1739981382793763822,1739981382794688442
866,1739981382794483596,1739981382795058933
867,1739981382794897459,1739981382795677254
868,1739981382795299224,1739981382796842386
869,1739981382795879939,1739981382797409980
870,1739981382797105849,1739981382798575949
871,1739981382797682121,1739981382799177116
872,1739981382798908853,1739981382800139441
873,1739981382799431615,1739981382800856960
874,1739981382800609404,1739981382802108866
875,1739981382801075433,1739981382802589588
876,1739981382802355214,1739981382803594059
877,1739981382802851422,1739981382804379543
878,1739981382803948829,1739981382804812237
879,1739981382804639794,1739981382805499999
880,1739981382805084978,1739981382806427511
881,1739981382805752649,1739981382806859133
882,1739981382806690695,1739981382807257257
883,1739981382807072952,1739981382808451704
884,1739981382807510723,1739981382808877547
885,1739981382808679147,1739981382809350042
886,1739981382809111366,1739981382810231747
887,1739981382809584425,1739981382810747205
888,1739981382810567492,1739981382811250567
889,1739981382810977621,1739981382812409398
890,1739981382811554970,1739981382812998251
891,1739981382812727979,1739981382813408757
892,1739981382813243206,1739981382814472720
893,1739981382813636220,1739981382815101050
894,1739981382814781192,1739981382816027298
895,1739981382815339769,1739981382816586100
896,1739981382816399372,1739981382817373158
897,1739981382816887593,1739981382817962807
898,1739981382817717230,1739981382818341689
899,1739981382818212823,1739981382818825014
900,1739981382818573018,1739981382819827853
901,1739981382819052492,1739981382820276391
902,1739981382820085730,1739981382820733878
903,1739981382820470810,1739981382821936476
904,1739981382820967620,1739981382822450606
905,1739981382822252422,1739981382822965866
906,1739981382822710312,1739981382824167778
907,1739981382823207340,1739981382824654070
908,1739981382824433966,1739981382825004899
909,1739981382824848803,1739981382825869116
910,1739981382825236105,1739981382826543519
911,1739981382826259259,1739981382826932999
912,1739981382826804631,1739981382828067060
913,1739981382827153746,1739981382828642347
914,1739981382828329538,1739981382829532991
915,1739981382828912136,1739981382830095041
916,1739981382829877588,1739981382831018524
917,1739981382830336744,1739981382831601874
918,1739981382831247186,1739981382832054374
919,1739981382831860517,1739981382833267965
920,1739981382832306042,1739981382833681543
921,1739981382833528796,1739981382834080922
922,1739981382833967040,1739981382834564827
923,1739981382834309081,1739981382835652531
924,1739981382834825852,1739981382836199084
925,1739981382835985424,1739981382836701300
926,1739981382836422481,1739981382837933759
927,1739981382836905114,1739981382838324048
928,1739981382838173764,1739981382838720724
929,1739981382838624777,1739981382839737364
930,1739981382838960703,1739981382840420497
931,1739981382840130546,1739981382840901361
932,1739981382840703505,1739981382842103029
933,1739981382841150143,1739981382842675949
934,1739981382842388020,1739981382843857027
935,1739981382842890793,1739981382844452680
936,1739981382844133022,1739981382844989734
937,1739981382844660903,1739981382845612357
938,1739981382845178312,1739981382846163294
939,1739981382846007425,1739981382846677667
940,1739981382846380038,1739981382847428939
941,1739981382846893282,1739981382848227817
942,1739981382847637789,1739981382848704261
943,1739981382848444764,1739981382849179124
944,1739981382848941862,1739981382850394520
945,1739981382849378485,1739981382850801162
946,1739981382850689862,1739981382851234623
947,1739981382851036463,1739981382852407721
948,1739981382851422450,1739981382852827120
949,1739981382852691336,1739981382853251235
950,1739981382852983645,1739981382854599520
951,1739981382853489525,1739981382855109023
952,1739981382854825875,1739981382855487896
953,1739981382855322514,1739981382856696831
954,1739981382855733212,1739981382857198896
955,1739981382856963282,1739981382858151306
956,1739981382857400912,1739981382858779196
957,1739981382858533736,1739981382859445123
958,1739981382859066251,1739981382860135006
959,1739981382859674492,1739981382860598693
960,1739981382860417792,1739981382860970083
961,1739981382860825106,1739981382861739696
962,1739981382861146081,1739981382862483066
963,1739981382861968553,1739981382863046110
964,1739981382862709363,1739981382863466309
965,1739981382863223151,1739981382864698502
966,1739981382863677535,1739981382865241620
967,1739981382864933514,1739981382865596822
968,1739981382865491621,1739981382866665082
969,1739981382865885792,1739981382867163669
970,1739981382866956161,1739981382867653656
971,1739981382867400008,1739981382868866070
972,1739981382867869778,1739981382869385012
973,1739981382869147723,1739981382870270641
974,1739981382869620252,1739981382871262279
975,1739981382870433029,1739981382871818059
976,1739981382871523927,1739981382872332632
977,1739981382872047015,1739981382873294743
978,1739981382872594800,1739981382873841775
979,1739981382873649752,1739981382874346920
980,1739981382874132602,1739981382874838750
981,1739981382874595533,1739981382875717349
982,1739981382875048966,1739981382876199293
983,1739981382876047391,1739981382876619127
984,1739981382876479538,1739981382877832199
985,1739981382876834766,1739981382878292965
986,1739981382878097476,1739981382878801759
987,1739981382878503092,1739981382879757521
988,1739981382879022964,1739981382880376555
989,1739981382880126251,1739981382880843483
990,1739981382880581477,1739981382881723754
991,1739981382881039728,1739981382882498062
992,1739981382881923834,1739981382882991676
993,1739981382882766433,1739981382883452295
994,1739981382883214898,1739981382884811784
995,1739981382883651712,1739981382885313667
996,1739981382885043112,1739981382886270857
997,1739981382885569670,1739981382886932217
998,1739981382886645007,1739981382887857575
999,1739981382887152953,1739981382888447184
1000,1739981382888191521,1739981382889213382
1001,1739981382888668911,1739981382889940623
1002,1739981382889515384,1739981382890353225
1003,1739981382890232640,1739981382890778893
1004,1739981382890574626,1739981382891408309
1005,1739981382891019318,1739981382892166975
1006,1739981382891685781,1739981382892793951
1007,1739981382892420504,1739981382893207178
1008,1739981382893053954,1739981382894415990
1009,1739981382893419457,1739981382894823046
1010,1739981382894678995,1739981382895219920
1011,1739981382895030694,1739981382896101558
1012,1739981382895419155,1739981382896683334
1013,1739981382896487574,1739981382897215901
1014,1739981382896915692,1739981382898296627
1015,1739981382897427501,1739981382898823153
1016,1739981382898574351,1739981382899790986
1017,1739981382899056006,1739981382900430601
1018,1739981382900165010,1739981382900898996
1019,1739981382900687357,1739981382902073331
1020,1739981382901137572,1739981382902626058
1021,1739981382902364091,1739981382903468626
1022,1739981382902845522,1739981382904099246
1023,1739981382903687420,1739981382904679700
1024,1739981382904543897,1739981382905069548
1025,1739981382904905690,1739981382905748496
1026,1739981382905267999,1739981382906551200
1027,1739981382906032436,1739981382906950355
1028,1739981382906804792,1739981382907285589
1029,1739981382907197595,1739981382908125018
1030,1739981382907493282,1739981382908813395
1031,1739981382908461295,1739981382909269674
1032,1739981382909054995,1739981382910487553
1033,1739981382909504991,1739981382910981447
1034,1739981382910741872,1739981382911931746
1035,1739981382911206365,1739981382912454073
1036,1739981382912295645,1739981382912909678
1037,1739981382912674023,1739981382914162488
1038,1739981382913124447,1739981382914778317
1039,1739981382914457071,1739981382915745506
1040,1739981382915038787,1739981382916333832
1041,1739981382916110620,1739981382916829868
1042,1739981382916567900,1739981382917961753
1043,1739981382917027983,1739981382918391094
1044,1739981382918269278,1739981382918761945
1045,1739981382918631293,1739981382919534598
1046,1739981382918985336,1739981382920008831
1047,1739981382919779756,1739981382920624810
1048,1739981382920392771,1739981382921028658
1049,1739981382920843722,1739981382921539528
1050,1739981382921224575,1739981382922555041
1051,1739981382921692569,1739981382923002761
1052,1739981382922838670,1739981382923459056
1053,1739981382923239535,1739981382924377658
1054,1739981382923683454,1739981382925131993
1055,1739981382924681677,1739981382925667019
1056,1739981382925425012,1739981382926106662
1057,1739981382926001907,1739981382927094328
1058,1739981382926278639,1739981382927621272
1059,1739981382927404562,1739981382928166541
1060,1739981382927936278,1739981382929341058
1061,1739981382928364902,1739981382929872590
1062,1739981382929523040,1739981382930794554
1063,1739981382930122427,1739981382931407658
1064,1739981382931130798,1739981382932662074
1065,1739981382931674343,1739981382933083780
1066,1739981382932927299,1739981382933543340
1067,1739981382933315011,1739981382934744599
1068,1739981382934111718,1739981382935139200
1069,1739981382935001209,1739981382935566347
1070,1739981382935351331,1739981382936577789
1071,1739981382935806816,1739981382937108657
1072,1739981382936921165,1739981382937535646
1073,1739981382937367380,1739981382938592519
1074,1739981382937789640,1739981382939011228
1075,1739981382938884420,1739981382939518850
1076,1739981382939257607,1739981382940701602
1077,1739981382939739065,1739981382941195698
1078,1739981382941031558,1739981382941595979
1079,1739981382941402504,1739981382942542320
1080,1739981382941799932,1739981382943174573
1081,1739981382942891709,1739981382943629501
1082,1739981382943452318,1739981382944891297
1083,1739981382943882184,1739981382945505994
1084,1739981382945160722,1739981382945932168
1085,1739981382945771559,1739981382946927907
1086,1739981382946334463,1739981382947373801
1087,1739981382947218771,1739981382947763944
1088,1739981382947627075,1739981382948575434
1089,1739981382948027584,1739981382949211779
1090,1739981382948900162,1739981382949653328
1091,1739981382949521504,1739981382950261478
1092,1739981382949890524,1739981382951107911
1093,1739981382950642837,1739981382951761237
1094,1739981382951268593,1739981382952172413
1095,1739981382952046062,1739981382953424289
1096,1739981382952377497,1739981382953836198
1097,1739981382953689814,1739981382954553553
1098,1739981382954058545,1739981382954934519
1099,1739981382954816771,1739981382955769548
1100,1739981382955050788,1739981382956601665
1101,1739981382955978015,1739981382957208774
1102,1739981382956810112,1739981382957710036
1103,1739981382957419511,1739981382958885572
1104,1739981382957931127,1739981382959479983
1105,1739981382959191317,1739981382959900224
1106,1739981382959761286,1739981382960772363
1107,1739981382960111063,1739981382961814735
1108,1739981382960951866,1739981382962245065
1109,1739981382962098098,1739981382962628735
1110,1739981382962494410,1739981382963531067
1111,1739981382962826933,1739981382964088707
1112,1739981382963901939,1739981382964549841
1113,1739981382964374697,1739981382964991889
1114,1739981382964778747,1739981382965991747
1115,1739981382965256064,1739981382966527823
1116,1739981382966343623,1739981382967020135
1117,1739981382966769353,1739981382967368926
1118,1739981382967237809,1739981382968541161
1119,1739981382967720634,1739981382969035031
1120,1739981382968817838,1739981382969406491
1121,1739981382969227970,1739981382970276892
1122,1739981382969805573,1739981382970784515
1123,1739981382970629446,1739981382971342317
1124,1739981382971004276,1739981382972483036
1125,1739981382971591979,1739981382972947662
1126,1739981382972767485,1739981382973466594
1127,1739981382973199137,1739981382974683120
1128,1739981382973695086,1739981382975191384
1129,1739981382974990178,1739981382975642479
1130,1739981382975386153,1739981382976558666
1131,1739981382975864515,1739981382977026582
1132,1739981382976837027,1739981382977491683
1133,1739981382977241142,1739981382978171077
1134,1739981382977739618,1739981382978901777
1135,1739981382978512646,1739981382979437756
1136,1739981382979145884,1739981382979884420
1137,1739981382979680862,1739981382980863914
1138,1739981382980145733,1739981382981434719
1139,1739981382981223523,1739981382981862136
1140,1739981382981646746,1739981382982754940
1141,1739981382982048092,1739981382983305032
1142,1739981382983126742,1739981382983803732
1143,1739981382983548467,1739981382984885002
1144,1739981382984040867,1739981382985395849
1145,1739981382985189942,1739981382986467317
1146,1739981382985632646,1739981382986958466
1147,1739981382986732517,1739981382988037618
1148,1739981382987200194,1739981382988512792
1149,1739981382988266747,1739981382988933209
1150,1739981382988729520,1739981382989638071
1151,1739981382989133716,1739981382990443794
1152,1739981382989918000,1739981382990841215
1153,1739981382990694004,1739981382991238620
1154,1739981382991043924,1739981382992148808
1155,1739981382991437337,1739981382992820482
1156,1739981382992462786,1739981382993258924
1157,1739981382993083402,1739981382994484017
1158,1739981382993511938,1739981382994953466
1159,1739981382994779258,1739981382995475520
1160,1739981382995191037,1739981382996633875
1161,1739981382995676352,1739981382997172110
1162,1739981382996873585,1739981382997620406
1163,1739981382997391358,1739981382998736579
1164,1739981382997821033,1739981382999258112
1165,1739981382999035738,1739981383000145704
1166,1739981382999458350,1739981383000643888
1167,1739981383000476276,1739981383001688328
1168,1739981383000859810,1739981383002342209
1169,1739981383002048766,1739981383003525211
1170,1739981383002606974,1739981383004056636
1171,1739981383003812320,1739981383004640510
1172,1739981383004220629,1739981383004993391
1173,1739981383004858393,1739981383006230544
1174,1739981383005197690,1739981383006688759
1175,1739981383006479823,1739981383007126764
1176,1739981383006921904,1739981383007720628
1177,1739981383007347736,1739981383008866074
1178,1739981383007932820,1739981383009352400
1179,1739981383009137451,1739981383009826039
1180,1739981383009579236,1739981383011012754
1181,1739981383010025273,1739981383011484886
1182,1739981383011255610,1739981383011870738
1183,1739981383011707219,1739981383012851629
1184,1739981383012122945,1739981383013533989
1185,1739981383013188806,1739981383014375431
1186,1739981383013773866,1739981383015140726
1187,1739981383014568122,1739981383015674926
1188,1739981383015391316,1739981383016475995
1189,1739981383015901115,1739981383017257675
1190,1739981383016697980,1739981383017723752
1191,1739981383017508084,1739981383018912596
1192,1739981383017946467,1739981383019343158
1193,1739981383019163370,1739981383019739162
1194,1739981383019562822,1739981383020136361
1195,1739981383019927761,1739981383021046977
1196,1739981383020321861,1739981383021614628
1197,1739981383021456753,1739981383022106315
1198,1739981383021843871,1739981383022957867
1199,1739981383022322404,1739981383023744042
1200,1739981383023485095,1739981383024263063
1201,1739981383024030045,1739981383024772792
1202,1739981383024463903,1739981383025765368
1203,1739981383024971686,1739981383026316545
1204,1739981383026081706,1739981383026748433
1205,1739981383026516990,1739981383027865614
1206,1739981383026988332,1739981383028329399
1207,1739981383028122944,1739981383028854730
1208,1739981383028545855,1739981383030043210
1209,1739981383029057273,1739981383030595271
1210,1739981383030234317,1739981383031413468
1211,1739981383030834570,1739981383032247364
1212,1739981383031664942,1739981383033058497
1213,1739981383032516426,1739981383033780080
1214,1739981383033287523,1739981383034303246
1215,1739981383034004027,1739981383034711483
1216,1739981383034536526,1739981383035051937
1217,1739981383034920923,1739981383036108796
1218,1739981383035232476,1739981383036534884
1219,1739981383036353242,1739981383036978883
1220,1739981383036760500,1739981383037883808
1221,1739981383037199064,1739981383038457722
1222,1739981383038260611,1739981383038887586
1223,1739981383038697756,1739981383039989669
1224,1739981383039111347,1739981383040536534
1225,1739981383040267057,1739981383041085347
1226,1739981383040782630,1739981383042308084
1227,1739981383041312229,1739981383042770341
1228,1739981383042557358,1739981383043234192
1229,1739981383043007495,1739981383044645983
1230,1739981383043442816,1739981383045072567
1231,1739981383044899111,1739981383045527321
1232,1739981383045314838,1739981383046493958
1233,1739981383045768457,1739981383047008830
1234,1739981383046870979,1739981383047334974
1235,1739981383047224379,1739981383048284453
1236,1739981383047551963,1739981383048753245
1237,1739981383048657128,1739981383049092658
1238,1739981383048989438,1739981383049992072
1239,1739981383049404189,1739981383050663901
1240,1739981383050390649,1739981383051071210
1241,1739981383050886274,1739981383052230590
1242,1739981383051235241,1739981383052755752
1243,1739981383052458644,1739981383053296291
1244,1739981383053008451,1739981383054462818
1245,1739981383053483677,1739981383054958085
1246,1739981383054710169,1739981383055386720
1247,1739981383055190778,1739981383056341822
1248,1739981383055613243,1739981383056817056
1249,1739981383056691181,1739981383057247933
1250,1739981383056997314,1739981383058520662
1251,1739981383057505119,1739981383059014478
1252,1739981383058760454,1739981383059466509
1253,1739981383059240941,1739981383060331918
1254,1739981383059671748,1739981383060827372
1255,1739981383060724922,1739981383061182092
1256,1739981383061029997,1739981383061913142
1257,1739981383061404334,1739981383062580001
1258,1739981383062170067,1739981383062934954
1259,1739981383062814152,1739981383063455921
1260,1739981383063195637,1739981383064369748
1261,1739981383063697432,1739981383065150864
1262,1739981383064624563,1739981383065664467
1263,1739981383065457336,1739981383066101016
1264,1739981383065919572,1739981383066989243
1265,1739981383066313670,1739981383067527047
1266,1739981383067322104,1739981383068875896
1267,1739981383067727031,1739981383069397429
1268,1739981383069132665,1739981383069857386
1269,1739981383069655027,1739981383070868511
1270,1739981383070034293,1739981383071402233
1271,1739981383071148003,1739981383071808410
1272,1739981383071642531,1739981383072990141
1273,1739981383072015290,1739981383073488644
1274,1739981383073264008,1739981383073851885
1275,1739981383073766391,1739981383074701393
1276,1739981383074055838,1739981383075426001
1277,1739981383075151943,1739981383075804995
1278,1739981383075631816,1739981383076588552
1279,1739981383076045259,1739981383077298273
1280,1739981383076838534,1739981383077896144
1281,1739981383077546624,1739981383078328677
1282,1739981383078125880,1739981383079318814
1283,1739981383078545734,1739981383079914273
1284,1739981383079683335,1739981383080330736
1285,1739981383080189098,1739981383081301919
1286,1739981383080530634,1739981383081883485
1287,1739981383081663366,1739981383082273694
1288,1739981383082098251,1739981383083473771
1289,1739981383082474542,1739981383084051921
1290,1739981383083729705,1739981383084625374
1291,1739981383084322494,1739981383085464392
1292,1739981383084859898,1739981383086308904
1293,1739981383085729457,1739981383086711424
1294,1739981383086544771,1739981383087099775
1295,1739981383086996019,1739981383087554467
1296,1739981383087255109,1739981383088482801
1297,1739981383087775011,1739981383088978567
1298,1739981383088840823,1739981383089363377
1299,1739981383089256016,1739981383090532375
1300,1739981383089620501,1739981383090937311
1301,1739981383090826446,1739981383091338608
1302,1739981383091209588,1739981383092246418
1303,1739981383091546478,1739981383092869972
1304,1739981383092565455,1739981383093320229
1305,1739981383093109998,1739981383094501296
1306,1739981383093574369,1739981383095130133
1307,1739981383094752702,1739981383096079497
1308,1739981383095385426,1739981383096728651
1309,1739981383096417838,1739981383097750498
1310,1739981383096941307,1739981383098405025
1311,1739981383098073712,1739981383099676525
1312,1739981383098650479,1739981383100195599
1313,1739981383099951296,1739981383100799874
1314,1739981383100415548,1739981383101646878
1315,1739981383101075634,1739981383102185933
1316,1739981383101888278,1739981383103176791
1317,1739981383102418072,1739981383103788886
1318,1739981383103623514,1739981383104255541
1319,1739981383104003731,1739981383104721514
1320,1739981383104497724,1739981383105627550
1321,1739981383104958984,1739981383106156961
1322,1739981383105948400,1739981383107084518
1323,1739981383106381438,1739981383107768061
1324,1739981383107467758,1739981383108193882
1325,1739981383107988682,1739981383109413134
1326,1739981383108395183,1739981383109873653
1327,1739981383109696825,1739981383110351780
1328,1739981383110125934,1739981383111470024
1329,1739981383110592555,1739981383111926915
1330,1739981383111757927,1739981383112471908
1331,1739981383112176814,1739981383113678450
1332,1739981383112723412,1739981383114163255
1333,1739981383113953265,1739981383114644459
1334,1739981383114380544,1739981383115797711
1335,1739981383114901607,1739981383116329477
1336,1739981383116205612,1739981383116739183
1337,1739981383116591081,1739981383117644707
1338,1739981383116962551,1739981383118133508
1339,1739981383117959343,1739981383118508032
1340,1739981383118331062,1739981383119664041
1341,1739981383118733511,1739981383120044143
1342,1739981383119933875,1739981383120426528
1343,1739981383120228443,1739981383121589517
1344,1739981383120665125,1739981383122024725
1345,1739981383121898121,1739981383122563292
1346,1739981383122246060,1739981383123521179
1347,1739981383122772100,1739981383124533585
1348,1739981383124079952,1739981383125015356
1349,1739981383124738570,1739981383126038801
1350,1739981383125233634,1739981383126618704
1351,1739981383126396700,1739981383127040104
1352,1739981383126852508,1739981383127972184
1353,1739981383127243010,1739981383128700074
1354,1739981383128297637,1739981383129221899
1355,1739981383128915761,1739981383130387152
1356,1739981383129408079,1739981383130863179
1357,1739981383130612505,1739981383131466083
1358,1739981383131067745,1739981383132671279
1359,1739981383131658880,1739981383133157644
1360,1739981383132912969,1739981383134105834
1361,1739981383133487051,1739981383134600611
1362,1739981383134404928,1739981383135061993
1363,1739981383134824128,1739981383136214788
1364,1739981383135244180,1739981383136669738
1365,1739981383136419711,1739981383137066478
1366,1739981383136941129,1739981383138148968
1367,1739981383137338831,1739981383138623399
1368,1739981383138427025,1739981383139087229
1369,1739981383138883363,1739981383140242553
1370,1739981383139343453,1739981383140768054
1371,1739981383140504657,1739981383141386535
1372,1739981383141339475,1739981383142429525
1373,1739981383141596155,1739981383142968376
1374,1739981383142783329,1739981383143447987
1375,1739981383143185103,1739981383144706262
1376,1739981383143702113,1739981383145121822
1377,1739981383144969324,1739981383146063298
1378,1739981383145334315,1739981383146819515
1379,1739981383146429851,1739981383147304917
1380,1739981383147052461,1739981383148136032
1381,1739981383147497465,1739981383148770219
1382,1739981383148368085,1739981383149213751
1383,1739981383149131934,1739981383149582120
1384,1739981383149384474,1739981383149998109
1385,1739981383149794740,1739981383150732009
1386,1739981383150228337,1739981383151467892
1387,1739981383150991419,1739981383151836956
1388,1739981383151722655,1739981383152356477
1389,1739981383151986924,1739981383153201798
1390,1739981383152643592,1739981383154040327
1391,1739981383153416951,1739981383154641353
1392,1739981383154295959,1739981383155064315
1393,1739981383154844253,1739981383155907227
1394,1739981383155200495,1739981383156438038
1395,1739981383156226693,1739981383156908542
1396,1739981383156664648,1739981383158198233
1397,1739981383157114475,1739981383158731720
1398,1739981383158473202,1739981383159202479
1399,1739981383158997479,1739981383160123981
1400,1739981383159400002,1739981383160711886
1401,1739981383160479634,1739981383161106324
1402,1739981383160946831,1739981383162066232
1403,1739981383161306736,1739981383162532435
1404,1739981383162407971,1739981383162919894
1405,1739981383162719785,1739981383163407030
1406,1739981383163163719,1739981383164374252
1407,1739981383163625840,1739981383164891841
1408,1739981383164695242,1739981383165392674
1409,1739981383165095292,1739981383166193563
1410,1739981383165604503,1739981383166777095
1411,1739981383166565531,1739981383167214597
1412,1739981383167002229,1739981383168114862
1413,1739981383167424650,1739981383169004378
1414,1739981383168817734,1739981383169468771
1415,1739981383169277203,1739981383170371676
1416,1739981383169707820,1739981383171053678
1417,1739981383170723264,1739981383171965265
1418,1739981383171240916,1739981383172528587
1419,1739981383172351803,1739981383173397638
1420,1739981383172770018,1739981383174261400
1421,1739981383173575920,1739981383174723379
1422,1739981383174478583,1739981383175124629
1423,1739981383174947122,1739981383176326170
1424,1739981383175322924,1739981383176891874
1425,1739981383176570659,1739981383177385042
1426,1739981383177101382,1739981383178502373
1427,1739981383177880384,1739981383178910115
1428,1739981383178765070,1739981383179285800
1429,1739981383179168279,1739981383179775014
1430,1739981383179484882,1739981383180734768
1431,1739981383180026432,1739981383181316706
1432,1739981383181140368,1739981383181807440
1433,1739981383181574860,1739981383182715170
1434,1739981383182068154,1739981383183281797
1435,1739981383183068412,1739981383183759801
1436,1739981383183473265,1739981383184930729
1437,1739981383184024192,1739981383185542488
1438,1739981383185182374,1739981383186151154
1439,1739981383185829726,1739981383187446095
1440,1739981383186417812,1739981383187898660
1441,1739981383187728925,1739981383188329434
1442,1739981383188148406,1739981383189452584
1443,1739981383188567295,1739981383189989469
1444,1739981383189634144,1739981383190592408
1445,1739981383190238841,1739981383191794078
1446,1739981383190834084,1739981383192321197
1447,1739981383192055625,1739981383193311671
1448,1739981383192531862,1739981383194005789
1449,1739981383193638128,1739981383194739868
1450,1739981383194280155,1739981383195866108
1451,1739981383194978398,1739981383196409471
1452,1739981383196158030,1739981383196840271
1453,1739981383196635802,1739981383197545230
1454,1739981383197070450,1739981383198459560
1455,1739981383197817972,1739981383198885492
1456,1739981383198702268,1739981383199230880
1457,1739981383199106577,1739981383199889111
1458,1739981383199448068,1739981383200865825
1459,1739981383200366621,1739981383201610617
1460,1739981383201093120,1739981383202506784
1461,1739981383202177279,1739981383203240512
1462,1739981383202742461,1739981383204058413
1463,1739981383203520010,1739981383204779537
1464,1739981383204530410,1739981383205337565
1465,1739981383204984509,1739981383206003370
1466,1739981383205565783,1739981383206919502
1467,1739981383206273341,1739981383207490261
1468,1739981383207162165,1739981383208774529
1469,1739981383207716198,1739981383209249409
1470,1739981383209026852,1739981383210078356
1471,1739981383209501776,1739981383211175930
1472,1739981383210435749,1739981383211710150
1473,1739981383211429180,1739981383212170084
1474,1739981383211960347,1739981383213223298
1475,1739981383212576531,1739981383213758357
1476,1739981383213623704,1739981383214278511
1477,1739981383214005419,1739981383214785710
1478,1739981383214535905,1739981383215199931
1479,1739981383215072476,1739981383216228957
1480,1739981383215734530,1739981383216629887
1481,1739981383216498739,1739981383217102475
1482,1739981383216871420,1739981383218003365
1483,1739981383217369989,1739981383218624057
1484,1739981383218307232,1739981383219559170
1485,1739981383218865447,1739981383220061118
1486,1739981383219917078,1739981383220463172
1487,1739981383220258522,1739981383221256665
1488,1739981383220718217,1739981383221940272
1489,1739981383221442542,1739981383222429114
1490,1739981383222266868,1739981383222865724
1491,1739981383222627838,1739981383224052251
1492,1739981383223066941,1739981383224554699
1493,1739981383224207178,1739981383225470336
1494,1739981383224764052,1739981383226086304
1495,1739981383225869640,1739981383226785843
1496,1739981383226325977,1739981383227486009
1497,1739981383227062749,1739981383228028782
1498,1739981383227770281,1739981383228405969
1499,1739981383228247397,1739981383229012057
1500,1739981383228645930,1739981383229781304
1501,1739981383229223600,1739981383230399239
1502,1739981383230051426,1739981383230859614
1503,1739981383230644227,1739981383231762587
1504,1739981383231042406,1739981383232301935
1505,1739981383232096012,1739981383232753832
1506,1739981383232521785,1739981383233677460
1507,1739981383232947747,1739981383234357929
1508,1739981383233995022,1739981383234932024
1509,1739981383234582775,1739981383235680623
1510,1739981383235143522,1739981383236401051
1511,1739981383235899977,1739981383236921039
1512,1739981383236613174,1739981383237309169
1513,1739981383237128062,1739981383238536866
1514,1739981383237500620,1739981383239030313
1515,1739981383238753399,1739981383239342029
1516,1739981383239246613,1739981383240441304
1517,1739981383239529706,1739981383240913286
1518,1739981383240699886,1739981383241373052
1519,1739981383241101148,1739981383242196073
1520,1739981383241591961,1739981383242996658
1521,1739981383242459921,1739981383243564348
1522,1739981383243225359,1739981383244006477
1523,1739981383243751243,1739981383244624426
1524,1739981383244206930,1739981383245519358
1525,1739981383244813830,1739981383246335535
1526,1739981383245678554,1739981383246762005
1527,1739981383246596157,1739981383247529341
1528,1739981383247000627,1739981383248293507
1529,1739981383247708979,1739981383248821364
1530,1739981383248529510,1739981383249255578
1531,1739981383249056181,1739981383250160538
1532,1739981383249481029,1739981383250803408
1533,1739981383250579380,1739981383251208418
1534,1739981383251026211,1739981383252324342
1535,1739981383251628575,1739981383252833141
1536,1739981383252610047,1739981383253233274
1537,1739981383253066009,1739981383254105817
1538,1739981383253479393,1739981383254797235
1539,1739981383254338327,1739981383255259541
1540,1739981383255068154,1739981383256145980
1541,1739981383255476941,1739981383256644283
1542,1739981383256505322,1739981383257154704
1543,1739981383256876801,1739981383257786724
1544,1739981383257379479,1739981383258626457
1545,1739981383258318188,1739981383259105717
1546,1739981383258855997,1739981383260153020
1547,1739981383259534596,1739981383260558543
1548,1739981383260404189,1739981383260972110
1549,1739981383260772751,1739981383262195986
1550,1739981383261173363,1739981383262657307
1551,1739981383262470207,1739981383263146601
1552,1739981383262878828,1739981383264375027
1553,1739981383263633766,1739981383265003577
1554,1739981383264637621,1739981383265677003
1555,1739981383265188594,1739981383266545701
1556,1739981383265818118,1739981383267228570
1557,1739981383266801872,1739981383267719575
1558,1739981383267454410,1739981383268897972
1559,1739981383267968562,1739981383269353151
1560,1739981383269111129,1739981383269741642
1561,1739981383269574688,1739981383270313658
1562,1739981383269955426,1739981383271204699
1563,1739981383270682667,1739981383271654670
1564,1739981383271428587,1739981383272075570
1565,1739981383271863674,1739981383273090109
1566,1739981383272275175,1739981383273583941
1567,1739981383273466934,1739981383274079231
1568,1739981383273734680,1739981383275216904
1569,1739981383274383983,1739981383275657735
1570,1739981383275513097,1739981383276155948
1571,1739981383275880194,1739981383277461317
1572,1739981383276354654,1739981383278039372
1573,1739981383277683833,1739981383278877883
1574,1739981383278294594,1739981383279496521
1575,1739981383279137212,1739981383280121883
1576,1739981383279826142,1739981383280730747
1577,1739981383280329358,1739981383281627817
1578,1739981383280948655,1739981383282236514
1579,1739981383282032971,1739981383282792640
1580,1739981383282461041,1739981383283955962
1581,1739981383282979985,1739981383284530905
1582,1739981383284173956,1739981383285035722
1583,1739981383284753033,1739981383285859548
1584,1739981383285208011,1739981383286487973
1585,1739981383286264335,1739981383286990384
1586,1739981383286718189,1739981383287829252
1587,1739981383287197398,1739981383288435509
1588,1739981383288172345,1739981383288910159
1589,1739981383288701329,1739981383290239643
1590,1739981383289131911,1739981383290672440
1591,1739981383290543912,1739981383291178748
1592,1739981383290807028,1739981383292067079
1593,1739981383291403310,1739981383292555284
1594,1739981383292354949,1739981383292956620
1595,1739981383292786456,1739981383293473288
1596,1739981383293185389,1739981383294667971
1597,1739981383293727248,1739981383295131824
1598,1739981383294966061,1739981383295526497
1599,1739981383295372698,1739981383296530392
1600,1739981383295770856,1739981383297231714
1601,1739981383296869124,1739981383297620377
1602,1739981383297477286,1739981383298442463
1603,1739981383297802672,1739981383299093085
1604,1739981383298623202,1739981383299511553
1605,1739981383299384098,1739981383299878486
1606,1739981383299708343,1739981383300330113
1607,1739981383300100965,1739981383301080753
1608,1739981383300560338,1739981383301610571
1609,1739981383301272307,1739981383302062608
1610,1739981383301941114,1739981383302556210
1611,1739981383302232065,1739981383302925010
1612,1739981383302805957,1739981383304128157
1613,1739981383303127151,1739981383304585394
1614,1739981383304351855,1739981383305027002
1615,1739981383304807895,1739981383305869513
1616,1739981383305248613,1739981383306494657
1617,1739981383306235098,1739981383306998814
1618,1739981383306707785,1739981383307932234
1619,1739981383307187645,1739981383308498896
1620,1739981383308240191,1739981383309024317
1621,1739981383308774421,1739981383310226758
1622,1739981383309226771,1739981383310736599
1623,1739981383310494870,1739981383311171733
1624,1739981383310966329,1739981383312060307
1625,1739981383311404187,1739981383312614956
1626,1739981383312392541,1739981383313044479
1627,1739981383312839355,1739981383313435806
1628,1739981383313229152,1739981383314615082
1629,1739981383313680132,1739981383315011855
1630,1739981383314889549,1739981383315521034
1631,1739981383315208617,1739981383315917182
1632,1739981383315770209,1739981383316995938
1633,1739981383316113552,1739981383317491131
1634,1739981383317246732,1739981383317922589
1635,1739981383317709597,1739981383318303399
1636,1739981383318136259,1739981383319273403
1637,1739981383318505726,1739981383319788817
1638,1739981383319599997,1739981383320262190
1639,1739981383320024505,1739981383321198913
1640,1739981383320474637,1739981383321787095
1641,1739981383321577510,1739981383322267344
1642,1739981383322026288,1739981383323401658
1643,1739981383322681603,1739981383323797870
1644,1739981383323706227,1739981383324164065
1645,1739981383324024406,1739981383324655639
1646,1739981383324371970,1739981383325733816
1647,1739981383324867768,1739981383326149161
1648,1739981383326024995,1739981383326750480
1649,1739981383326393562,1739981383327165106
1650,1739981383326953557,1739981383328304970
1651,1739981383327552386,1739981383328694876
1652,1739981383328535692,1739981383329104163
1653,1739981383328878300,1739981383329992150
1654,1739981383329300196,1739981383330657337
1655,1739981383330358608,1739981383331053665
1656,1739981383330917970,1739981383331957822
1657,1739981383331220008,1739981383332569551
1658,1739981383332320095,1739981383333064123
1659,1739981383332774544,1739981383334272089
1660,1739981383333226844,1739981383334729625
1661,1739981383334522835,1739981383335255581
1662,1739981383335331865,1739981383336460246
1663,1739981383335622353,1739981383337036134
1664,1739981383336748157,1739981383337569980
1665,1739981383337221025,1739981383338562749
1666,1739981383337866705,1739981383338999435
1667,1739981383338806594,1739981383339552483
1668,1739981383339238589,1739981383340180474
1669,1739981383339792819,1739981383340910925
1670,1739981383340459668,1739981383341360793
1671,1739981383341195888,1739981383341863665
1672,1739981383341595188,1739981383342698623
1673,1739981383342104590,1739981383343558984
1674,1739981383342931836,1739981383344076008
1675,1739981383343791363,1739981383344607115
1676,1739981383344264592,1739981383345726662
1677,1739981383344829291,1739981383346218790
1678,1739981383345977015,1739981383346673692
1679,1739981383346499869,1739981383347885355
1680,1739981383346936086,1739981383348367427
1681,1739981383348173413,1739981383348851571
1682,1739981383348593547,1739981383350158809
1683,1739981383349081008,1739981383350643244
1684,1739981383350391546,1739981383351141765
1685,1739981383350885562,1739981383352112916
1686,1739981383351359210,1739981383352638375
1687,1739981383352473054,1739981383352997807
1688,1739981383352853199,1739981383353785471
1689,1739981383353226905,1739981383354606107
1690,1739981383354070892,1739981383355042854
1691,1739981383354833344,1739981383356249289
1692,1739981383355208245,1739981383356690944
1693,1739981383356534713,1739981383357185026
1694,1739981383356918227,1739981383357936251
1695,1739981383357419195,1739981383358703251
1696,1739981383358203403,1739981383359219192
1697,1739981383358974773,1739981383360504994
1698,1739981383359455953,1739981383360959812
1699,1739981383360768133,1739981383361447811
1700,1739981383361181401,1739981383362667038
1701,1739981383361646966,1739981383363211365
1702,1739981383362914014,1739981383363800068
1703,1739981383363459543,1739981383364785606
1704,1739981383363996730,1739981383365514791
1705,1739981383364964257,1739981383366110945
1706,1739981383365761290,1739981383366612728
1707,1739981383366336799,1739981383367411305
1708,1739981383366842804,1739981383368159699
1709,1739981383367602523,1739981383368587725
1710,1739981383368496776,1739981383368970845
1711,1739981383368724409,1739981383370055287
1712,1739981383369160936,1739981383370413839
1713,1739981383370291413,1739981383370788496
1714,1739981383370631530,1739981383371732561
1715,1739981383371038605,1739981383372250746
1716,1739981383372142742,1739981383372815788
1717,1739981383372455644,1739981383373648631
1718,1739981383373027159,1739981383374202502
1719,1739981383373849108,1739981383374798165
1720,1739981383374583994,1739981383375222567
1721,1739981383374993919,1739981383376172520
1722,1739981383375455270,1739981383376714762
1723,1739981383376498431,1739981383377189287
1724,1739981383376924291,1739981383378384374
1725,1739981383377413534,1739981383378885495
1726,1739981383378681085,1739981383379327473
1727,1739981383379136933,1739981383380456826
1728,1739981383379459470,1739981383380831743
1729,1739981383380739220,1739981383381186782
1730,1739981383380973663,1739981383381662573
1731,1739981383381394007,1739981383382472754
1732,1739981383381859039,1739981383383065563
1733,1739981383382668345,1739981383383452511
1734,1739981383383245641,1739981383384056898
1735,1739981383383705354,1739981383384516413
1736,1739981383384254340,1739981383384973453
1737,1739981383384730671,1739981383385881412
1738,1739981383385198313,1739981383386598116
1739,1739981383386079928,1739981383387054500
1740,1739981383386853846,1739981383387552632
1741,1739981383387241951,1739981383388462251
1742,1739981383388043631,1739981383389024745
1743,1739981383388701581,1739981383389433400
1744,1739981383389266779,1739981383390397062
1745,1739981383389658363,1739981383391123191
1746,1739981383390729750,1739981383391860922
1747,1739981383391375846,1739981383392639793
1748,1739981383392178610,1739981383393091982
1749,1739981383392884821,1739981383394111340
1750,1739981383393317563,1739981383394515137
1751,1739981383394391143,1739981383395000500
1752,1739981383394813329,1739981383395636545
1753,1739981383395206240,1739981383396404099
1754,1739981383395944622,1739981383396802029
1755,1739981383396658484,1739981383397255850
1756,1739981383397046690,1739981383398151551
1757,1739981383397485613,1739981383398831371
1758,1739981383398517618,1739981383399292493
1759,1739981383399097494,1739981383400059441
1760,1739981383399502919,1739981383400797707
1761,1739981383400330979,1739981383401312313
1762,1739981383401047248,1739981383401840172
1763,1739981383401541968,1739981383402645462
1764,1739981383402093986,1739981383403238529
1765,1739981383403076568,1739981383403817629
1766,1739981383403497202,1739981383405032312
1767,1739981383404059527,1739981383405456901
1768,1739981383405271419,1739981383406421892
1769,1739981383405672639,1739981383406967038
1770,1739981383406814043,1739981383407317095
1771,1739981383407211217,1739981383407790863
1772,1739981383407527258,1739981383408692183
1773,1739981383407974948,1739981383409135660
1774,1739981383409004072,1739981383409509270
1775,1739981383409381644,1739981383410055672
1776,1739981383409741044,1739981383411155972
1777,1739981383410332940,1739981383411677567
1778,1739981383411461720,1739981383412147352
1779,1739981383411949553,1739981383413276348
1780,1739981383412386394,1739981383413932156
1781,1739981383413513399,1739981383414670831
1782,1739981383414177638,1739981383415553111
1783,1739981383414902755,1739981383416343367
1784,1739981383415748839,1739981383416866579
1785,1739981383416601894,1739981383417493814
1786,1739981383417135588,1739981383418455272
1787,1739981383417710301,1739981383419348949
1788,1739981383419178886,1739981383419943849
1789,1739981383419635695,1739981383420985808
1790,1739981383420188265,1739981383421544872
1791,1739981383421320241,1739981383422121650
1792,1739981383421817583,1739981383423066088
1793,1739981383422625008,1739981383423446667
1794,1739981383423321264,1739981383423990377
1795,1739981383423671067,1739981383425021443
1796,1739981383424187546,1739981383425549991
1797,1739981383425224556,1739981383426083613
1798,1739981383425754868,1739981383426923097
1799,1739981383426299323,1739981383427516628
1800,1739981383427277355,1739981383427927243
1801,1739981383427743490,1739981383429054861
1802,1739981383428136084,1739981383429600295
1803,1739981383429316795,1739981383430036678
1804,1739981383429832895,1739981383430868515
1805,1739981383430232953,1739981383431682931
1806,1739981383431093360,1739981383432204244
1807,1739981383431954120,1739981383432790414
1808,1739981383432437277,1739981383434042499
1809,1739981383433030384,1739981383434633311
1810,1739981383434222842,1739981383435147076
1811,1739981383434854259,1739981383436285456
1812,1739981383435676325,1739981383436858710
1813,1739981383436575561,1739981383437342070
1814,1739981383437127509,1739981383438535437
1815,1739981383438054417,1739981383439016642
1816,1739981383438785986,1739981383439409313
1817,1739981383439255292,1739981383440250172
1818,1739981383439615827,1739981383440999594
1819,1739981383440672783,1739981383441340879
1820,1739981383441207989,1739981383442227152
1821,1739981383441488440,1739981383442972963
1822,1739981383442621176,1739981383443413312
1823,1739981383443185478,1739981383444702269
1824,1739981383443651673,1739981383445185497
1825,1739981383444961914,1739981383445594226
1826,1739981383445430687,1739981383446485656
1827,1739981383445796697,1739981383447008387
1828,1739981383446841424,1739981383447491587
1829,1739981383447253140,1739981383448434870
1830,1739981383447701970,1739981383448944629
1831,1739981383448791610,1739981383449322074
1832,1739981383449161927,1739981383450478295
1833,1739981383449637356,1739981383450952968
1834,1739981383450724943,1739981383451431932
1835,1739981383451220094,1739981383452699722
1836,1739981383451639006,1739981383453131303
1837,1739981383453017219,1739981383453516782
1838,1739981383453370869,1739981383454069274
1839,1739981383453757914,1739981383454550599
1840,1739981383454211555,1739981383455458225
1841,1739981383455109607,1739981383455949859
1842,1739981383455809831,1739981383456565200
1843,1739981383456077337,1739981383457426404
1844,1739981383456811988,1739981383458028390
1845,1739981383457836784,1739981383458467195
1846,1739981383458248876,1739981383459724425
1847,1739981383458664697,1739981383460332947
1848,1739981383459947563,1739981383460880626
1849,1739981383460571265,1739981383462225106
1850,1739981383461096614,1739981383462734449
1851,1739981383462454525,1739981383463197160
1852,1739981383462937851,1739981383464146138
1853,1739981383463382250,1739981383464801982
1854,1739981383464510020,1739981383465706882
1855,1739981383465038558,1739981383466281286
1856,1739981383466027756,1739981383467467894
1857,1739981383466509213,1739981383467912573
1858,1739981383467706995,1739981383468897955
1859,1739981383468140619,1739981383469453204
1860,1739981383469259096,1739981383469797137
1861,1739981383469659671,1739981383470860274
1862,1739981383470017622,1739981383471374331
1863,1739981383471097119,1739981383471781645
1864,1739981383471595434,1739981383472603774
1865,1739981383471981905,1739981383473305864
1866,1739981383472951325,1739981383474102764
1867,1739981383473525961,1739981383475401260
1868,1739981383474760265,1739981383475925136
1869,1739981383475638521,1739981383476403930
1870,1739981383476166882,1739981383477330587
1871,1739981383476636272,1739981383477918610
1872,1739981383477715993,1739981383478433742
1873,1739981383478151222,1739981383479272319
1874,1739981383478651635,1739981383479774503
1875,1739981383479444200,1739981383480391998
1876,1739981383480124996,1739981383480849805
1877,1739981383480629332,1739981383481769616
1878,1739981383481069728,1739981383482298381
1879,1739981383482112475,1739981383482643029
1880,1739981383482526504,1739981383483705785
1881,1739981383482933069,1739981383484293122
1882,1739981383483920053,1739981383484728060
1883,1739981383484537212,1739981383485152843
1884,1739981383484982986,1739981383486340170
1885,1739981383485534586,1739981383486803081
1886,1739981383486603834,1739981383487344584
1887,1739981383487036896,1739981383488354810
1888,1739981383487601610,1739981383488915526
1889,1739981383488765712,1739981383489336661
1890,1739981383489176528,1739981383490230524
1891,1739981383489578330,1739981383490770028
1892,1739981383490623345,1739981383491333096
1893,1739981383491026062,1739981383492512297
1894,1739981383491589012,1739981383493054633
1895,1739981383492800035,1739981383493587034
1896,1739981383493233071,1739981383495212733
1897,1739981383493787742,1739981383495717356
1898,1739981383495502117,1739981383496239935
1899,1739981383495924137,1739981383497514362
1900,1739981383496455327,1739981383497977039
1901,1739981383497824689,1739981383498902294
1902,1739981383498259996,1739981383499456051
1903,1739981383499252178,1739981383499851225
1904,1739981383499685846,1739981383500769076
1905,1739981383500055874,1739981383501348033
1906,1739981383501119139,1739981383501760651
1907,1739981383501568856,1739981383502538949
1908,1739981383501994580,1739981383503259058
1909,1739981383502822640,1739981383503779919
1910,1739981383503477224,1739981383504323588
1911,1739981383504034760,1739981383504817354
1912,1739981383504588273,1739981383506039795
1913,1739981383505040189,1739981383506472496
1914,1739981383506239576,1739981383506900146
1915,1739981383506697890,1739981383507861254
1916,1739981383507130018,1739981383508593584
1917,1739981383508284041,1739981383509088137
1918,1739981383508804710,1739981383510030407
1919,1739981383509322692,1739981383510724519
1920,1739981383510400367,1739981383511216012
1921,1739981383510947181,1739981383512100477
1922,1739981383511438208,1739981383512685976
1923,1739981383512495783,1739981383513103667
1924,1739981383512951736,1739981383513875348
1925,1739981383513347021,1739981383514713679
1926,1739981383514094587,1739981383515136939
1927,1739981383514992380,1739981383515564319
1928,1739981383515375644,1739981383515995151
1929,1739981383515779073,1739981383517114564
1930,1739981383516309668,1739981383517535872
1931,1739981383517382727,1739981383517972861
1932,1739981383517813079,1739981383518928918
1933,1739981383518177976,1739981383519518554
1934,1739981383519308709,1739981383519944501
1935,1739981383519742730,1739981383520865097
1936,1739981383520137161,1739981383521672129
1937,1739981383521046648,1739981383522144191
1938,1739981383521898279,1739981383522700428
1939,1739981383522335821,1739981383523685317
1940,1739981383522888998,1739981383524389564
1941,1739981383523987656,1739981383524889510
1942,1739981383524623277,1739981383525512318
1943,1739981383525125553,1739981383526277072
1944,1739981383525718979,1739981383526828087
1945,1739981383526537996,1739981383527252771
1946,1739981383527031752,1739981383528284164
1947,1739981383527597166,1739981383528697042
1948,1739981383528496595,1739981383529289948
1949,1739981383528916741,1739981383530233125
1950,1739981383529465521,1739981383530853920
1951,1739981383530589266,1739981383531326737
1952,1739981383531365571,1739981383532508501
1953,1739981383531638580,1739981383533135076
1954,1739981383532846576,1739981383533550932
1955,1739981383533402866,1739981383534612641
1956,1739981383533782535,1739981383535156738
1957,1739981383534857745,1739981383535720470
1958,1739981383535431425,1739981383537051903
1959,1739981383535925537,1739981383537520700
1960,1739981383537260032,1739981383538001970
1961,1739981383537796337,1739981383539261612
1962,1739981383538210363,1739981383539816238
1963,1739981383539518659,1739981383540714688
1964,1739981383540100994,1739981383541582334
1965,1739981383540912779,1739981383541978472
1966,1739981383541868952,1739981383542317951
1967,1739981383542192691,1739981383542834624
1968,1739981383542575625,1739981383543673501
1969,1739981383543041973,1739981383544215398
1970,1739981383544027852,1739981383544793438
1971,1739981383544386720,1739981383545229547
1972,1739981383545065349,1739981383546286011
1973,1739981383545756167,1739981383546787554
1974,1739981383546572430,1739981383547294498
1975,1739981383547009675,1739981383548220720
1976,1739981383547499188,1739981383548807539
1977,1739981383548558634,1739981383549205920
1978,1739981383549027772,1739981383550184681
1979,1739981383549418874,1739981383550860161
1980,1739981383550552377,1739981383551410092
1981,1739981383551155070,1739981383552591728
1982,1739981383551806555,1739981383553007446
1983,1739981383552842802,1739981383553514632
1984,1739981383553244323,1739981383554488326
1985,1739981383553728125,1739981383555317474
1986,1739981383554771597,1739981383555837477
1987,1739981383555570458,1739981383556230986
1988,1739981383556041188,1739981383556574420
1989,1739981383556434643,1739981383557348758
1990,1739981383556782276,1739981383557811303
1991,1739981383557679361,1739981383558214589
1992,1739981383557956118,1739981383559400786
1993,1739981383558458064,1739981383559876782
1994,1739981383559654153,1739981383560409405
1995,1739981383560085521,1739981383561655677
1996,1739981383560669645,1739981383562133480
1997,1739981383561947816,1739981383562525743
1998,1739981383562348100,1739981383563837434
1999,1739981383562765311,1739981383564364419
2000,1739981383564088157,1739981383564826083
2001,1739981383564609976,1739981383565614932
2002,1739981383565027206,1739981383566488110
2003,1739981383565890698,1739981383567046387
2004,1739981383566780242,1739981383568074129
2005,1739981383567260171,1739981383568654099
2006,1739981383568451044,1739981383569715763
2007,1739981383568913345,1739981383570425341
2008,1739981383570083040,1739981383571535006
2009,1739981383570681787,1739981383572028619
2010,1739981383571825911,1739981383572995383
2011,1739981383572253396,1739981383573569125
2012,1739981383573420707,1739981383573978619
2013,1739981383573822307,1739981383574602516
2014,1739981383574207236,1739981383575503481
2015,1739981383574837106,1739981383576026006
2016,1739981383575947243,1739981383576671720
2017,1739981383576282542,1739981383577608841
2018,1739981383576931628,1739981383578234034
2019,1739981383577981519,1739981383578787696
2020,1739981383578450070,1739981383579620255
2021,1739981383579006642,1739981383580271739
2022,1739981383580018486,1739981383580748184
2023,1739981383580573263,1739981383581829173
2024,1739981383580943679,1739981383582541046
2025,1739981383582243427,1739981383583142349
2026,1739981383582797848,1739981383584297458
2027,1739981383583360430,1739981383585039953
2028,1739981383584742474,1739981383585507987
2029,1739981383585236731,1739981383586647571
2030,1739981383585833265,1739981383587182195
2031,1739981383586935179,1739981383587698696
2032,1739981383587393464,1739981383588590086
2033,1739981383587932410,1739981383589083652
2034,1739981383588904087,1739981383589544952
2035,1739981383589324194,1739981383590443540
2036,1739981383589771491,1739981383590930950
2037,1739981383590823486,1739981383591427353
2038,1739981383591084986,1739981383592272571
2039,1739981383591674430,1739981383592946005
2040,1739981383592585570,1739981383593436785
2041,1739981383593228868,1739981383594714837
2042,1739981383593780772,1739981383595221495
2043,1739981383595018710,1739981383596212382
2044,1739981383595455242,1739981383596943920
2045,1739981383596562379,1739981383597969222
2046,1739981383597199756,1739981383598484944
2047,1739981383598233930,1739981383599447144
2048,1739981383598732850,1739981383600232010
2049,1739981383599792556,1739981383600835568
2050,1739981383600497869,1739981383601737831
2051,1739981383601019120,1739981383602416081
2052,1739981383602019829,1739981383603378004
2053,1739981383602619146,1739981383604330421
2054,1739981383603573255,1739981383604792785
2055,1739981383604550151,1739981383605161785
2056,1739981383605022806,1739981383605545770
2057,1739981383605368450,1739981383606683972
2058,1739981383605737355,1739981383607122985
2059,1739981383606914774,1739981383607466359
2060,1739981383607406568,1739981383608732845
2061,1739981383607632287,1739981383609181889
2062,1739981383609011525,1739981383609684160
2063,1739981383609393244,1739981383610374320
2064,1739981383609910161,1739981383611138295
2065,1739981383610684174,1739981383611599972
2066,1739981383611407532,1739981383612827561
2067,1739981383611807597,1739981383613337780
2068,1739981383613078414,1739981383613788619
2069,1739981383613555933,1739981383614992758
2070,1739981383614065326,1739981383615590047
2071,1739981383615261631,1739981383616132797
2072,1739981383615808364,1739981383617288477
2073,1739981383616328644,1739981383617800736
2074,1739981383617573425,1739981383618266890
2075,1739981383618019460,1739981383619541158
2076,1739981383618497618,1739981383620126048
2077,1739981383619820034,1739981383620581502
2078,1739981383620346720,1739981383621650769
2079,1739981383620859497,1739981383622093460
2080,1739981383621978970,1739981383622529796
2081,1739981383622289870,1739981383623073817
2082,1739981383622786361,1739981383624002610
2083,1739981383623290719,1739981383624636306
2084,1739981383624486380,1739981383625058804
2085,1739981383624893849,1739981383625984132
2086,1739981383625212026,1739981383626643606
2087,1739981383626343787,1739981383627096737
2088,1739981383626899113,1739981383628369509
2089,1739981383627326518,1739981383628860407
2090,1739981383628650257,1739981383629316592
2091,1739981383629132956,1739981383629961659
2092,1739981383629547177,1739981383630971400
2093,1739981383630361329,1739981383631501682
2094,1739981383631238808,1739981383631959992
2095,1739981383631766340,1739981383632950052
2096,1739981383632172174,1739981383633532502
2097,1739981383633300897,1739981383634034258
2098,1739981383633814767,1739981383634539708
2099,1739981383634323579,1739981383635800478
2100,1739981383634749318,1739981383636251289
2101,1739981383636072049,1739981383636622405
2102,1739981383636466931,1739981383637076008
2103,1739981383636849384,1739981383637934601
2104,1739981383637289959,1739981383638578812
2105,1739981383638337147,1739981383638962221
2106,1739981383638837918,1739981383640239471
2107,1739981383639096687,1739981383640699198
2108,1739981383640531746,1739981383641198543
2109,1739981383640908955,1739981383642074754
2110,1739981383641398404,1739981383642623142
2111,1739981383642379455,1739981383642975123
2112,1739981383642804466,1739981383643779382
2113,1739981383643198996,1739981383644748622
2114,1739981383644085502,1739981383645260800
2115,1739981383645022091,1739981383645923968
2116,1739981383645486931,1739981383647089477
2117,1739981383646320297,1739981383647513757
2118,1739981383647361648,1739981383647946744
2119,1739981383647737838,1739981383649105358
2120,1739981383648169559,1739981383649507704
2121,1739981383649282023,1739981383649910740
2122,1739981383649774476,1739981383650422391
2123,1739981383650102373,1739981383651363003
2124,1739981383650651666,1739981383651924722
2125,1739981383651700215,1739981383652437927
2126,1739981383652144422,1739981383653621473
2127,1739981383652633027,1739981383654067662
2128,1739981383653824174,1739981383654689121
2129,1739981383654263752,1739981383655124898
2130,1739981383654918049,1739981383656241033
2131,1739981383655534564,1739981383656725551
2132,1739981383656501521,1739981383657186334
2133,1739981383656988386,1739981383658265750
2134,1739981383657411306,1739981383658681035
2135,1739981383658464785,1739981383659641709
2136,1739981383658910407,1739981383660319350
2137,1739981383660020975,1739981383661261386
2138,1739981383660525259,1739981383662255236
2139,1739981383661560323,1739981383662745157
2140,1739981383662491037,1739981383663803711
2141,1739981383662985628,1739981383664222932
2142,1739981383664007865,1739981383664754116
2143,1739981383664462142,1739981383665086427
2144,1739981383664952777,1739981383665927811
2145,1739981383665319696,1739981383666472846
2146,1739981383666225002,1739981383666963314
2147,1739981383666724315,1739981383667754145
2148,1739981383667186202,1739981383668604485
2149,1739981383668013102,1739981383669109116
2150,1739981383668872182,1739981383669482602
2151,1739981383669331866,1739981383670188465
2152,1739981383669690313,1739981383671009086
2153,1739981383670511149,1739981383671515315
2154,1739981383671249596,1739981383671986106
2155,1739981383671774793,1739981383672959227
2156,1739981383672208149,1739981383673628102
2157,1739981383673364001,1739981383674016772
2158,1739981383673850017,1739981383675285974
2159,1739981383674489952,1739981383675835051
2160,1739981383675644775,1739981383676210255
2161,1739981383676079756,1739981383677092286
2162,1739981383676477753,1739981383677710001
2163,1739981383677495453,1739981383678065462
2164,1739981383677918435,1739981383678862568
2165,1739981383678211260,1739981383679605072
2166,1739981383679275898,1739981383680033788
2167,1739981383679852465,1739981383681005912
2168,1739981383680264911,1739981383681588788
2169,1739981383681389397,1739981383682134656
2170,1739981383681837891,1739981383682633300
2171,1739981383682386995,1739981383683797579
2172,1739981383682860059,1739981383684488588
2173,1739981383684071805,1739981383684882390
2174,1739981383684746169,1739981383685958549
2175,1739981383685094641,1739981383686398279
2176,1739981383686289063,1739981383686907362
2177,1739981383686578450,1739981383688243916
2178,1739981383687110443,1739981383688685858
2179,1739981383688488338,1739981383689189320
2180,1739981383688917414,1739981383690293378
2181,1739981383689405561,1739981383690885488
2182,1739981383690620680,1739981383691303907
2183,1739981383691110258,1739981383692432066
2184,1739981383691751102,1739981383692859550
2185,1739981383692732744,1739981383693290779
2186,1739981383693046752,1739981383694108776
2187,1739981383693516182,1739981383695015664
2188,1739981383694730899,1739981383695433717
2189,1739981383695252966,1739981383696567559
2190,1739981383695687290,1739981383696975985
2191,1739981383696838065,1739981383697437262
2192,1739981383697150019,1739981383698422205
2193,1739981383697726985,1739981383698976629
2194,1739981383698730701,1739981383699400073
2195,1739981383699226094,1739981383700370949
2196,1739981383699644451,1739981383700896515
2197,1739981383700725256,1739981383701358334
2198,1739981383701171456,1739981383702661143
2199,1739981383701596910,1739981383703197357
2200,1739981383702985898,1739981383703643482
2201,1739981383703449624,1739981383704916901
2202,1739981383703868009,1739981383705457849
2203,1739981383705199032,1739981383705932950
2204,1739981383705744240,1739981383706894419
2205,1739981383706131069,1739981383707467713
2206,1739981383707250154,1739981383707816275
2207,1739981383707675130,1739981383708465333
2208,1739981383708022363,1739981383709128688
2209,1739981383708726620,1739981383709651182
2210,1739981383709459559,1739981383710049700
2211,1739981383709917015,1739981383710403213
2212,1739981383710311132,1739981383711638994
2213,1739981383710525155,1739981383712086607
2214,1739981383711901402,1739981383712552902
2215,1739981383712309162,1739981383713303499
2216,1739981383712790992,1739981383713948038
2217,1739981383713514680,1739981383714533844
2218,1739981383714257111,1739981383714933999
2219,1739981383714806018,1739981383715547009
2220,1739981383715161885,1739981383716769491
2221,1739981383715833095,1739981383717291435
2222,1739981383717008645,1739981383718013036
2223,1739981383717535631,1739981383719002200
2224,1739981383718264264,1739981383719411858
2225,1739981383719273127,1739981383719771341
2226,1739981383719618768,1739981383720822001
2227,1739981383719977534,1739981383721272172
2228,1739981383721165231,1739981383721674261
2229,1739981383721526580,1739981383722167351
2230,1739981383721887229,1739981383722978797
2231,1739981383722389132,1739981383723534182
2232,1739981383723412270,1739981383724079097
2233,1739981383723683975,1739981383724603007
2234,1739981383724268341,1739981383725502544
2235,1739981383724795701,1739981383726120448
2236,1739981383725842687,1739981383726627503
2237,1739981383726328513,1739981383727530424
2238,1739981383726813182,1739981383727988355
2239,1739981383727712759,1739981383728572801
2240,1739981383728224178,1739981383729088708
2241,1739981383728810897,1739981383729460109
2242,1739981383729315573,1739981383730489806
2243,1739981383729844482,1739981383731001772
2244,1739981383731051556,1739981383731977923
2245,1739981383731388115,1739981383732901193
2246,1739981383732284932,1739981383733342993
2247,1739981383733141088,1739981383733738764
2248,1739981383733567609,1739981383734630297
2249,1739981383733936756,1739981383735464269
2250,1739981383734790281,1739981383735873679
2251,1739981383735675112,1739981383736306479
2252,1739981383736079711,1739981383736817022
2253,1739981383736579326,1739981383737675946
2254,1739981383737054168,1739981383738329943
2255,1739981383738082651,1739981383738709452
2256,1739981383738549843,1739981383739838464
2257,1739981383738925035,1739981383740289451
2258,1739981383740153287,1739981383740674345
2259,1739981383740486403,1739981383741565277
2260,1739981383740855422,1739981383742197847
2261,1739981383741933866,1739981383742656458
2262,1739981383742392330,1739981383743830381
2263,1739981383742852074,1739981383744504858
2264,1739981383744132387,1739981383744899483
2265,1739981383744771148,1739981383745791615
2266,1739981383745119343,1739981383746572192
2267,1739981383746023349,1739981383746980866
2268,1739981383746780393,1739981383747321260
2269,1739981383747206507,1739981383747793580
2270,1739981383747513773,1739981383748405275
2271,1739981383748038251,1739981383749163749
2272,1739981383748790153,1739981383749708461
2273,1739981383749416023,1739981383750434525
2274,1739981383749910526,1739981383751263012
2275,1739981383750751185,1739981383751681573
2276,1739981383751540503,1739981383752616132
2277,1739981383751935998,1739981383753166152
2278,1739981383752967017,1739981383753538256
2279,1739981383753386485,1739981383754404045
2280,1739981383753727792,1739981383755405355
2281,1739981383754641299,1739981383756038470
2282,1739981383755654186,1739981383756466499
2283,1739981383756272501,1739981383757563839
2284,1739981383756850548,1739981383758087960
2285,1739981383757832634,1739981383758981300
2286,1739981383758326975,1739981383759845742
2287,1739981383759262608,1739981383760251024
2288,1739981383760079512,1739981383761141982
2289,1739981383760445383,1739981383761683566
2290,1739981383761473694,1739981383762182096
2291,1739981383761895567,1739981383762997642
2292,1739981383762426446,1739981383763669991
2293,1739981383763530421,1739981383764122507
2294,1739981383763886846,1739981383764761684
2295,1739981383764395452,1739981383765663433
2296,1739981383764956151,1739981383766385203
2297,1739981383765857235,1739981383766875856
2298,1739981383766613750,1739981383767859668
2299,1739981383767141098,1739981383768393752
2300,1739981383768185567,1739981383768920989
2301,1739981383768675936,1739981383769893581
2302,1739981383769138997,1739981383770407173
2303,1739981383770156397,1739981383770806702
2304,1739981383770625235,1739981383772114687
2305,1739981383771023768,1739981383772729101
2306,1739981383772350146,1739981383773216618
2307,1739981383772935398,1739981383774458167
2308,1739981383773401810,1739981383774964983
2309,1739981383774722675,1739981383775346519
2310,1739981383775197995,1739981383776293089
2311,1739981383775570233,1739981383776911004
2312,1739981383776675256,1739981383777353666
2313,1739981383777124842,1739981383777942565
2314,1739981383777573442,1739981383779031326
2315,1739981383778317703,1739981383779390716
2316,1739981383779261952,1739981383779827069
2317,1739981383779641899,1739981383780687517
2318,1739981383780057489,1739981383781414059
2319,1739981383781065910,1739981383781874097
2320,1739981383781649385,1739981383783035555
2321,1739981383782047461,1739981383783645789
2322,1739981383783219059,1739981383784994962
2323,1739981383783911074,1739981383785484270
2324,1739981383785260432,1739981383785889831
2325,1739981383785765910,1739981383787107615
2326,1739981383786154168,1739981383787658146
2327,1739981383787375015,1739981383788315572
2328,1739981383787877816,1739981383789247302
2329,1739981383788590030,1739981383789815297
2330,1739981383789464120,1739981383790613262
2331,1739981383790059374,1739981383791442429
2332,1739981383790906190,1739981383791944684
2333,1739981383791692876,1739981383792332234
2334,1739981383792181163,1739981383793278138
2335,1739981383792566342,1739981383793891585
2336,1739981383793639293,1739981383794484780
2337,1739981383794101822,1739981383794858939
2338,1739981383794706712,1739981383795874169
2339,1739981383795059148,1739981383796510172
2340,1739981383796151689,1739981383796893331
2341,1739981383796761017,1739981383797829092
2342,1739981383797100124,1739981383798454638
2343,1739981383798203252,1739981383798936488
2344,1739981383798707581,1739981383800186707
2345,1739981383799170075,1739981383800821594
2346,1739981383800473559,1739981383801215622
2347,1739981383801077488,1739981383802461530
2348,1739981383801346074,1739981383802991056
2349,1739981383802729468,1739981383803599927
2350,1739981383803255259,1739981383804850286
2351,1739981383803835047,1739981383805354482
2352,1739981383805176274,1739981383806243163
2353,1739981383805632838,1739981383807486213
2354,1739981383806445370,1739981383807935450
2355,1739981383807738658,1739981383808390359
2356,1739981383808191216,1739981383809508536
2357,1739981383808741424,1739981383809886257
2358,1739981383809821532,1739981383810380381
2359,1739981383810055341,1739981383811391462
2360,1739981383810628244,1739981383811894151
2361,1739981383811738643,1739981383812280462
2362,1739981383812140352,1739981383813669969
2363,1739981383812518276,1739981383814266063
2364,1739981383813912859,1739981383815000364
2365,1739981383814468256,1739981383815948245
2366,1739981383815203506,1739981383816512806
2367,1739981383816283256,1739981383817053871
2368,1739981383816842528,1739981383818159714
2369,1739981383817211398,1739981383818616843
2370,1739981383818423746,1739981383819120759
2371,1739981383818848272,1739981383820360712
2372,1739981383819347113,1739981383820975012
2373,1739981383820602280,1739981383821492686
2374,1739981383821207313,1739981383822583776
2375,1739981383821710667,1739981383822995629
2376,1739981383822775992,1739981383823389322
2377,1739981383823263413,1739981383823928619
2378,1739981383823648191,1739981383824862087
2379,1739981383824142026,1739981383825275450
2380,1739981383825155201,1739981383825713585
2381,1739981383825449385,1739981383826883413
2382,1739981383825923450,1739981383827348396
2383,1739981383827141270,1739981383828008167
2384,1739981383827583134,1739981383828914586
2385,1739981383828234235,1739981383829569340
2386,1739981383829306705,1739981383830100728
2387,1739981383829824044,1739981383831183490
2388,1739981383830450781,1739981383831620130
2389,1739981383831479791,1739981383832601087
2390,1739981383831858271,1739981383833227710
2391,1739981383832928947,1739981383834101397
2392,1739981383833528190,1739981383834899542
2393,1739981383834570568,1739981383836287293
2394,1739981383835154207,1739981383836726117
2395,1739981383836632363,1739981383837242997
2396,1739981383836938297,1739981383838387255
2397,1739981383837544166,1739981383838913223
2398,1739981383838656631,1739981383839273077
2399,1739981383839075372,1739981383840206320
2400,1739981383839526767,1739981383840733584
2401,1739981383840565076,1739981383841276433
2402,1739981383841010591,1739981383842388332
2403,1739981383841511258,1739981383842795102
2404,1739981383842707067,1739981383843225143
2405,1739981383843030766,1739981383844092261
2406,1739981383843496094,1739981383844792883
2407,1739981383844550871,1739981383845280183
2408,1739981383845059375,1739981383846077639
2409,1739981383845498468,1739981383846916944
2410,1739981383846427189,1739981383847416601
2411,1739981383847187853,1739981383847882086
2412,1739981383847677753,1739981383848702486
2413,1739981383848121548,1739981383849550811
2414,1739981383848986137,1739981383850076952
2415,1739981383849885639,1739981383850963064
2416,1739981383850371169,1739981383851642410
2417,1739981383851529067,1739981383852133188
2418,1739981383851894449,1739981383853206175
2419,1739981383852524796,1739981383853594826
2420,1739981383853532391,1739981383854069352
2421,1739981383853833118,1739981383854615568
2422,1739981383854301628,1739981383855305581
2423,1739981383854902468,1739981383856036123
2424,1739981383855642913,1739981383856479249
2425,1739981383856276153,1739981383857013408
2426,1739981383856708507,1739981383858138027
2427,1739981383857223598,1739981383858654535
2428,1739981383858441743,1739981383859231095
2429,1739981383858927736,1739981383860060790
2430,1739981383859394945,1739981383860734046
2431,1739981383860372026,1739981383861275395
2432,1739981383861023550,1739981383862236437
2433,1739981383861551611,1739981383862897274
2434,1739981383862623886,1739981383863389449
2435,1739981383863129774,1739981383864601883
2436,1739981383863692544,1739981383865229885
2437,1739981383864901275,1739981383865706116
2438,1739981383865498000,1739981383866935778
2439,1739981383866082244,1739981383867380301
2440,1739981383867237006,1739981383867741264
2441,1739981383867611736,1739981383868061972
2442,1739981383867978525,1739981383869239111
2443,1739981383868686273,1739981383869689102
2444,1739981383869510967,1739981383870079454
2445,1739981383869947494,1739981383871277147
2446,1739981383870318268,1739981383871648680
2447,1739981383871604621,1739981383872200121
2448,1739981383871939348,1739981383873329322
2449,1739981383872441999,1739981383873823229
2450,1739981383873613071,1739981383874433053
2451,1739981383874053830,1739981383874849962
2452,1739981383874655162,1739981383876015355
2453,1739981383875062748,1739981383876495152
2454,1739981383876307875,1739981383877082255
2455,1739981383876725964,1739981383878097253
2456,1739981383877306581,1739981383878727500
2457,1739981383878564656,1739981383879282214
2458,1739981383878955313,1739981383880227792
2459,1739981383879538462,1739981383880774478
2460,1739981383880679588,1739981383881237454
2461,1739981383880969501,1739981383882123416
2462,1739981383881489747,1739981383882648780
2463,1739981383882472094,1739981383883182065
2464,1739981383882913896,1739981383884082541
2465,1739981383883383863,1739981383884693616
2466,1739981383884459856,1739981383885188756
2467,1739981383884938802,1739981383886332629
2468,1739981383885424854,1739981383886855192
2469,1739981383886556689,1739981383887322386
2470,1739981383887125667,1739981383888578538
2471,1739981383887588746,1739981383889055517
2472,1739981383888835929,1739981383889484746
2473,1739981383889224129,1739981383890865202
2474,1739981383889698047,1739981383891401198
2475,1739981383891126895,1739981383891868749
2476,1739981383891629723,1739981383892966478
2477,1739981383892092134,1739981383893453276
2478,1739981383893197640,1739981383894044984
2479,1739981383893681729,1739981383894559346
2480,1739981383894205314,1739981383895492355
2481,1739981383895123028,1739981383896211854
2482,1739981383895895102,1739981383896729266
2483,1739981383896482893,1739981383897642502
2484,1739981383896995383,1739981383898285179
2485,1739981383898045802,1739981383898668787
2486,1739981383898517824,1739981383899441422
2487,1739981383898891854,1739981383900106458
2488,1739981383899818648,1739981383900578342
2489,1739981383900367648,1739981383901482237
2490,1739981383900777944,1739981383902245301
2491,1739981383901876786,1739981383902670031
2492,1739981383902542655,1739981383903869319
2493,1739981383902816081,1739981383904485190
2494,1739981383904196574,1739981383904994700
2495,1739981383904730896,1739981383906147354
2496,1739981383905219224,1739981383906686592
2497,1739981383906373063,1739981383907176564
2498,1739981383906907656,1739981383908001856
2499,1739981383907387835,1739981383908880868
2500,1739981383908219342,1739981383909484961
2501,1739981383909144545,1739981383910440354
2502,1739981383909704077,1739981383911051649
2503,1739981383910801550,1739981383911983592
2504,1739981383911249236,1739981383912581893
2505,1739981383912375328,1739981383913584381
2506,1739981383912834936,1739981383914365958
2507,1739981383913965112,1739981383914787237
2508,1739981383914614091,1739981383915208309
2509,1739981383915016060,1739981383916218793
2510,1739981383915419456,1739981383916676957
2511,1739981383916563800,1739981383917131417
2512,1739981383916864972,1739981383918044663
2513,1739981383917364213,1739981383918775718
2514,1739981383918407190,1739981383919269683
2515,1739981383918990150,1739981383920541422
2516,1739981383919481675,1739981383921143155
2517,1739981383920799322,1739981383921695480
2518,1739981383921330682,1739981383923031667
2519,1739981383922304234,1739981383923573989
2520,1739981383923299285,1739981383924394091
2521,1739981383923820401,1739981383925269121
2522,1739981383924759036,1739981383925767884
2523,1739981383925535905,1739981383926763308
2524,1739981383926015781,1739981383927511590
2525,1739981383927160677,1739981383928050520
2526,1739981383927768371,1739981383929251647
2527,1739981383928214764,1739981383929824940
2528,1739981383929540011,1739981383930271710
2529,1739981383930046431,1739981383931698083
2530,1739981383930497098,1739981383932249366
2531,1739981383931935107,1739981383933370585
2532,1739981383932485838,1739981383934061972
2533,1739981383933734053,1739981383934484728
2534,1739981383934215142,1739981383934826541
2535,1739981383934686071,1739981383935947795
2536,1739981383935038221,1739981383936456410
2537,1739981383936204077,1739981383936833555
2538,1739981383936691023,1739981383938055458
2539,1739981383937042326,1739981383938489830
2540,1739981383938236805,1739981383938957885
2541,1739981383938738688,1739981383939731285
2542,1739981383939167288,1739981383940381800
2543,1739981383939990895,1739981383940799384
2544,1739981383940634963,1739981383941798506
2545,1739981383941049582,1739981383942322897
2546,1739981383942178412,1739981383942844498
2547,1739981383942509693,1739981383944047368
2548,1739981383943039187,1739981383944614166
2549,1739981383944274990,1739981383945753321
2550,1739981383944879722,1739981383946387952
2551,1739981383945967443,1739981383946867425
2552,1739981383946610760,1739981383947925720
2553,1739981383947161598,1739981383948485914
2554,1739981383948182994,1739981383949344769
2555,1739981383948704898,1739981383950134242
2556,1739981383949563153,1739981383951400653
2557,1739981383950374221,1739981383951771913
2558,1739981383951623548,1739981383952098003
2559,1739981383951961767,1739981383952972327
2560,1739981383952294482,1739981383953464016
2561,1739981383953278361,1739981383953876679
2562,1739981383953695883,1739981383954904869
2563,1739981383954062315,1739981383955463383
2564,1739981383955213523,1739981383955958220
2565,1739981383955736579,1739981383956942455
2566,1739981383956195087,1739981383957474271
2567,1739981383957275665,1739981383957921367
2568,1739981383957733326,1739981383959042231
2569,1739981383958166527,1739981383959483586
2570,1739981383959247116,1739981383960044004
2571,1739981383959728358,1739981383960951253
2572,1739981383960268122,1739981383961634273
2573,1739981383961230840,1739981383962457086
2574,1739981383961867660,1739981383963154113
2575,1739981383962971807,1739981383964136925
2576,1739981383963431192,1739981383964806272
2577,1739981383964602586,1739981383965271984
2578,1739981383965085784,1739981383966441266
2579,1739981383965508494,1739981383966866484
2580,1739981383966705754,1739981383967263232
2581,1739981383967065838,1739981383967783003
2582,1739981383967479939,1739981383968154221
2583,1739981383968014374,1739981383969257943
2584,1739981383968366680,1739981383969808437
2585,1739981383969520607,1739981383970191520
2586,1739981383970046815,1739981383970667316
2587,1739981383970398311,1739981383971579806
2588,1739981383970854384,1739981383972159837
2589,1739981383971910066,1739981383972710350
2590,1739981383972358520,1739981383973808064
2591,1739981383972940227,1739981383974361499
2592,1739981383974065918,1739981383974737683
2593,1739981383974575607,1739981383975265622
2594,1739981383974950917,1739981383976249910
2595,1739981383975589295,1739981383976673233
2596,1739981383976521419,1739981383977127143
2597,1739981383976953991,1739981383978198151
2598,1739981383977511730,1739981383978687478
2599,1739981383978465556,1739981383979777937
2600,1739981383978931717,1739981383980263433
2601,1739981383980147954,1739981383980673408
2602,1739981383980430150,1739981383981179616
2603,1739981383980885086,1739981383982283686
2604,1739981383981409348,1739981383982643171
2605,1739981383982582347,1739981383983065979
2606,1739981383982883900,1739981383984212480
2607,1739981383983307742,1739981383984631348
2608,1739981383984430518,1739981383985108642
2609,1739981383984869090,1739981383986009432
2610,1739981383985326233,1739981383986656462
2611,1739981383986350427,1739981383987787370
2612,1739981383986929649,1739981383988479334
2613,1739981383988091025,1739981383989470032
2614,1739981383988731915,1739981383989930255
2615,1739981383989805740,1739981383990648964
2616,1739981383990078817,1739981383991477235
2617,1739981383990947259,1739981383991904565
2618,1739981383991781589,1739981383993084989
2619,1739981383992148966,1739981383993657396
2620,1739981383993345594,1739981383994142503
2621,1739981383993915163,1739981383994626983
2622,1739981383994348872,1739981383995942407
2623,1739981383994812875,1739981383996367707
2624,1739981383996178186,1739981383996819060
2625,1739981383996666969,1739981383997334310
2626,1739981383997048304,1739981383998494447
2627,1739981383997592246,1739981383998869982
2628,1739981383998734566,1739981383999314105
2629,1739981383999075831,1739981384000069650
2630,1739981383999529900,1739981384000905672
2631,1739981384000342972,1739981384001413472
2632,1739981384001210825,1739981384001933465
2633,1739981384001640246,1739981384002737394
2634,1739981384002179538,1739981384003598756
2635,1739981384002919728,1739981384004190455
2636,1739981384003813453,1739981384004583717
2637,1739981384004379831,1739981384005299465
2638,1739981384004770515,1739981384006249815
2639,1739981384005644512,1739981384006759369
2640,1739981384006488372,1739981384007236886
2641,1739981384006970721,1739981384008372177
2642,1739981384007421245,1739981384008915509
2643,1739981384008641135,1739981384009410525
2644,1739981384009157658,1739981384010557033
2645,1739981384009635949,1739981384011064493
2646,1739981384010789119,1739981384011405893
2647,1739981384011214521,1739981384012254655
2648,1739981384011592241,1739981384012889015
2649,1739981384012657809,1739981384013357376
2650,1739981384013138838,1739981384014463077
2651,1739981384013568992,1739981384014988668
2652,1739981384014730861,1739981384015361860
2653,1739981384015241892,1739981384016266599
2654,1739981384015617751,1739981384016815556
2655,1739981384016623457,1739981384017327693
2656,1739981384017077762,1739981384018273595
2657,1739981384017544563,1739981384018935140
2658,1739981384018633888,1739981384019451548
2659,1739981384019242246,1739981384020388753
2660,1739981384019711307,1739981384021005574
2661,1739981384020780075,1739981384021502975
2662,1739981384021232303,1739981384022521891
2663,1739981384021732873,1739981384023099155
2664,1739981384022869007,1739981384023594310
2665,1739981384023302410,1739981384024822692
2666,1739981384023777489,1739981384025218498
2667,1739981384025003689,1739981384025661575
2668,1739981384025414630,1739981384026455827
2669,1739981384025834671,1739981384027128808
2670,1739981384026705703,1739981384027634073
2671,1739981384027381628,1739981384028027640
2672,1739981384027882564,1739981384028341199
2673,1739981384028270910,1739981384029604768
2674,1739981384028570912,1739981384030035402
2675,1739981384029889407,1739981384030493326
2676,1739981384030275721,1739981384031299096
2677,1739981384030681562,1739981384031854344
2678,1739981384031679468,1739981384032337265
2679,1739981384032113046,1739981384033232025
2680,1739981384032564825,1739981384034041794
2681,1739981384033886204,1739981384034590526
2682,1739981384034218238,1739981384034998091
2683,1739981384034838808,1739981384035868655
2684,1739981384035334873,1739981384036574543
2685,1739981384036259504,1739981384037086034
2686,1739981384036809237,1739981384038259048
2687,1739981384037317342,1739981384038755061
2688,1739981384038545704,1739981384039143093
2689,1739981384038975635,1739981384040037026
2690,1739981384039350272,1739981384040628995
2691,1739981384040379281,1739981384041043689
2692,1739981384040874740,1739981384041875823
2693,1739981384041242405,1739981384042591381
2694,1739981384042214955,1739981384043058922
2695,1739981384042812053,1739981384043915614
2696,1739981384043212286,1739981384044566804
2697,1739981384044284692,1739981384044985060
2698,1739981384044801007,1739981384045892866
2699,1739981384045185849,1739981384046768434
2700,1739981384046082457,1739981384047208977
2701,1739981384046974463,1739981384048290024
2702,1739981384047392652,1739981384048657903
2703,1739981384048520450,1739981384049109850
2704,1739981384048846164,1739981384050106451
2705,1739981384049332103,1739981384050662955
2706,1739981384050482186,1739981384051089496
2707,1739981384050937977,1739981384052055208
2708,1739981384051296096,1739981384052560942
2709,1739981384052480292,1739981384053021216
2710,1739981384052735197,1739981384053501165
2711,1739981384053250014,1739981384054530203
2712,1739981384053877943,1739981384054954186
2713,1739981384054846601,1739981384055354193
2714,1739981384055185111,1739981384055803442
2715,1739981384055560518,1739981384056927319
2716,1739981384056048578,1739981384057406108
2717,1739981384057226018,1739981384057835716
2718,1739981384057596946,1739981384058271807
2719,1739981384058040103,1739981384059115156
2720,1739981384058477026,1739981384059782139
2721,1739981384059323562,1739981384060281777
2722,1739981384060050233,1739981384061282483
2723,1739981384060551994,1739981384061886727
2724,1739981384061686941,1739981384062818536
2725,1739981384062090408,1739981384063429026
2726,1739981384063186064,1739981384064727521
2727,1739981384063640753,1739981384065200949
2728,1739981384065004054,1739981384065668852
2729,1739981384065459434,1739981384066623295
2730,1739981384065916901,1739981384067131078
2731,1739981384066998003,1739981384067544269
2732,1739981384067291506,1739981384068704128
2733,1739981384067739260,1739981384069088079
2734,1739981384068961043,1739981384069455409
2735,1739981384069288650,1739981384070571160
2736,1739981384069687989,1739981384071046686
2737,1739981384070856572,1739981384071441994
2738,1739981384071283732,1739981384072595629
2739,1739981384071694683,1739981384073110933
2740,1739981384072917553,1739981384073685851
2741,1739981384073359465,1739981384074926376
2742,1739981384073943672,1739981384075445133
2743,1739981384075223543,1739981384075925941
2744,1739981384075719756,1739981384076715191
2745,1739981384076185681,1739981384077666161
2746,1739981384077027538,1739981384078096106
2747,1739981384077910836,1739981384079074868
2748,1739981384078384995,1739981384079660638
2749,1739981384079490040,1739981384080078184
2750,1739981384079876006,1739981384080953302
2751,1739981384080302770,1739981384081504946
2752,1739981384081134150,1739981384081826680
2753,1739981384081766429,1739981384082301466
2754,1739981384081984193,1739981384083175150
2755,1739981384082508462,1739981384083667480
2756,1739981384083526735,1739981384083998616
2757,1739981384083880730,1739981384085343524
2758,1739981384084219036,1739981384085846218
2759,1739981384085629424,1739981384086347220
2760,1739981384086075023,1739981384087471336
2761,1739981384086556810,1739981384087882044
2762,1739981384087768071,1739981384088271087
2763,1739981384088133445,1739981384089420200
2764,1739981384088525704,1739981384089972305
2765,1739981384089693221,1739981384090456704
2766,1739981384090207503,1739981384091451853
2767,1739981384090684558,1739981384091925953
2768,1739981384091775181,1739981384093226260
2769,1739981384092126400,1739981384093653544
2770,1739981384093439561,1739981384094060989
2771,1739981384093844911,1739981384094533705
2772,1739981384094231331,1739981384095398546
2773,1739981384094710629,1739981384095886819
2774,1739981384095740351,1739981384096402354
2775,1739981384096186610,1739981384097146041
2776,1739981384096681556,1739981384097827731
2777,1739981384097403487,1739981384098284304
2778,1739981384098091394,1739981384099324294
2779,1739981384098503352,1739981384099893529
2780,1739981384099672526,1739981384100490914
2781,1739981384100162548,1739981384101392825
2782,1739981384100711130,1739981384101982961
2783,1739981384101763554,1739981384102408259
2784,1739981384102203581,1739981384103531655
2785,1739981384102618029,1739981384103923785
2786,1739981384103782105,1739981384104426943
2787,1739981384104147559,1739981384105280706
2788,1739981384104612051,1739981384105815439
2789,1739981384105662148,1739981384106650527
2790,1739981384106025596,1739981384107446671
2791,1739981384106848811,1739981384107800808
2792,1739981384107679620,1739981384108111591
2793,1739981384107987357,1739981384108967445
2794,1739981384108353219,1739981384109449485
2795,1739981384109329673,1739981384109809707
2796,1739981384109724043,1739981384110695199
2797,1739981384109951422,1739981384111457582
2798,1739981384110912584,1739981384111946896
2799,1739981384111755395,1739981384113067674
2800,1739981384112184959,1739981384113478741
2801,1739981384113360800,1739981384113893107
2802,1739981384113704062,1739981384115140450
2803,1739981384114139206,1739981384115572079
2804,1739981384115442329,1739981384116015882
2805,1739981384115741336,1739981384116902359
2806,1739981384116280796,1739981384117766788
2807,1739981384117130991,1739981384118201774
2808,1739981384117983628,1739981384118592404
2809,1739981384118393231,1739981384119073297
2810,1739981384118791962,1739981384119667512
2811,1739981384119392295,1739981384120168729
2812,1739981384120027197,1739981384120660769
2813,1739981384120404376,1739981384121394886
2814,1739981384120918555,1739981384122095157
2815,1739981384121620031,1739981384122555949
2816,1739981384122349660,1739981384122961500
2817,1739981384122751905,1739981384123891035
2818,1739981384123160069,1739981384124509638
2819,1739981384124253092,1739981384125090509
2820,1739981384124813233,1739981384125783370
2821,1739981384125366231,1739981384126688132
2822,1739981384126067439,1739981384127248571
2823,1739981384126908758,1739981384128336372
2824,1739981384127436120,1739981384128838187
2825,1739981384128599354,1739981384129318816
2826,1739981384129089511,1739981384130556685
2827,1739981384129566180,1739981384131218278
2828,1739981384130787090,1739981384131772490
2829,1739981384131436732,1739981384133086539
2830,1739981384131965429,1739981384133604044
2831,1739981384133308643,1739981384134009042
2832,1739981384133813255,1739981384135363918
2833,1739981384134223681,1739981384135960203
2834,1739981384135634335,1739981384136889953
2835,1739981384136232385,1739981384137502229
2836,1739981384137062901,1739981384138379766
2837,1739981384137746132,1739981384139030538
2838,1739981384138661228,1739981384139356208
2839,1739981384139246179,1739981384140286845
2840,1739981384139529630,1739981384140799097
2841,1739981384140582292,1739981384141151305
2842,1739981384140967463,1739981384142009984
2843,1739981384141278933,1739981384142637588
2844,1739981384142392684,1739981384143015433
2845,1739981384142888502,1739981384144034274
2846,1739981384143165895,1739981384144504125
2847,1739981384144380299,1739981384144914525
2848,1739981384144695497,1739981384145715052
2849,1739981384145133824,1739981384146509803
2850,1739981384145904461,1739981384146948531
2851,1739981384146749636,1739981384147534427
2852,1739981384147199057,1739981384148425017
2853,1739981384147725792,1739981384149155598
2854,1739981384148623986,1739981384149650033
2855,1739981384149413276,1739981384150174809
2856,1739981384149866571,1739981384151066634
2857,1739981384150371741,1739981384151721835
2858,1739981384151212956,1739981384152127684
2859,1739981384151971332,1739981384152982535
2860,1739981384152335307,1739981384153462081
2861,1739981384153336671,1739981384153890935
2862,1739981384153712907,1739981384154398776
2863,1739981384154109957,1739981384154724289
2864,1739981384154597745,1739981384155980783
2865,1739981384155114593,1739981384156495570
2866,1739981384156272436,1739981384156928001
2867,1739981384156712157,1739981384157875383
2868,1739981384157124734,1739981384158442636
2869,1739981384158289320,1739981384158846281
2870,1739981384158715056,1739981384159999897
2871,1739981384159071538,1739981384160441044
2872,1739981384160268498,1739981384160942918
2873,1739981384160648383,1739981384161864974
2874,1739981384161192502,1739981384162477495
2875,1739981384162195175,1739981384163014262
2876,1739981384162699156,1739981384163822851
2877,1739981384163475100,1739981384164513316
2878,1739981384164208163,1739981384165020296
2879,1739981384164738774,1739981384166230928
2880,1739981384165247731,1739981384166728215
2881,1739981384166511022,1739981384167656558
2882,1739981384166972057,1739981384168183574
2883,1739981384168050849,1739981384168520869
2884,1739981384168391542,1739981384168997620
2885,1739981384168727665,1739981384169898581
2886,1739981384169296625,1739981384170316528
2887,1739981384170227786,1739981384170943291
2888,1739981384170508746,1739981384171828325
2889,1739981384171171603,1739981384172580733
2890,1739981384172061606,1739981384172993528
2891,1739981384172839739,1739981384173849325
2892,1739981384173188451,1739981384174496988
2893,1739981384174139551,1739981384174889174
2894,1739981384174715248,1739981384175911744
2895,1739981384175084240,1739981384176385166
2896,1739981384176113004,1739981384176725273
2897,1739981384176595128,1739981384177913919
2898,1739981384177311693,1739981384178350268
2899,1739981384178217041,1739981384178763408
2900,1739981384178546215,1739981384179668576
2901,1739981384178963104,1739981384180212036
2902,1739981384180025212,1739981384180642652
2903,1739981384180359700,1739981384181098089
2904,1739981384180865673,1739981384181979878
2905,1739981384181277544,1739981384182491368
2906,1739981384182307987,1739981384182922207
2907,1739981384182733789,1739981384183932869
2908,1739981384183137569,1739981384184511105
2909,1739981384184274113,1739981384184968641
2910,1739981384184743837,1739981384186100461
2911,1739981384185157763,1739981384186519264
2912,1739981384186361899,1739981384186922493
2913,1739981384186715810,1739981384187705187
2914,1739981384187137831,1739981384188484355
2915,1739981384187931824,1739981384189052624
2916,1739981384188690338,1739981384190064964
2917,1739981384189203665,1739981384190498819
2918,1739981384190381507,1739981384191050853
2919,1739981384190735788,1739981384191951616
2920,1739981384191235319,1739981384192503716
2921,1739981384192296759,1739981384192962477
2922,1739981384192725962,1739981384193789035
2923,1739981384193178714,1739981384194446034
2924,1739981384194167216,1739981384194977594
2925,1739981384194671244,1739981384195300341
2926,1739981384195181458,1739981384196189472
2927,1739981384195495844,1739981384196796422
2928,1739981384196470526,1739981384197137089
2929,1739981384197027772,1739981384198303092
2930,1739981384197326691,1739981384198679008
2931,1739981384198582409,1739981384199270304
2932,1739981384198858688,1739981384200159209
2933,1739981384199516094,1739981384200645047
2934,1739981384200431929,1739981384201110695
2935,1739981384200825657,1739981384201444200
2936,1739981384201289317,1739981384202443070
2937,1739981384201863672,1739981384202974833
2938,1739981384202680503,1739981384203464371
2939,1739981384203193753,1739981384204677362
2940,1739981384203664508,1739981384205094497
2941,1739981384204939022,1739981384205504489
2942,1739981384205324566,1739981384206449418
2943,1739981384205727067,1739981384207093568
2944,1739981384206762765,1739981384208021856
2945,1739981384207286034,1739981384208604669
2946,1739981384208314589,1739981384208957076
2947,1739981384208784175,1739981384209790823
2948,1739981384209447672,1739981384210451674
2949,1739981384210112511,1739981384210852914
2950,1739981384210724226,1739981384211639010
2951,1739981384211080500,1739981384212230616
2952,1739981384211989583,1739981384212647105
2953,1739981384212452789,1739981384213592260
2954,1739981384212860302,1739981384214206990
2955,1739981384214000224,1739981384214639476
2956,1739981384214472622,1739981384215524272
2957,1739981384214884169,1739981384216026673
2958,1739981384215889396,1739981384216856451
2959,1739981384216266799,1739981384217470784
2960,1739981384217196002,1739981384218055751
2961,1739981384217730718,1739981384219242095
2962,1739981384218199717,1739981384219829515
2963,1739981384219528787,1739981384220310532
2964,1739981384220076754,1739981384221572512
2965,1739981384220551018,1739981384222092685
2966,1739981384221839772,1739981384222678688
2967,1739981384222335281,1739981384223651883
2968,1739981384223121570,1739981384224079120
2969,1739981384223919892,1739981384224488258
2970,1739981384224202956,1739981384225244297
2971,1739981384224710612,1739981384225932944
2972,1739981384225448356,1739981384226283973
2973,1739981384226178500,1739981384227072338
2974,1739981384226432618,1739981384227705405
2975,1739981384227242405,1739981384228240626
2976,1739981384227860304,1739981384228619223
2977,1739981384228507348,1739981384229555325
2978,1739981384228830714,1739981384230108181
2979,1739981384229897527,1739981384230665797
2980,1739981384230332860,1739981384232071188
2981,1739981384230854071,1739981384232471305
2982,1739981384232311043,1739981384232968384
2983,1739981384232685613,1739981384233892431
2984,1739981384233173844,1739981384234582347
2985,1739981384234177173,1739981384235078829
2986,1739981384234809881,1739981384236305322
2987,1739981384235279412,1739981384236853863
2988,1739981384236590750,1739981384237264876
2989,1739981384237158324,1739981384238169796
2990,1739981384237466856,1739981384238850368
2991,1739981384238570604,1739981384239222800
2992,1739981384239075945,1739981384239919859
2993,1739981384239445138,1739981384240667160
2994,1739981384240168147,1739981384241089534
2995,1739981384240904464,1739981384241494024
2996,1739981384241298959,1739981384241872263
2997,1739981384241670311,1739981384242697668
2998,1739981384242066057,1739981384243347007
2999,1739981384242915118,1739981384243772770
3000,1739981384243650003,1739981384245165676
3001,1739981384243897782,1739981384245836207
3002,1739981384245441731,1739981384246284045
3003,1739981384246064712,1739981384247390951
3004,1739981384246501331,1739981384247809783
3005,1739981384247627948,1739981384248319347
3006,1739981384248029600,1739981384249232543
3007,1739981384248549509,1739981384249757081
3008,1739981384249556371,1739981384250923182
3009,1739981384249999848,1739981384251398997
3010,1739981384251221132,1739981384251999826
3011,1739981384251618149,1739981384252896501
3012,1739981384252225936,1739981384253261083
3013,1739981384253181040,1739981384253661226
3014,1739981384253409245,1739981384254902340
3015,1739981384253864092,1739981384255309893
3016,1739981384255195018,1739981384255581243
3017,1739981384255447990,1739981384256360896
3018,1739981384255787044,1739981384257276841
3019,1739981384256627820,1739981384257746732
3020,1739981384257477640,1739981384258276002
3021,1739981384257949526,1739981384259374002
3022,1739981384258505830,1739981384259769960
3023,1739981384259600304,1739981384260136397
3024,1739981384260034387,1739981384260927744
3025,1739981384260342442,1739981384261571868
3026,1739981384261230132,1739981384261925500
3027,1739981384261808904,1739981384262917956
3028,1739981384262406509,1739981384263405075
3029,1739981384263182416,1739981384264010998
3030,1739981384263628263,1739981384264987636
3031,1739981384264344237,1739981384265425695
3032,1739981384265269275,1739981384266421314
3033,1739981384265791741,1739981384266797111
3034,1739981384266672495,1739981384267236602
3035,1739981384266925005,1739981384267893044
3036,1739981384267436405,1739981384268633897
3037,1739981384268219310,1739981384269057912
3038,1739981384268841593,1739981384269554462
3039,1739981384269231480,1739981384270333921
3040,1739981384269789921,1739981384271070961
3041,1739981384270607422,1739981384271488368
3042,1739981384271310444,1739981384272408598
3043,1739981384271724968,1739981384272927202
3044,1739981384272783705,1739981384274042356
3045,1739981384273045272,1739981384274649194
3046,1739981384274206047,1739981384275110397
3047,1739981384274890517,1739981384276318188
3048,1739981384275360381,1739981384276939849
3049,1739981384276583128,1739981384277401322
3050,1739981384277139773,1739981384278384989
3051,1739981384277579033,1739981384279060261
3052,1739981384278700638,1739981384279979050
3053,1739981384279260404,1739981384280551043
3054,1739981384280331633,1739981384281475043
3055,1739981384280769162,1739981384281917319
3056,1739981384281804771,1739981384282269753
3057,1739981384282159857,1739981384282765837
3058,1739981384282384404,1739981384283374168
3059,1739981384283058180,1739981384284126477
3060,1739981384283609421,1739981384284556365
3061,1739981384284374112,1739981384285139171
3062,1739981384284759803,1739981384285519168
3063,1739981384285311922,1739981384286401593
3064,1739981384285699368,1739981384286948748
3065,1739981384286716766,1739981384287533302
3066,1739981384287185733,1739981384288478189
3067,1739981384287797151,1739981384288947750
3068,1739981384288790867,1739981384289355440
3069,1739981384289212156,1739981384290508317
3070,1739981384289578094,1739981384291071033
3071,1739981384290809528,1739981384291456666
3072,1739981384291276435,1739981384292433845
3073,1739981384291652228,1739981384293075812
3074,1739981384292735971,1739981384293899109
3075,1739981384293279760,1739981384294685916
3076,1739981384294051483,1739981384295098250
3077,1739981384294946364,1739981384295459835
3078,1739981384295319502,1739981384296279232
3079,1739981384295675180,1739981384296983591
3080,1739981384296517442,1739981384297399727
3081,1739981384297210483,1739981384298198883
3082,1739981384297588235,1739981384299171235
3083,1739981384298738277,1739981384299682596
3084,1739981384299391470,1739981384300856154
3085,1739981384299905580,1739981384301258548
3086,1739981384301095075,1739981384301615017
3087,1739981384301448413,1739981384302488066
3088,1739981384301814564,1739981384302983618
3089,1739981384302835988,1739981384303493496
3090,1739981384303166160,1739981384304648353
3091,1739981384303756291,1739981384305046508
3092,1739981384304926086,1739981384305403788
3093,1739981384305226871,1739981384306548012
3094,1739981384305620628,1739981384307087006
3095,1739981384306786737,1739981384307529760
3096,1739981384307309849,1739981384308312895
3097,1739981384307729710,1739981384308979269
3098,1739981384308497761,1739981384309363318
3099,1739981384309237022,1739981384309869845
3100,1739981384309606632,1739981384310183870
3101,1739981384310070031,1739981384310977773
3102,1739981384310404453,1739981384311501164
3103,1739981384311380579,1739981384311971713
3104,1739981384311745243,1739981384312483872
3105,1739981384312172401,1739981384313385759
3106,1739981384312703751,1739981384313818386
3107,1739981384313641870,1739981384314380994
3108,1739981384314024855,1739981384314771869
3109,1739981384314613457,1739981384315885431
3110,1739981384314977432,1739981384316302462
3111,1739981384316158030,1739981384316770215
3112,1739981384316545848,1739981384317484073
3113,1739981384316986390,1739981384318183042
3114,1739981384317766719,1739981384318697043
3115,1739981384318437497,1739981384319837971
3116,1739981384318936195,1739981384320283689
3117,1739981384320085669,1739981384320686053
3118,1739981384320481475,1739981384321496667
3119,1739981384320902843,1739981384321947652
3120,1739981384321852599,1739981384322516629
3121,1739981384322171082,1739981384323643293
3122,1739981384322735458,1739981384324017610
3123,1739981384323895163,1739981384324630273
3124,1739981384324149012,1739981384325431476
3125,1739981384324841494,1739981384325978003
3126,1739981384325598886,1739981384326500942
3127,1739981384326296049,1739981384326935420
3128,1739981384326684856,1739981384327835190
3129,1739981384327146154,1739981384328478411
3130,1739981384328167649,1739981384328882066
3131,1739981384328714379,1739981384329959087
3132,1739981384329092203,1739981384330385371
3133,1739981384330168999,1739981384330845301
3134,1739981384330609723,1739981384331893862
3135,1739981384331072506,1739981384332308108
3136,1739981384332129852,1739981384332765331
3137,1739981384332520818,1739981384333871487
3138,1739981384333017743,1739981384334417684
3139,1739981384334119692,1739981384334836665
3140,1739981384334636017,1739981384335637686
3141,1739981384335123449,1739981384336224947
3142,1739981384336043599,1739981384336745068
3143,1739981384336426825,1739981384337601112
3144,1739981384336994334,1739981384338093469
3145,1739981384337956423,1739981384338614219
3146,1739981384338314205,1739981384339494099
3147,1739981384338830032,1739981384340037936
3148,1739981384339838075,1739981384340438102
3149,1739981384340228264,1739981384341562948
3150,1739981384340681001,1739981384341979636
3151,1739981384341850393,1739981384342430967
3152,1739981384342212563,1739981384343530643
3153,1739981384342629287,1739981384343948171
3154,1739981384343791763,1739981384344412730
3155,1739981384344190063,1739981384344904353
3156,1739981384344607543,1739981384345725630
3157,1739981384345256575,1739981384346280575
3158,1739981384346101529,1739981384346761426
3159,1739981384346467157,1739981384347728517
3160,1739981384347012174,1739981384348208322
3161,1739981384348086098,1739981384348594938
3162,1739981384348417649,1739981384349430720
3163,1739981384348805219,1739981384349916783
3164,1739981384349761696,1739981384350361988
3165,1739981384350126543,1739981384351128721
3166,1739981384350559656,1739981384351642025
3167,1739981384351278768,1739981384352255928
3168,1739981384351901778,1739981384352607100
3169,1739981384352475919,1739981384353659769
3170,1739981384352800795,1739981384354137438
3171,1739981384353928644,1739981384354624111
3172,1739981384354362765,1739981384355032135
3173,1739981384354826203,1739981384356109791
3174,1739981384355382507,1739981384356640425
3175,1739981384356395312,1739981384357233916
3176,1739981384356865238,1739981384358169578
3177,1739981384357455058,1739981384358672666
3178,1739981384358501004,1739981384359096591
3179,1739981384358916188,1739981384360214278
3180,1739981384359391279,1739981384360675298
3181,1739981384360445898,1739981384361014730
3182,1739981384360869672,1739981384361796006
3183,1739981384361217245,1739981384362442623
3184,1739981384362035823,1739981384362888016
3185,1739981384362671371,1739981384363240304
3186,1739981384363131803,1739981384363704634
3187,1739981384363458159,1739981384364780754
3188,1739981384364068156,1739981384365156187
3189,1739981384365046180,1739981384365509946
3190,1739981384365344190,1739981384366396535
3191,1739981384365705213,1739981384367087355
3192,1739981384366739362,1739981384367611288
3193,1739981384367313327,1739981384368351343
3194,1739981384367953720,1739981384368738297
3195,1739981384368604143,1739981384369193886
3196,1739981384368968967,1739981384370184526
3197,1739981384369392283,1739981384370696055
3198,1739981384370536083,1739981384371563364
3199,1739981384370914035,1739981384372165678
3200,1739981384371887430,1739981384372799824
3201,1739981384372374744,1739981384373437658
3202,1739981384373129176,1739981384374053149
3203,1739981384373797821,1739981384374444482
3204,1739981384374307211,1739981384374836854
3205,1739981384374658499,1739981384375989351
3206,1739981384375045518,1739981384376334803
3207,1739981384376248812,1739981384376698725
3208,1739981384376483888,1739981384377678505
3209,1739981384376948252,1739981384378228544
3210,1739981384378028766,1739981384378729988
3211,1739981384378490236,1739981384379656851
3212,1739981384378940947,1739981384380150456
3213,1739981384379895799,1739981384380576672
3214,1739981384380345724,1739981384381654837
3215,1739981384381077469,1739981384382090371
3216,1739981384381890177,1739981384382498178
3217,1739981384382294998,1739981384383251880
3218,1739981384382696781,1739981384384047113
3219,1739981384383449066,1739981384384630015
3220,1739981384384237783,1739981384385512405
3221,1739981384384831990,1739981384386088540
3222,1739981384385829144,1739981384386549617
3223,1739981384386315325,1739981384387412346
3224,1739981384386768134,1739981384387902472
3225,1739981384387726730,1739981384388909937
3226,1739981384388095073,1739981384389462837
3227,1739981384389274336,1739981384389851698
3228,1739981384389663376,1739981384390999171
3229,1739981384390042283,1739981384391401993
3230,1739981384391236001,1739981384391761970
3231,1739981384391667695,1739981384392469388
3232,1739981384391970010,1739981384393348151
3233,1739981384392724213,1739981384393740528
3234,1739981384393635241,1739981384394224010
3235,1739981384393968976,1739981384394645817
3236,1739981384394450909,1739981384395492425
3237,1739981384394854783,1739981384395941224
3238,1739981384395750146,1739981384396402337
3239,1739981384396246177,1739981384396880011
3240,1739981384396666583,1739981384397272602
3241,1739981384397123101,1739981384398153243
3242,1739981384397488072,1739981384399035742
3243,1739981384398357058,1739981384399460027
3244,1739981384399225142,1739981384399856604
3245,1739981384399673007,1739981384400633414
3246,1739981384400067458,1739981384401297903
3247,1739981384400810636,1739981384401719585
3248,1739981384401558881,1739981384402115334
3249,1739981384401943206,1739981384402465955
3250,1739981384402312524,1739981384403246330
3251,1739981384402652415,1739981384403963828
3252,1739981384403409203,1739981384404562015
3253,1739981384404282102,1739981384405022965
3254,1739981384404789149,1739981384405437765
3255,1739981384405212020,1739981384406264078
3256,1739981384405649423,1739981384406746986
3257,1739981384406559183,1739981384407149514
3258,1739981384406956794,1739981384407939209
3259,1739981384407328483,1739981384408752877
3260,1739981384408095407,1739981384409248239
3261,1739981384408954753,1739981384410154223
3262,1739981384409432209,1739981384410585691
3263,1739981384410385672,1739981384411451690
3264,1739981384410783427,1739981384412045288
3265,1739981384411815639,1739981384412495571
3266,1739981384412233897,1739981384413608966
3267,1739981384412704529,1739981384414021184
3268,1739981384413890370,1739981384414445892
3269,1739981384414228917,1739981384414942518
3270,1739981384414638614,1739981384415824144
3271,1739981384415137322,1739981384416295218
3272,1739981384416166152,1739981384416792461
3273,1739981384416512416,1739981384417666537
3274,1739981384417024362,1739981384418277147
3275,1739981384418045133,1739981384418667054
3276,1739981384418514942,1739981384419614795
3277,1739981384418909376,1739981384420164284
3278,1739981384419971939,1739981384420560188
3279,1739981384420396283,1739981384421379902
3280,1739981384420785080,1739981384421911689
3281,1739981384421707964,1739981384422373764
3282,1739981384422145672,1739981384423293284
3283,1739981384422633995,1739981384423793781
3284,1739981384423631572,1739981384424439453
3285,1739981384424041049,1739981384424837082
3286,1739981384424684082,1739981384425908786
3287,1739981384425017744,1739981384426342263
3288,1739981384426168168,1739981384426658210
3289,1739981384426529847,1739981384427495849
3290,1739981384426883642,1739981384428069164
3291,1739981384427844271,1739981384428470723
3292,1739981384428304528,1739981384429271618
3293,1739981384428700931,1739981384430076012
3294,1739981384429444411,1739981384430502758
3295,1739981384430336174,1739981384430943097
3296,1739981384430774407,1739981384431803587
3297,1739981384431193027,1739981384432423247
3298,1739981384432205684,1739981384432803831
3299,1739981384432632706,1739981384433592365
3300,1739981384433006870,1739981384434390848
3301,1739981384433792876,1739981384434909423
3302,1739981384434623867,1739981384435493941
3303,1739981384435136782,1739981384436379155
3304,1739981384435707031,1739981384436979283
3305,1739981384436683053,1739981384437405436
3306,1739981384437188573,1739981384438511066
3307,1739981384437730226,1739981384439082909
3308,1739981384438756379,1739981384439457132
3309,1739981384439302302,1739981384440397238
3310,1739981384439636622,1739981384440891702
3311,1739981384440704208,1739981384441239339
3312,1739981384441111809,1739981384441724230
3313,1739981384441451933,1739981384442725940
3314,1739981384442127233,1739981384443099281
3315,1739981384443028085,1739981384443491389
3316,1739981384443309425,1739981384444453387
3317,1739981384443743641,1739981384445107940
3318,1739981384444662446,1739981384445498796
3319,1739981384445337411,1739981384446456433
3320,1739981384445721700,1739981384446985525
3321,1739981384446836401,1739981384447385027
3322,1739981384447244488,1739981384448201881
3323,1739981384447619858,1739981384448774883
3324,1739981384448597144,1739981384449311993
3325,1739981384448985494,1739981384450377130
3326,1739981384449500695,1739981384450832730
3327,1739981384450594128,1739981384451378742
3328,1739981384451060934,1739981384452309304
3329,1739981384451618085,1739981384452814970
3330,1739981384452638964,1739981384453179988
3331,1739981384453041719,1739981384454288788
3332,1739981384453378755,1739981384454651307
3333,1739981384454553928,1739981384455266240
3334,1739981384454861165,1739981384455967253
3335,1739981384455461235,1739981384456698024
3336,1739981384456164966,1739981384457214864
3337,1739981384456924692,1739981384457566127
3338,1739981384457407887,1739981384458719491
3339,1739981384457742996,1739981384459150758
3340,1739981384458892830,1739981384459580973
3341,1739981384459360957,1739981384460424467
3342,1739981384459798506,1739981384460897249
3343,1739981384460785870,1739981384461386948
3344,1739981384461062129,1739981384462246857
3345,1739981384461589145,1739981384462789243
3346,1739981384462561347,1739981384463623344
3347,1739981384463010929,1739981384464499639
3348,1739981384464182991,1739981384465108154
3349,1739981384464759030,1739981384465877740
3350,1739981384465395835,1739981384466229825
3351,1739981384466087671,1739981384466539990
3352,1739981384466454739,1739981384467559864
3353,1739981384466722775,1739981384467952738
3354,1739981384467807957,1739981384468341110
3355,1739981384468198164,1739981384469378155
3356,1739981384468599101,1739981384469844094
3357,1739981384469650870,1739981384470326440
3358,1739981384470067004,1739981384471269240
3359,1739981384470585246,1739981384472004394
3360,1739981384471460528,1739981384472380370
3361,1739981384472229595,1739981384472810772
3362,1739981384472574639,1739981384473282712
3363,1739981384472984996,1739981384474136728
3364,1739981384473471756,1739981384474888139
3365,1739981384474356489,1739981384475272802
3366,1739981384475127136,1739981384475728246
3367,1739981384475484244,1739981384476526672
3368,1739981384475940012,1739981384477099786
3369,1739981384476774948,1739981384477654354
3370,1739981384477485683,1739981384477988504
3371,1739981384477864861,1739981384478713398
3372,1739981384478199921,1739981384479495981
3373,1739981384479002488,1739981384479916487
3374,1739981384479736100,1739981384480224927
3375,1739981384480129332,1739981384480849281
3376,1739981384480463444,1739981384481668786
3377,1739981384481093728,1739981384482055108
3378,1739981384481906323,1739981384482384971
3379,1739981384482253933,1739981384483377070
3380,1739981384482720956,1739981384483826061
3381,1739981384483626240,1739981384484395062
3382,1739981384484055998,1739981384484792620
3383,1739981384484587355,1739981384485500644
3384,1739981384485050417,1739981384486442570
3385,1739981384485691582,1739981384487088970
3386,1739981384486688376,1739981384487505385
3387,1739981384487294325,1739981384488326448
3388,1739981384487700323,1739981384489180279
3389,1739981384488471302,1739981384489670288
3390,1739981384489385737,1739981384490105317
3391,1739981384489853601,1739981384490727419
3392,1739981384490299913,1739981384491414629
3393,1739981384490940772,1739981384491817367
3394,1739981384491655955,1739981384492310408
3395,1739981384492023483,1739981384493041803
3396,1739981384492516437,1739981384493744143
3397,1739981384493292223,1739981384494147225
3398,1739981384493977582,1739981384494608396
3399,1739981384494346915,1739981384495471601
3400,1739981384494833609,1739981384496099012
3401,1739981384495837550,1739981384496501653
3402,1739981384496312514,1739981384497669670
3403,1739981384496723441,1739981384498035798
3404,1739981384497928151,1739981384498461898
3405,1739981384498196612,1739981384499370219
3406,1739981384498694643,1739981384499917096
3407,1739981384499710824,1739981384500419297
3408,1739981384500129225,1739981384501681042
3409,1739981384500635191,1739981384502218684
3410,1739981384501929210,1739981384502743961
3411,1739981384502438738,1739981384503816962
3412,1739981384503041633,1739981384504408961
3413,1739981384504107487,1739981384504968236
3414,1739981384504607110,1739981384505777050
3415,1739981384505155135,1739981384506770462
3416,1739981384505999940,1739981384507197513
3417,1739981384506966744,1739981384507520079
3418,1739981384507399655,1739981384508100348
3419,1739981384507731496,1739981384508887839
3420,1739981384508328769,1739981384509283101
3421,1739981384509171219,1739981384509668306
3422,1739981384509526220,1739981384510551846
3423,1739981384509910846,1739981384511179993
3424,1739981384510857208,1739981384511610730
3425,1739981384511429894,1739981384512707604
3426,1739981384511964262,1739981384513101230
3427,1739981384512980380,1739981384513517037
3428,1739981384513321317,1739981384514467716
3429,1739981384513738440,1739981384515247684
3430,1739981384514646894,1739981384515735854
3431,1739981384515449201,1739981384516194060
3432,1739981384515948367,1739981384516925588
3433,1739981384516400113,1739981384517755703
3434,1739981384517143795,1739981384518176759
3435,1739981384517984042,1739981384519021573
3436,1739981384518390475,1739981384519594802
3437,1739981384519421701,1739981384519943077
3438,1739981384519854541,1739981384520774717
3439,1739981384520173099,1739981384521382914
3440,1739981384521069404,1739981384521738899
3441,1739981384521605863,1739981384522608920
3442,1739981384521956019,1739981384523233904
3443,1739981384522889241,1739981384523611393
3444,1739981384523482002,1739981384524561345
3445,1739981384523848556,1739981384525088736
3446,1739981384524764967,1739981384525486909
3447,1739981384525371160,1739981384525851255
3448,1739981384525617106,1739981384526203087
3449,1739981384526063408,1739981384527251580
3450,1739981384526409765,1739981384527739310
3451,1739981384527483967,1739981384528092670
3452,1739981384527942445,1739981384528972650
3453,1739981384528280130,1739981384529607818
3454,1739981384529316825,1739981384530027041
3455,1739981384529798771,1739981384531138776
3456,1739981384530208596,1739981384531503898
3457,1739981384531376704,1739981384531913688
3458,1739981384531789093,1739981384532286824
3459,1739981384532184190,1739981384533118979
3460,1739981384532509095,1739981384533604979
3461,1739981384533456739,1739981384534025306
3462,1739981384533822260,1739981384534461371
3463,1739981384534288565,1739981384535356301
3464,1739981384534659576,1739981384535871108
3465,1739981384535733634,1739981384536333557
3466,1739981384536063943,1739981384537361938
3467,1739981384536542318,1739981384537826137
3468,1739981384537635584,1739981384538196730
3469,1739981384538064154,1739981384539024419
3470,1739981384538422643,1739981384539598460
3471,1739981384539403515,1739981384540082817
3472,1739981384539832432,1739981384541380161
3473,1739981384540291436,1739981384541799220
3474,1739981384541657546,1739981384542178417
3475,1739981384542022831,1739981384543280460
3476,1739981384542491250,1739981384543743918
3477,1739981384543540611,1739981384544108070
3478,1739981384543961807,1739981384544502480
3479,1739981384544280879,1739981384545261050
3480,1739981384544958784,1739981384545733536
3481,1739981384545615226,1739981384546154659
3482,1739981384545978008,1739981384547022088
3483,1739981384546365711,1739981384547475747
3484,1739981384547361296,1739981384547956080
3485,1739981384547670956,1739981384548743099
3486,1739981384548170463,1739981384549279777
3487,1739981384549094151,1739981384549697095
3488,1739981384549492151,1739981384550415847
3489,1739981384549886993,1739981384551054740
3490,1739981384550650358,1739981384551407356
3491,1739981384551229099,1739981384551855254
3492,1739981384551624307,1739981384552453723
3493,1739981384552042391,1739981384553366388
3494,1739981384552694312,1739981384553828000
3495,1739981384553614909,1739981384554273093
3496,1739981384554041856,1739981384554902569
3497,1739981384554473707,1739981384555679533
3498,1739981384555047206,1739981384556017528
3499,1739981384555930337,1739981384556335625
3500,1739981384556203494,1739981384556735264
3501,1739981384556561627,1739981384557487540
3502,1739981384556916918,1739981384557931233
3503,1739981384557664936,1739981384558557845
3504,1739981384558221251,1739981384558948010
3505,1739981384558779831,1739981384559857512
3506,1739981384559167094,1739981384560453080
3507,1739981384560174568,1739981384560780333
3508,1739981384560657837,1739981384561878056
3509,1739981384560954212,1739981384562278784
3510,1739981384562127706,1739981384562665173
3511,1739981384562503594,1739981384563558609
3512,1739981384562874512,1739981384564225463
3513,1739981384563969690,1739981384564669560
3514,1739981384564512419,1739981384565574396
3515,1739981384564858520,1739981384566227074
3516,1739981384565758460,1739981384566966747
3517,1739981384566344419,1739981384567665109
3518,1739981384567135230,1739981384568061334
3519,1739981384567913201,1739981384568358603
3520,1739981384568196274,1739981384568709864
3521,1739981384568561281,1739981384569544579
3522,1739981384568919600,1739981384570050474
3523,1739981384569917989,1739981384570482140
3524,1739981384570184698,1739981384571679073
3525,1739981384570688368,1739981384572032084
3526,1739981384571940727,1739981384572439529
3527,1739981384572216173,1739981384573137551
3528,1739981384572668697,1739981384573874585
3529,1739981384573400886,1739981384574410313
3530,1739981384574144964,1739981384575016668
3531,1739981384574649754,1739981384575722445
3532,1739981384575356211,1739981384576168445
3533,1739981384575981390,1739981384576660902
3534,1739981384576428494,1739981384577855757
3535,1739981384576886865,1739981384578424181
3536,1739981384578132639,1739981384578934899
3537,1739981384578664807,1739981384579821600
3538,1739981384579209420,1739981384580347505
3539,1739981384580053100,1739981384580826109
3540,1739981384580553086,1739981384581890576
3541,1739981384581313676,1739981384582340348
3542,1739981384582168885,1739981384582695274
3543,1739981384582575649,1739981384583384826
3544,1739981384582923412,1739981384584097598
3545,1739981384583631976,1739981384584477169
3546,1739981384584350629,1739981384584820105
3547,1739981384584666245,1739981384585318663
3548,1739981384585031305,1739981384586262875
3549,1739981384585481580,1739981384586650841
3550,1739981384586575353,1739981384587113676
3551,1739981384586834922,1739981384587971974
3552,1739981384587351583,1739981384588595967
3553,1739981384588283008,1739981384589005553
3554,1739981384588841249,1739981384589741074
3555,1739981384589307732,1739981384590230590
3556,1739981384590035579,1739981384590714540
3557,1739981384590416403,1739981384591554360
3558,1739981384590947701,1739981384592160506
3559,1739981384591917808,1739981384592698997
3560,1739981384592377536,1739981384593469943
3561,1739981384592875627,1739981384594388828
3562,1739981384593694294,1739981384594805567
3563,1739981384594634290,1739981384595132423
3564,1739981384595016587,1739981384595784387
3565,1739981384595339880,1739981384596455037
3566,1739981384596049137,1739981384596839767
3567,1739981384596677949,1739981384597214184
3568,1739981384597024604,1739981384598100023
3569,1739981384597392296,1739981384598651674
3570,1739981384598404008,1739981384599044127
3571,1739981384598894815,1739981384599888353
3572,1739981384599260680,1739981384600482761
3573,1739981384600222956,1739981384600969014
3574,1739981384600690161,1739981384601790969
3575,1739981384601161273,1739981384602330719
3576,1739981384602167367,1739981384602705662
3577,1739981384602594489,1739981384603580653
3578,1739981384602865191,1739981384604078239
3579,1739981384603919009,1739981384604651752
3580,1739981384604363555,1739981384605828009
3581,1739981384604862215,1739981384606346182
3582,1739981384606094692,1739981384606767292
3583,1739981384606586691,1739981384607656292
3584,1739981384606971770,1739981384608129018
3585,1739981384608002409,1739981384608481335
3586,1739981384608261876,1739981384608924087
3587,1739981384608705126,1739981384609936283
3588,1739981384609113560,1739981384610321810
3589,1739981384610218520,1739981384610832222
3590,1739981384610474560,1739981384611180795
3591,1739981384611042774,1739981384611970034
3592,1739981384611679260,1739981384612503612
3593,1739981384612250304,1739981384612954682
3594,1739981384612728820,1739981384613872336
3595,1739981384613169632,1739981384614400811
3596,1739981384614221801,1739981384614855641
3597,1739981384614664003,1739981384615597580
3598,1739981384615044866,1739981384616319460
3599,1739981384615789069,1739981384616856078
3600,1739981384616559058,1739981384617347932
3601,1739981384617075888,1739981384618506206
3602,1739981384617597764,1739981384618950137
3603,1739981384618808537,1739981384619458519
3604,1739981384619149512,1739981384620278832
3605,1739981384619707607,1739981384621009038
3606,1739981384620542583,1739981384621396578
3607,1739981384621248617,1739981384621797834
3608,1739981384621627183,1739981384622195864
3609,1739981384621991851,1739981384623207046
3610,1739981384622377076,1739981384623655296
3611,1739981384623414061,1739981384624197553
3612,1739981384623862448,1739981384624569650
3613,1739981384624397180,1739981384625449524
3614,1739981384624760539,1739981384625937761
3615,1739981384625704591,1739981384626344506
3616,1739981384626144480,1739981384627267049
3617,1739981384626556880,1739981384627803837
3618,1739981384627627384,1739981384628552777
3619,1739981384628132018,1739981384629292857
3620,1739981384628758654,1739981384629694497
3621,1739981384629507984,1739981384630082575
3622,1739981384629876186,1739981384630890578
3623,1739981384630198685,1739981384631351733
3624,1739981384631201362,1739981384631672712
3625,1739981384631536863,1739981384632179070
3626,1739981384631872334,1739981384632922702
3627,1739981384632396914,1739981384633288606
3628,1739981384633179912,1739981384633686367
3629,1739981384633503190,1739981384634814196
3630,1739981384633885388,1739981384635282516
3631,1739981384635094515,1739981384635783591
3632,1739981384635488413,1739981384636745975
3633,1739981384636005311,1739981384637292790
3634,1739981384637058753,1739981384638227336
3635,1739981384637516222,1739981384638625998
3636,1739981384638525454,1739981384639162659
3637,1739981384638850519,1739981384640253723
3638,1739981384639402204,1739981384640642511
3639,1739981384640510981,1739981384641053808
3640,1739981384640840717,1739981384641848850
3641,1739981384641240441,1739981384642398584
3642,1739981384642174515,1739981384642790782
3643,1739981384642607584,1739981384643602574
3644,1739981384642977267,1739981384644075361
3645,1739981384643888303,1739981384644483368
3646,1739981384644194801,1739981384644879376
3647,1739981384644680409,1739981384645580062
3648,1739981384645075462,1739981384646359212
3649,1739981384645772334,1739981384646718538
3650,1739981384646617705,1739981384647154516
3651,1739981384646855201,1739981384647957425
3652,1739981384647354182,1739981384648431307
3653,1739981384648259984,1739981384648868881
3654,1739981384648684211,1739981384649896006
3655,1739981384649060910,1739981384650261492
3656,1739981384650127722,1739981384650726465
3657,1739981384650448662,1739981384651465150
3658,1739981384650913959,1739981384652163468
3659,1739981384651620410,1739981384652618506
3660,1739981384652369058,1739981384652993406
3661,1739981384652815512,1739981384653798668
3662,1739981384653186998,1739981384654585424
3663,1739981384653960100,1739981384654914253
3664,1739981384654804233,1739981384655259444
3665,1739981384655109663,1739981384655651933
3666,1739981384655459706,1739981384656368438
3667,1739981384655822285,1739981384656833713
3668,1739981384656723215,1739981384657207538
3669,1739981384657391770,1739981384658649490
3670,1739981384657667354,1739981384659077020
3671,1739981384658938437,1739981384659491581
3672,1739981384659304555,1739981384660355882
3673,1739981384659764808,1739981384660865724
3674,1739981384660769164,1739981384661189847
3675,1739981384661007052,1739981384662068032
3676,1739981384661411594,1739981384662698331
3677,1739981384662238603,1739981384663110094
3678,1739981384662834501,1739981384663482095
3679,1739981384663286086,1739981384664797529
3680,1739981384663655501,1739981384665245844
3681,1739981384665078747,1739981384665633505
3682,1739981384665507944,1739981384666459238
3683,1739981384665842217,1739981384666890589
3684,1739981384666751154,1739981384667223460
3685,1739981384667163625,1739981384667666265
3686,1739981384667363505,1739981384668513564
3687,1739981384667926100,1739981384668868165
3688,1739981384668734762,1739981384669218604
3689,1739981384669054911,1739981384669978287
3690,1739981384669440984,1739981384670623015
3691,1739981384670137268,1739981384671100678
3692,1739981384670906317,1739981384671468662
3693,1739981384671354160,1739981384672340387
3694,1739981384671691321,1739981384672817295
3695,1739981384672669125,1739981384673218771
3696,1739981384673071675,1739981384674071892
3697,1739981384673415857,1739981384674721310
3698,1739981384674466558,1739981384675094867
3699,1739981384674960855,1739981384675903161
3700,1739981384675509844,1739981384676494650
3701,1739981384676282445,1739981384677347328
3702,1739981384676705683,1739981384677864760
3703,1739981384677652589,1739981384678537566
3704,1739981384678133207,1739981384679239940
3705,1739981384678880790,1739981384679610275
3706,1739981384679501478,1739981384680064988
3707,1739981384679804615,1739981384680939425
3708,1739981384680205860,1739981384681337942
3709,1739981384681206999,1739981384681692123
3710,1739981384681575134,1739981384682845544
3711,1739981384681875061,1739981384683246484
3712,1739981384683101992,1739981384683681459
3713,1739981384683451637,1739981384684567011
3714,1739981384683897820,1739981384685345766
3715,1739981384684789947,1739981384685702921
3716,1739981384685591800,1739981384686473515
3717,1739981384685940912,1739981384687362420
3718,1739981384686635120,1739981384687901031
3719,1739981384687597589,1739981384688685042
3720,1739981384688092201,1739981384689346611
3721,1739981384688910513,1739981384690560097
3722,1739981384689551613,1739981384690957764
3723,1739981384690816126,1739981384691358305
3724,1739981384691191982,1739981384692280951
3725,1739981384691563705,1739981384692817502
3726,1739981384692485886,1739981384693180654
3727,1739981384693052345,1739981384693630260
3728,1739981384693398229,1739981384694625990
3729,1739981384693829931,1739981384695048617
3730,1739981384694925365,1739981384695360033
3731,1739981384695271611,1739981384696503580
3732,1739981384695490605,1739981384696911221
3733,1739981384696738270,1739981384697344200
3734,1739981384697120183,1739981384698212021
3735,1739981384697554339,1739981384698706919
3736,1739981384698579115,1739981384699527663
3737,1739981384698912234,1739981384700008585
3738,1739981384699849970,1739981384700529046
3739,1739981384700272962,1739981384701718969
3740,1739981384700753134,1739981384702168613
3741,1739981384702013365,1739981384702564487
3742,1739981384702403031,1739981384703698034
3743,1739981384702778604,1739981384704137419
3744,1739981384703912907,1739981384704567727
3745,1739981384704354630,1739981384705683437
3746,1739981384704759019,1739981384706050684
3747,1739981384705893756,1739981384706361266
3748,1739981384706214730,1739981384707283401
3749,1739981384706541542,1739981384707739814
3750,1739981384707602155,1739981384708128321
3751,1739981384707943326,1739981384708949348
3752,1739981384708347123,1739981384709593111
3753,1739981384709203975,1739981384709947024
3754,1739981384709864780,1739981384710943064
3755,1739981384710099598,1739981384711313696
3756,1739981384711110800,1739981384711730837
3757,1739981384711529893,1739981384712644265
3758,1739981384711946498,1739981384713125756
3759,1739981384712974241,1739981384713505540
3760,1739981384713348777,1739981384714491542
3761,1739981384713740096,1739981384715140352
3762,1739981384714704005,1739981384715576791
3763,1739981384715357846,1739981384716734632
3764,1739981384715784736,1739981384717195892
3765,1739981384716973659,1739981384718363009
3766,1739981384717413766,1739981384718815049
3767,1739981384718578371,1739981384719725827
3768,1739981384719067028,1739981384720289845
3769,1739981384720088054,1739981384721079482
3770,1739981384720540106,1739981384721566154
3771,1739981384721441925,1739981384722016455
3772,1739981384721798188,1739981384722775316
3773,1739981384722211997,1739981384723313934
3774,1739981384722935454,1739981384723696218
3775,1739981384723510444,1739981384724360824
3776,1739981384723950822,1739981384724740181
3777,1739981384724578824,1739981384725459093
3778,1739981384724935641,1739981384726158879
3779,1739981384725828266,1739981384726521053
3780,1739981384726370957,1739981384727464441
3781,1739981384726721762,1739981384727973228
3782,1739981384727816172,1739981384728544859
3783,1739981384728199853,1739981384729622916
3784,1739981384728739002,1739981384730009438
3785,1739981384729872567,1739981384730347918
3786,1739981384730225977,1739981384731502361
3787,1739981384730544516,1739981384731887530
3788,1739981384731710203,1739981384732306706
3789,1739981384732095259,1739981384733158272
3790,1739981384732522667,1739981384733639718
3791,1739981384733458850,1739981384734012110
3792,1739981384733855049,1739981384734560841
3793,1739981384734196038,1739981384735431206
3794,1739981384734760539,1739981384735873466
3795,1739981384735720066,1739981384736210817
3796,1739981384736139014,1739981384737367886
3797,1739981384736335190,1739981384737739822
3798,1739981384737615069,1739981384738187542
3799,1739981384737959878,1739981384739021274
3800,1739981384738403498,1739981384739787639
3801,1739981384739375582,1739981384740241197
3802,1739981384740054318,1739981384741427311
3803,1739981384740626810,1739981384741946609
3804,1739981384741673057,1739981384742302788
3805,1739981384742141449,1739981384743351173
3806,1739981384742504183,1739981384743781813
3807,1739981384743564459,1739981384744372357
3808,1739981384743974709,1739981384744876120
3809,1739981384744565804,1739981384746159727
3810,1739981384745063690,1739981384746692499
3811,1739981384746452538,1739981384747142150
3812,1739981384746951636,1739981384748290320
3813,1739981384747344055,1739981384748832680
3814,1739981384748514841,1739981384749549154
3815,1739981384749051905,1739981384750277016
3816,1739981384749988709,1739981384751121837
3817,1739981384750470588,1739981384751618659
3818,1739981384751495910,1739981384751935556
3819,1739981384751843956,1739981384752366611
3820,1739981384752206664,1739981384753136175
3821,1739981384752561974,1739981384753607411
3822,1739981384753289610,1739981384754058344
3823,1739981384753965730,1739981384754658866
3824,1739981384754209504,1739981384755009634
3825,1739981384754848407,1739981384756161533
3826,1739981384755183753,1739981384756614575
3827,1739981384756358794,1739981384756971932
3828,1739981384756799777,1739981384757792040
3829,1739981384757150071,1739981384758525459
3830,1739981384758004476,1739981384759140210
3831,1739981384758787811,1739981384759543135
3832,1739981384759329025,1739981384760677966
3833,1739981384759815941,1739981384761238303
3834,1739981384760936465,1739981384762104729
3835,1739981384761486009,1739981384762648081
3836,1739981384762438787,1739981384763548037
3837,1739981384762918168,1739981384764041610
3838,1739981384763865095,1739981384764496619
3839,1739981384764214885,1739981384764898720
3840,1739981384764681651,1739981384765714530
3841,1739981384765113470,1739981384766231625
3842,1739981384766072478,1739981384766732691
3843,1739981384766433860,1739981384767526690
3844,1739981384766932256,1739981384768063780
3845,1739981384767826318,1739981384768370569
3846,1739981384768195291,1739981384769513823
3847,1739981384768563317,1739981384769893600
3848,1739981384769767047,1739981384770340788
3849,1739981384770107899,1739981384771183810
3850,1739981384770539877,1739981384771757432
3851,1739981384771592137,1739981384772140394
3852,1739981384771984591,1739981384773360955
3853,1739981384772362324,1739981384773764929
3854,1739981384773616824,1739981384774519688
3855,1739981384773965355,1739981384775404587
3856,1739981384774770324,1739981384775836675
3857,1739981384775658265,1739981384776266493
3858,1739981384776108715,1739981384777359412
3859,1739981384776463102,1739981384777716911
3860,1739981384777619736,1739981384778087737
3861,1739981384777848979,1739981384778500336
3862,1739981384778289451,1739981384779507037
3863,1739981384778692902,1739981384779905241
3864,1739981384779807457,1739981384780578052
3865,1739981384780096998,1739981384781255200
3866,1739981384780801072,1739981384781977008
3867,1739981384781528049,1739981384782470138
3868,1739981384782214091,1739981384783197065
3869,1739981384782687871,1739981384783924172
3870,1739981384783451949,1739981384784509407
3871,1739981384784109429,1739981384785078509
3872,1739981384784818259,1739981384786018935
3873,1739981384785289778,1739981384786546976
3874,1739981384786352546,1739981384786976408
3875,1739981384786742308,1739981384788099690
3876,1739981384787283810,1739981384788556773
3877,1739981384788341422,1739981384789499635
3878,1739981384788791865,1739981384790141333
3879,1739981384789831697,1739981384790880564
3880,1739981384790344395,1739981384791624151
3881,1739981384791058716,1739981384792205688
3882,1739981384791857360,1739981384792839651
3883,1739981384792426350,1739981384793269961
3884,1739981384793176464,1739981384793783177
3885,1739981384793498380,1739981384794809515
3886,1739981384794025062,1739981384795326153
3887,1739981384795071316,1739981384795807699
3888,1739981384795594796,1739981384796663621
3889,1739981384796002839,1739981384797306129
3890,1739981384797097813,1739981384797658963
3891,1739981384797550111,1739981384798567543
3892,1739981384797841836,1739981384799143802
3893,1739981384798963568,1739981384799493576
3894,1739981384799373682,1739981384800573169
3895,1739981384799703290,1739981384801040859
3896,1739981384800790707,1739981384801395142
3897,1739981384801244373,1739981384802408175
3898,1739981384801590806,1739981384802902637
3899,1739981384802658396,1739981384803803744
3900,1739981384803159486,1739981384804459312
3901,1739981384804138538,1739981384804943144
3902,1739981384804743655,1739981384805770316
3903,1739981384805179000,1739981384806216883
3904,1739981384806109223,1739981384806620058
3905,1739981384806359065,1739981384807404520
3906,1739981384806831044,1739981384807928409
3907,1739981384807785917,1739981384808377892
3908,1739981384808172715,1739981384809172683
3909,1739981384808613582,1739981384809805906
3910,1739981384809529527,1739981384810192072
3911,1739981384810054759,1739981384811283645
3912,1739981384810409115,1739981384811677709
3913,1739981384811506028,1739981384812102030
3914,1739981384811934591,1739981384813198450
3915,1739981384812287526,1739981384813625592
3916,1739981384813471378,1739981384814113818
3917,1739981384813903803,1739981384814631416
3918,1739981384814319025,1739981384815611224
3919,1739981384815041866,1739981384816018884
3920,1739981384815812660,1739981384816408740
3921,1739981384816218018,1739981384817249174
3922,1739981384816588037,1739981384817679413
3923,1739981384817580802,1739981384818072914
3924,1739981384817811377,1739981384818736088
3925,1739981384818258396,1739981384819472816
3926,1739981384818950901,1739981384819995809
3927,1739981384819708961,1739981384820360324
3928,1739981384820211135,1739981384820756729
3929,1739981384820561476,1739981384821511637
3930,1739981384820945627,1739981384822022069
3931,1739981384821750578,1739981384822532118
3932,1739981384822358703,1739981384822871148
3933,1739981384822759328,1739981384823602365
3934,1739981384823072263,1739981384824506238
3935,1739981384823779767,1739981384824900387
3936,1739981384824738591,1739981384826054005
3937,1739981384825157471,1739981384826506449
3938,1739981384826238380,1739981384826957996
3939,1739981384826707928,1739981384827850221
3940,1739981384827186954,1739981384828405845
3941,1739981384828213654,1739981384828758199
3942,1739981384828618723,1739981384829360243
3943,1739981384828943605,1739981384830198033
3944,1739981384829545699,1739981384830615977
3945,1739981384830445027,1739981384830987675
3946,1739981384830824054,1739981384831837184
3947,1739981384831172099,1739981384832479268
3948,1739981384832213857,1739981384832858224
3949,1739981384832714807,1739981384834036960
3950,1739981384833066146,1739981384834494114
3951,1739981384834278327,1739981384834876513
3952,1739981384834727606,1739981384835595268
3953,1739981384835113455,1739981384836299556
3954,1739981384835792435,1739981384836761316
3955,1739981384836540331,1739981384837130025
3956,1739981384836959837,1739981384837923114
3957,1739981384837330531,1739981384838546144
3958,1739981384838323795,1739981384838967797
3959,1739981384838767329,1739981384839874508
3960,1739981384839192934,1739981384840443439
3961,1739981384840247948,1739981384840772444
3962,1739981384840659000,1739981384841555132
3963,1739981384840980474,1739981384842306932
3964,1739981384841754112,1739981384842671743
3965,1739981384842520624,1739981384843009829
3966,1739981384842861219,1739981384843389160
3967,1739981384843192418,1739981384844164860
3968,1739981384843587656,1739981384844684089
3969,1739981384844391327,1739981384845237438
3970,1739981384844901741,1739981384845712650
3971,1739981384845472960,1739981384846800169
3972,1739981384845896552,1739981384847288831
3973,1739981384847056972,1739981384848296803
3974,1739981384847510292,1739981384848833268
3975,1739981384848665091,1739981384849224599
3976,1739981384849042793,1739981384850347709
3977,1739981384849429932,1739981384850829108
3978,1739981384850576670,1739981384851314173
3979,1739981384851048468,1739981384852698673
3980,1739981384851542349,1739981384853174158
3981,1739981384852956421,1739981384853636489
3982,1739981384853414372,1739981384854896830
3983,1739981384853948499,1739981384855363694
3984,1739981384855126408,1739981384855809080
3985,1739981384855564068,1739981384856989747
3986,1739981384856343688,1739981384857386334
3987,1739981384857227438,1739981384857756634
3988,1739981384857624054,1739981384858217905
3989,1739981384857945804,1739981384858987556
3990,1739981384858439015,1739981384859560689
3991,1739981384859208588,1739981384859901394
3992,1739981384859855984,1739981384860992572
3993,1739981384860133391,1739981384861407089
3994,1739981384861261362,1739981384861877810
3995,1739981384861607526,1739981384862647416
3996,1739981384862084308,1739981384863349362
3997,1739981384862834390,1739981384863732193
3998,1739981384863570098,1739981384864151556
3999,1739981384863919305,1739981384864545766
4000,1739981384864346009,1739981384865388165
4001,1739981384864731008,1739981384865976279
4002,1739981384865722564,1739981384866691176
4003,1739981384866206184,1739981384867369281
4004,1739981384866978386,1739981384867751980
4005,1739981384867618498,1739981384868781661
4006,1739981384867943590,1739981384869152358
4007,1739981384869065467,1739981384869571191
4008,1739981384869309758,1739981384870332769
4009,1739981384869802703,1739981384870817822
4010,1739981384870640945,1739981384871187046
4011,1739981384871017679,1739981384872332121
4012,1739981384871409069,1739981384872723543
4013,1739981384872561487,1739981384873125674
4014,1739981384872953671,1739981384873918036
4015,1739981384873330579,1739981384874484498
4016,1739981384874280577,1739981384874857590
4017,1739981384874687800,1739981384875717193
4018,1739981384875136799,1739981384876342627
4019,1739981384876040692,1739981384876801803
4020,1739981384876622951,1739981384877605587
4021,1739981384877088500,1739981384878572701
4022,1739981384877775888,1739981384878959751
4023,1739981384878831020,1739981384879755047
4024,1739981384879132302,1739981384880514566
4025,1739981384879991325,1739981384880862557
4026,1739981384880804244,1739981384881216846
4027,1739981384881044687,1739981384881630674
4028,1739981384881426646,1739981384882497906
4029,1739981384881855774,1739981384882953682
4030,1739981384882853622,1739981384883312156
4031,1739981384883072307,1739981384884529410
4032,1739981384883507363,1739981384884965497
4033,1739981384884741890,1739981384885462885
4034,1739981384885218961,1739981384886604060
4035,1739981384885667820,1739981384887031942
4036,1739981384886842247,1739981384887413187
4037,1739981384887210962,1739981384888526515
4038,1739981384887611511,1739981384889010908
4039,1739981384888741600,1739981384889409903
4040,1739981384889243196,1739981384890266251
4041,1739981384889600262,1739981384890846543
4042,1739981384890639733,1739981384891566870
4043,1739981384891082372,1739981384892368384
4044,1739981384891883483,1739981384893113201
4045,1739981384892658284,1739981384893874640
4046,1739981384893336392,1739981384894397816
4047,1739981384894110990,1739981384894892370
4048,1739981384894625728,1739981384895571704
4049,1739981384895150718,1739981384896243999
4050,1739981384895803864,1739981384896756802
4051,1739981384896471287,1739981384897139955
4052,1739981384896970938,1739981384897605494
4053,1739981384897318025,1739981384898262928
4054,1739981384897884333,1739981384898914179
4055,1739981384898618467,1739981384899398019
4056,1739981384899142886,1739981384900320853
4057,1739981384899604929,1739981384900803110
4058,1739981384900655647,1739981384901210106
4059,1739981384900990213,1739981384902023837
4060,1739981384901400795,1739981384902601907
4061,1739981384902379533,1739981384903424823
4062,1739981384902793383,1739981384903975407
4063,1739981384903625766,1739981384904777001
4064,1739981384904329479,1739981384905221017
4065,1739981384904964368,1739981384905731474
4066,1739981384905422318,1739981384906492737
4067,1739981384905909214,1739981384906804836
4068,1739981384906749873,1739981384907129577
4069,1739981384906953982,1739981384908038001
4070,1739981384907315132,1739981384908423868
4071,1739981384908309154,1739981384908759365
4072,1739981384908632758,1739981384909609298
4073,1739981384908936364,1739981384910140070
4074,1739981384909897410,1739981384910555687
4075,1739981384910411182,1739981384911731864
4076,1739981384910762000,1739981384912153274
4077,1739981384911994985,1739981384912529385
4078,1739981384912360482,1739981384913339015
4079,1739981384912740821,1739981384914086897
4080,1739981384913561682,1739981384914778559
4081,1739981384914309160,1739981384915210127
4082,1739981384915038016,1739981384916369699
4083,1739981384915417395,1739981384916870930
4084,1739981384916616027,1739981384917271700
4085,1739981384917075755,1739981384918463243
4086,1739981384917452906,1739981384918907593
4087,1739981384918667044,1739981384919293987
4088,1739981384919121426,1739981384920124037
4089,1739981384919504150,1739981384920866099
4090,1739981384920315214,1739981384921206608
4091,1739981384921088166,1739981384921527449
4092,1739981384921416173,1739981384921889182
4093,1739981384921788006,1739981384922862531
4094,1739981384922093053,1739981384923252660
4095,1739981384923121691,1739981384923719737
4096,1739981384923482185,1739981384924667222
4097,1739981384923901543,1739981384925132689
4098,1739981384924939602,1739981384925593655
4099,1739981384925359708,1739981384926188718
4100,1739981384925711948,1739981384926979233
4101,1739981384926384428,1739981384927384709
4102,1739981384927207429,1739981384927956188
4103,1739981384927582263,1739981384928836755
4104,1739981384928330943,1739981384929302467
4105,1739981384929083013,1739981384930195970
4106,1739981384929561225,1739981384930735749
4107,1739981384930514657,1739981384931584269
4108,1739981384930938847,1739981384932129121
4109,1739981384931920393,1739981384932624959
4110,1739981384932364506,1739981384933272841
4111,1739981384932851453,1739981384933763467
4112,1739981384933569539,1739981384934551760
4113,1739981384934095427,1739981384934873389
4114,1739981384934738226,1739981384935283081
4115,1739981384935070152,1739981384936131430
4116,1739981384935631331,1739981384936749848
4117,1739981384936469727,1739981384937133433
4118,1739981384936971439,1739981384937453485
4119,1739981384937312250,1739981384938259381
4120,1739981384937841894,1739981384938800456
4121,1739981384938562435,1739981384939229583
4122,1739981384939021895,1739981384940048086
4123,1739981384939494064,1739981384940914663
4124,1739981384940227805,1739981384941346884
4125,1739981384941134914,1739981384942175844
4126,1739981384941548244,1739981384942912811
4127,1739981384942330037,1739981384943294166
4128,1739981384943111723,1739981384943643286
4129,1739981384943533457,1739981384944094665
4130,1739981384943838917,1739981384944485019
4131,1739981384944287119,1739981384945291434
4132,1739981384944704164,1739981384945740335
4133,1739981384945656477,1739981384946200409
4134,1739981384945939611,1739981384947032914
4135,1739981384946410375,1739981384947610297
4136,1739981384947424085,1739981384948036179
4137,1739981384947836344,1739981384948855431
4138,1739981384948274196,1739981384949385243
4139,1739981384949200901,1739981384949764218
4140,1739981384949605537,1739981384950893625
4141,1739981384949997855,1739981384951282219
4142,1739981384951167130,1739981384951628476
4143,1739981384951405168,1739981384952784080
4144,1739981384952075111,1739981384953184578
4145,1739981384953022889,1739981384953518715
4146,1739981384953397912,1739981384954568580
4147,1739981384953725837,1739981384954926953
4148,1739981384954777607,1739981384955263772
4149,1739981384955164438,1739981384955687757
4150,1739981384955456513,1739981384956572779
4151,1739981384955864652,1739981384957055697
4152,1739981384956936416,1739981384957587557
4153,1739981384957296920,1739981384958343260
4154,1739981384957784631,1739981384958898258
4155,1739981384958535564,1739981384959363989
4156,1739981384959199081,1739981384959728218
4157,1739981384959553866,1739981384960105397
4158,1739981384959915044,1739981384960902533
4159,1739981384960290272,1739981384961510326
4160,1739981384961250946,1739981384961997040
4161,1739981384961699064,1739981384963098814
4162,1739981384962197227,1739981384963646173
4163,1739981384963297459,1739981384964661459
4164,1739981384963850995,1739981384965255658
4165,1739981384964828176,1739981384965823504
4166,1739981384965539540,1739981384966252686
4167,1739981384966056905,1739981384967106316
4168,1739981384966451659,1739981384967657011
4169,1739981384967448553,1739981384967975300
4170,1739981384967887627,1739981384968646458
4171,1739981384968200530,1739981384969353426
4172,1739981384968875823,1739981384969715175
4173,1739981384969615526,1739981384970046509
4174,1739981384969905556,1739981384970369550
4175,1739981384970239780,1739981384971579967
4176,1739981384970685148,1739981384971949491
4177,1739981384971800432,1739981384972380902
4178,1739981384972153201,1739981384973069436
4179,1739981384972610086,1739981384973696347
4180,1739981384973282676,1739981384974126269
4181,1739981384973944476,1739981384974640355
4182,1739981384974368191,1739981384975735052
4183,1739981384974822535,1739981384976140119
4184,1739981384975953319,1739981384976647935
4185,1739981384976408115,1739981384977508325
4186,1739981384976878387,1739981384978163547
4187,1739981384977651255,1739981384978564520
4188,1739981384978366208,1739981384979355722
4189,1739981384978741940,1739981384979780955
4190,1739981384979553069,1739981384980411093
4191,1739981384980152945,1739981384980776624
4192,1739981384980646921,1739981384981147719
4193,1739981384980968093,1739981384982196658
4194,1739981384981332459,1739981384982667539
4195,1739981384982395816,1739981384983070320
4196,1739981384982876091,1739981384983991285
4197,1739981384983216086,1739981384984438625
4198,1739981384984207063,1739981384984837805
4199,1739981384984660189,1739981384985552532
4200,1739981384985080285,1739981384986282273
4201,1739981384985760445,1739981384986724648
4202,1739981384986529200,1739981384987566201
4203,1739981384986943963,1739981384988134148
4204,1739981384987919868,1739981384988522653
4205,1739981384988356129,1739981384989562311
4206,1739981384988842917,1739981384989994930
4207,1739981384989832079,1739981384990328365
4208,1739981384990243599,1739981384990946398
4209,1739981384990481435,1739981384991656518
4210,1739981384991239483,1739981384992071188
4211,1739981384991911761,1739981384992402625
4212,1739981384992290247,1739981384993052433
4213,1739981384992571540,1739981384993963267
4214,1739981384993308725,1739981384994460969
4215,1739981384994223115,1739981384994896964
4216,1739981384994677718,1739981384995355527
4217,1739981384995128617,1739981384996345687
4218,1739981384995555220,1739981384996720443
4219,1739981384996633123,1739981384997132607
4220,1739981384996953281,1739981384998014582
4221,1739981384997337868,1739981384998595808
4222,1739981384998406701,1739981384999088301
4223,1739981384998857318,1739981385000336616
4224,1739981384999322195,1739981385000757575
4225,1739981385000585919,1739981385001201600
4226,1739981385000975024,1739981385002514619
4227,1739981385001465264,1739981385003009492
4228,1739981385002791973,1739981385003710423
4229,1739981385003236044,1739981385004627288
4230,1739981385004026723,1739981385005023751
4231,1739981385004856381,1739981385005352998
4232,1739981385005225333,1739981385005790511
4233,1739981385005549612,1739981385006109548
4234,1739981385005968434,1739981385006868416
4235,1739981385006292786,1739981385007571098
4236,1739981385007186382,1739981385008001201
4237,1739981385007943693,1739981385009288101
4238,1739981385008362622,1739981385009692085
4239,1739981385009554131,1739981385010153226
4240,1739981385009900680,1739981385010736317
4241,1739981385010364225,1739981385011659906
4242,1739981385010933136,1739981385012087242
4243,1739981385011920349,1739981385012463431
4244,1739981385012348270,1739981385013244086
4245,1739981385012655482,1739981385013961809
4246,1739981385013489582,1739981385014615813
4247,1739981385014273607,1739981385015168281
4248,1739981385014831788,1739981385016031445
4249,1739981385015348352,1739981385016671813
4250,1739981385016247771,1739981385017245795
4251,1739981385016907130,1739981385018066315
4252,1739981385017472509,1739981385018842534
4253,1739981385018255736,1739981385019238488
4254,1739981385019049384,1739981385020078148
4255,1739981385019434929,1739981385020574809
4256,1739981385020450329,1739981385021121898
4257,1739981385020865022,1739981385021879469
4258,1739981385021349770,1739981385022452164
4259,1739981385022069429,1739981385022911134
4260,1739981385022642503,1739981385023238129
4261,1739981385023114190,1739981385024447869
4262,1739981385023431778,1739981385024823102
4263,1739981385024642585,1739981385025289802
4264,1739981385025074109,1739981385026149006
4265,1739981385025493111,1739981385026595925
4266,1739981385026429725,1739981385026996317
4267,1739981385026834332,1739981385027876696
4268,1739981385027205699,1739981385028420647
4269,1739981385028179831,1739981385028861667
4270,1739981385028686064,1739981385029757202
4271,1739981385029075974,1739981385030424807
4272,1739981385030154073,1739981385030947732
4273,1739981385030650969,1739981385032082336
4274,1739981385031150652,1739981385032492665
4275,1739981385032364193,1739981385032959619
4276,1739981385032714937,1739981385034082585
4277,1739981385033145344,1739981385034555654
4278,1739981385034347346,1739981385034942413
4279,1739981385034754004,1739981385035549296
4280,1739981385035149168,1739981385036258390
4281,1739981385035841775,1739981385036720340
4282,1739981385036484064,1739981385037093544
4283,1739981385036961684,1739981385037448626
4284,1739981385037329208,1739981385038659486
4285,1739981385037863160,1739981385039042144
4286,1739981385038873849,1739981385039426325
4287,1739981385039205224,1739981385040294914
4288,1739981385039625447,1739981385040854892
4289,1739981385040603953,1739981385041280196
4290,1739981385041100023,1739981385042022920
4291,1739981385041483662,1739981385042620392
4292,1739981385042270066,1739981385043067228
4293,1739981385042829780,1739981385043759053
4294,1739981385043225775,1739981385044481513
4295,1739981385043984998,1739981385044956950
4296,1739981385044701686,1739981385045838077
4297,1739981385045213928,1739981385046340184
4298,1739981385046210237,1739981385046688456
4299,1739981385046551695,1739981385047449348
4300,1739981385046904185,1739981385048089032
4301,1739981385047581851,1739981385048530992
4302,1739981385048348292,1739981385048908495
4303,1739981385048743631,1739981385049229598
4304,1739981385049077377,1739981385050072421
4305,1739981385049410305,1739981385050612256
4306,1739981385050392220,1739981385050984333
4307,1739981385050821448,1739981385051837993
4308,1739981385051189265,1739981385052342364
4309,1739981385052181107,1739981385052751902
4310,1739981385052584937,1739981385053906706
4311,1739981385052945292,1739981385054397016
4312,1739981385054120174,1739981385054785163
4313,1739981385054586285,1739981385055652552
4314,1739981385054951863,1739981385056267968
4315,1739981385055987233,1739981385056809316
4316,1739981385056477430,1739981385057833615
4317,1739981385057156149,1739981385058255086
4318,1739981385058082733,1739981385058750709
4319,1739981385058460169,1739981385059832378
4320,1739981385058935532,1739981385060292564
4321,1739981385060105637,1739981385061170243
4322,1739981385060481470,1739981385061657724
4323,1739981385061577134,1739981385061990378
4324,1739981385061796918,1739981385062550042
4325,1739981385062171255,1739981385063179806
4326,1739981385062830656,1739981385063629780
4327,1739981385063514157,1739981385064031660
4328,1739981385063858369,1739981385064540427
4329,1739981385064277494,1739981385065349004
4330,1739981385064750266,1739981385065926354
4331,1739981385065713348,1739981385066411686
4332,1739981385066149498,1739981385067332889
4333,1739981385066597839,1739981385067845761
4334,1739981385067640259,1739981385068225564
4335,1739981385068078565,1739981385069302895
4336,1739981385068426469,1739981385069854130
4337,1739981385069548570,1739981385070372865
4338,1739981385070134855,1739981385071489805
4339,1739981385070567532,1739981385072034029
4340,1739981385071749721,1739981385072428306
4341,1739981385072243623,1739981385073493367
4342,1739981385072626911,1739981385074036987
4343,1739981385073747308,1739981385074513084
4344,1739981385074222932,1739981385075275488
4345,1739981385074738745,1739981385076012776
4346,1739981385075495738,1739981385076360110
4347,1739981385076223425,1739981385077069961
4348,1739981385076560679,1739981385077778778
4349,1739981385077357228,1739981385078197992
4350,1739981385078037248,1739981385078598060
4351,1739981385078458740,1739981385078918745
4352,1739981385078816145,1739981385080133190
4353,1739981385079125116,1739981385080547748
4354,1739981385080435805,1739981385080948323
4355,1739981385080764404,1739981385081970501
4356,1739981385081247999,1739981385082372924
4357,1739981385082236883,1739981385082764247
4358,1739981385082601968,1739981385083104256
4359,1739981385082997607,1739981385084149145
4360,1739981385083306832,1739981385084637467
4361,1739981385084362288,1739981385085023623
4362,1739981385084854039,1739981385085824531
4363,1739981385085232964,1739981385086438290
4364,1739981385085998105,1739981385087335606
4365,1739981385086637937,1739981385087829782
4366,1739981385087640648,1739981385088291506
4367,1739981385088007123,1739981385089083071
4368,1739981385088517826,1739981385089411544
4369,1739981385089247680,1739981385089827716
4370,1739981385089615326,1739981385090462092
4371,1739981385090041474,1739981385091343455
4372,1739981385090909406,1739981385092220182
4373,1739981385091624648,1739981385092778119
4374,1739981385092462780,1739981385093364116
4375,1739981385093148953,1739981385093749501
4376,1739981385093583871,1739981385094698617
4377,1739981385093992235,1739981385095511871
4378,1739981385095051050,1739981385096097374
4379,1739981385095797969,1739981385097100018
4380,1739981385096282657,1739981385097539838
4381,1739981385097343319,1739981385097921937
4382,1739981385097710902,1739981385098838185
4383,1739981385098101344,1739981385099432960
4384,1739981385099215278,1739981385099808395
4385,1739981385099663524,1739981385100665590
4386,1739981385099991780,1739981385101260866
4387,1739981385101129158,1739981385101707764
4388,1739981385101521339,1739981385102549191
4389,1739981385101923648,1739981385103013080
4390,1739981385102845284,1739981385103364733
4391,1739981385103233868,1739981385104112281
4392,1739981385103547713,1739981385104870610
4393,1739981385104443010,1739981385105315911
4394,1739981385105150746,1739981385106458339
4395,1739981385105538445,1739981385106996568
4396,1739981385106757042,1739981385107503382
4397,1739981385107216530,1739981385108477054
4398,1739981385107687894,1739981385108948774
4399,1739981385108831891,1739981385109343049
4400,1739981385109160996,1739981385110416623
4401,1739981385109567135,1739981385110887669
4402,1739981385110685101,1739981385111359810
4403,1739981385111127367,1739981385112282234
4404,1739981385111553598,1739981385113280435
4405,1739981385112943966,1739981385113689304
4406,1739981385113512786,1739981385114450987
4407,1739981385113943520,1739981385115318027
4408,1739981385114716880,1739981385116311474
4409,1739981385115599360,1739981385116896312
4410,1739981385116589171,1739981385117757189
4411,1739981385117163633,1739981385118330529
4412,1739981385118010794,1739981385118692428
4413,1739981385118633730,1739981385119656346
4414,1739981385118842051,1739981385120202205
4415,1739981385120024569,1739981385120567444
4416,1739981385120451997,1739981385121029905
4417,1739981385120746484,1739981385121878832
4418,1739981385121239804,1739981385122452570
4419,1739981385122259359,1739981385122872934
4420,1739981385122661260,1739981385123742128
4421,1739981385123055857,1739981385124351847
4422,1739981385124138881,1739981385124749389
4423,1739981385124558839,1739981385125224032
4424,1739981385124972701,1739981385126270803
4425,1739981385125394889,1739981385126689834
4426,1739981385126510493,1739981385126994606
4427,1739981385126886153,1739981385128153271
4428,1739981385127195650,1739981385128570467
4429,1739981385128389810,1739981385128957734
4430,1739981385128764210,1739981385130016375
4431,1739981385129131359,1739981385130337936
4432,1739981385130219452,1739981385130669366
4433,1739981385130586029,1739981385131088924
4434,1739981385130797459,1739981385131765718
4435,1739981385131299098,1739981385132336039
4436,1739981385131971944,1739981385132830709
4437,1739981385132525664,1739981385133173374
4438,1739981385133035360,1739981385133609810
4439,1739981385133347282,1739981385134468432
4440,1739981385133802654,1739981385135043578
4441,1739981385134644030,1739981385135404034
4442,1739981385135240251,1739981385135793097
4443,1739981385135622806,1739981385136651865
4444,1739981385136012822,1739981385137160013
4445,1739981385137003863,1739981385137553935
4446,1739981385137355937,1739981385138736480
4447,1739981385137753545,1739981385139163587
4448,1739981385138965162,1739981385139591502
4449,1739981385139360088,1739981385140509401
4450,1739981385139754701,1739981385140956741
4451,1739981385140815251,1739981385141370413
4452,1739981385141185815,1739981385141815477
4453,1739981385141651355,1739981385142610586
4454,1739981385142028626,1739981385143091862
4455,1739981385142922353,1739981385143579527
4456,1739981385143318538,1739981385143899498
4457,1739981385143833024,1739981385145155063
4458,1739981385144397871,1739981385145630787
4459,1739981385145376046,1739981385146136701
4460,1739981385145890099,1739981385147270900
4461,1739981385146331330,1739981385147712188
4462,1739981385147479814,1739981385148102045
4463,1739981385147916258,1739981385148936299
4464,1739981385148295648,1739981385149394339
4465,1739981385149259544,1739981385149830887
4466,1739981385149640511,1739981385150674760
4467,1739981385150061937,1739981385151176631
4468,1739981385151052013,1739981385152350491
4469,1739981385151409317,1739981385152734080
4470,1739981385152600980,1739981385153097093
4471,1739981385152965073,1739981385154214516
4472,1739981385153298701,1739981385154591585
4473,1739981385154509762,1739981385154900871
4474,1739981385154771988,1739981385155338938
4475,1739981385155123631,1739981385155947011
4476,1739981385155552352,1739981385156658507
4477,1739981385156319232,1739981385157044220
4478,1739981385156874176,1739981385157480783
4479,1739981385157227129,1739981385158189749
4480,1739981385157682065,1739981385158791956
4481,1739981385158416705,1739981385159343494
4482,1739981385159032198,1739981385159845872
4483,1739981385159587784,1739981385160874349
4484,1739981385160032442,1739981385161237685
4485,1739981385161023413,1739981385161669257
4486,1739981385161509329,1739981385162712844
4487,1739981385161866429,1739981385163147339
4488,1739981385162895175,1739981385163517905
4489,1739981385163315322,1739981385164831007
4490,1739981385163706573,1739981385165299718
4491,1739981385165143798,1739981385165716498
4492,1739981385165543572,1739981385166534550
4493,1739981385165926933,1739981385167155592
4494,1739981385166706839,1739981385167505749
4495,1739981385167383353,1739981385167987474
4496,1739981385167727241,1739981385168321018
4497,1739981385168203264,1739981385169136751
4498,1739981385168510753,1739981385169683843
4499,1739981385169412973,1739981385170030985
4500,1739981385169894357,1739981385170881082
4501,1739981385170215716,1739981385171399270
4502,1739981385171230096,1739981385171780113
4503,1739981385171610842,1739981385172614433
4504,1739981385171977003,1739981385173096885
4505,1739981385172972504,1739981385173489177
4506,1739981385173306315,1739981385174602153
4507,1739981385173705142,1739981385174968948
4508,1739981385174867462,1739981385175320638
4509,1739981385175185634,1739981385176527609
4510,1739981385175537360,1739981385176939419
4511,1739981385176751534,1739981385177359480
4512,1739981385177145114,1739981385178112726
4513,1739981385177542188,1739981385178682314
4514,1739981385178307115,1739981385179024361
4515,1739981385178882530,1739981385179424267
4516,1739981385179213190,1739981385180084994
4517,1739981385179951459,1739981385180747181
4518,1739981385180326048,1739981385181256184
4519,1739981385181005154,1739981385181673086
4520,1739981385181497413,1739981385182188592
4521,1739981385181878183,1739981385182949073
4522,1739981385182459031,1739981385183361652
4523,1739981385183227831,1739981385183730407
4524,1739981385183557329,1739981385184701258
4525,1739981385183948790,1739981385185181758
4526,1739981385185012735,1739981385185631587
4527,1739981385185388974,1739981385186446642
4528,1739981385185817716,1739981385187146486
4529,1739981385186633330,1739981385187645407
4530,1739981385187417023,1739981385187986267
4531,1739981385187850490,1739981385188650474
4532,1739981385188185233,1739981385189315847
4533,1739981385188922534,1739981385189672259
4534,1739981385189573139,1739981385190460243
4535,1739981385189829032,1739981385191273199
4536,1739981385190791220,1739981385191636428
4537,1739981385191497663,1739981385192007978
4538,1739981385191863318,1739981385192332510
4539,1739981385192245529,1739981385193427599
4540,1739981385192520113,1739981385193801842
4541,1739981385193669539,1739981385194282753
4542,1739981385193954583,1739981385194681990
4543,1739981385194473666,1739981385195756369
4544,1739981385194884762,1739981385196295780
4545,1739981385195979822,1739981385196785141
4546,1739981385196527591,1739981385197972022
4547,1739981385196983315,1739981385198435196
4548,1739981385198254974,1739981385198943969
4549,1739981385198655132,1739981385199785021
4550,1739981385199178317,1739981385200274521
4551,1739981385200032043,1739981385200756944
4552,1739981385200477678,1739981385201952181
4553,1739981385200963427,1739981385202386843
4554,1739981385202243771,1739981385202802535
4555,1739981385202624921,1739981385204072641
4556,1739981385203032413,1739981385204510553
4557,1739981385204283767,1739981385204874468
4558,1739981385204724651,1739981385205771915
4559,1739981385205080168,1739981385206340365
4560,1739981385206038130,1739981385206668631
4561,1739981385206560016,1739981385207095312
4562,1739981385206894192,1739981385207467136
4563,1739981385207317892,1739981385207774543
4564,1739981385207681122,1739981385208606079
4565,1739981385207966988,1739981385209203107
4566,1739981385208750404,1739981385209650369
4567,1739981385209422600,1739981385210025533
4568,1739981385209854930,1739981385210361555
4569,1739981385210222269,1739981385211351069
4570,1739981385210549766,1739981385211732768
4571,1739981385211543961,1739981385212111604
4572,1739981385211975713,1739981385212912817
4573,1739981385212304863,1739981385213404954
4574,1739981385213239906,1739981385213764683
4575,1739981385213662945,1739981385214956574
4576,1739981385213993564,1739981385215415600
4577,1739981385215191792,1739981385216202048
4578,1739981385215683441,1739981385216683669
4579,1739981385216376072,1739981385217129653
4580,1739981385217028168,1739981385217469480
4581,1739981385217328152,1739981385217864389
4582,1739981385217651679,1739981385218642108
4583,1739981385218051104,1739981385219074737
4584,1739981385218960575,1739981385219543456
4585,1739981385219270396,1739981385220293102
4586,1739981385219761153,1739981385220993034
4587,1739981385220553079,1739981385221374865
4588,1739981385221261892,1739981385221864548
4589,1739981385221535361,1739981385222729362
4590,1739981385222096281,1739981385223221164
4591,1739981385223068414,1739981385223604424
4592,1739981385223444048,1739981385224516136
4593,1739981385223807817,1739981385225320483
4594,1739981385224730578,1739981385225706662
4595,1739981385225558457,1739981385226624563
4596,1739981385225960005,1739981385227134501
4597,1739981385226975770,1739981385227951683
4598,1739981385227315523,1739981385228483234
4599,1739981385228346118,1739981385228814842
4600,1739981385228685765,1739981385229303117
4601,1739981385229006915,1739981385230122831
4602,1739981385229517507,1739981385230551718
4603,1739981385230389367,1739981385230965242
4604,1739981385230789509,1739981385231317063
4605,1739981385231197929,1739981385232260527
4606,1739981385231539455,1739981385232740553
4607,1739981385232643269,1739981385233153679
4608,1739981385232879041,1739981385233504470
4609,1739981385233388789,1739981385234706331
4610,1739981385233707042,1739981385235112301
4611,1739981385234934409,1739981385235495762
4612,1739981385235353399,1739981385235835206
4613,1739981385235730628,1739981385236893552
4614,1739981385236046432,1739981385237292519
4615,1739981385237132637,1739981385238145055
4616,1739981385237492801,1739981385238864621
4617,1739981385238541365,1739981385239721169
4618,1739981385239072928,1739981385240280769
4619,1739981385240005672,1739981385240951130
4620,1739981385240511469,1739981385241663534
4621,1739981385241151226,1739981385242041553
4622,1739981385241948456,1739981385242463062
4623,1739981385242204751,1739981385243057576
4624,1739981385242683333,1739981385243780298
4625,1739981385243363407,1739981385244146874
4626,1739981385244002260,1739981385244614765
4627,1739981385244348436,1739981385245009160
4628,1739981385244826993,1739981385245771694
4629,1739981385245365593,1739981385246335301
4630,1739981385246003336,1739981385246859548
4631,1739981385246570380,1739981385247895497
4632,1739981385247047400,1739981385248463403
4633,1739981385248176347,1739981385248871417
4634,1739981385248737554,1739981385249726337
4635,1739981385249078250,1739981385250259670
4636,1739981385250039181,1739981385250754659
4637,1739981385250481446,1739981385251886769
4638,1739981385250940392,1739981385252292578
4639,1739981385252103372,1739981385252667617
4640,1739981385252516878,1739981385253753391
4641,1739981385252853493,1739981385254148591
4642,1739981385253935153,1739981385254571949
4643,1739981385254366778,1739981385255418350
4644,1739981385254779934,1739981385256185575
4645,1739981385256028230,1739981385256529997
4646,1739981385256411150,1739981385256982690
4647,1739981385256769242,1739981385257795439
4648,1739981385257198367,1739981385258249692
4649,1739981385258129563,1739981385258760710
4650,1739981385258476733,1739981385259487430
4651,1739981385258940174,1739981385260098998
4652,1739981385259720376,1739981385260444476
4653,1739981385260324353,1739981385260777876
4654,1739981385260638204,1739981385261148498
4655,1739981385260983310,1739981385262022103
4656,1739981385261408551,1739981385262480634
4657,1739981385262365918,1739981385262921691
4658,1739981385262673588,1739981385263651721
4659,1739981385263141522,1739981385264395949
4660,1739981385263816037,1739981385264947223
4661,1739981385264657971,1739981385265822908
4662,1739981385265142118,1739981385266361049
4663,1739981385266206889,1739981385267206954
4664,1739981385266576236,1739981385267643270
4665,1739981385267526608,1739981385267949352
4666,1739981385267850749,1739981385268826794
4667,1739981385268111180,1739981385269285027
4668,1739981385269146435,1739981385269643752
4669,1739981385269507751,1739981385270813037
4670,1739981385269864379,1739981385271241247
4671,1739981385271062225,1739981385271698055
4672,1739981385271482530,1739981385272077958
4673,1739981385271902997,1739981385272861741
4674,1739981385272449329,1739981385273401693
4675,1739981385273222880,1739981385273756159
4676,1739981385273617500,1739981385274771195
4677,1739981385273930632,1739981385275254732
4678,1739981385275046611,1739981385275602992
4679,1739981385275495580,1739981385276810994
4680,1739981385275817205,1739981385277216296
4681,1739981385277060499,1739981385277610208
4682,1739981385277435277,1739981385278655260
4683,1739981385277804793,1739981385279033133
4684,1739981385278828524,1739981385279399639
4685,1739981385279239093,1739981385279896478
4686,1739981385279650081,1739981385280480876
4687,1739981385280119841,1739981385281003032
4688,1739981385280856540,1739981385281363882
4689,1739981385281264961,1739981385282238693
4690,1739981385281651583,1739981385282731755
4691,1739981385282569306,1739981385283216024
4692,1739981385282945038,1739981385284051277
4693,1739981385283408955,1739981385284721835
4694,1739981385284384502,1739981385285150952
4695,1739981385284932190,1739981385285930801
4696,1739981385285368180,1739981385286454660
4697,1739981385286344946,1739981385286838903
4698,1739981385286643148,1739981385287656925
4699,1739981385287040295,1739981385288454325
4700,1739981385287801852,1739981385288822262
4701,1739981385288710594,1739981385289202738
4702,1739981385289067338,1739981385290263633
4703,1739981385289431794,1739981385290686934
4704,1739981385290507751,1739981385291050837
4705,1739981385290896389,1739981385292055706
4706,1739981385291405741,1739981385292407032
4707,1739981385292221097,1739981385292787122
4708,1739981385292660538,1739981385293219011
4709,1739981385293025719,1739981385294017336
4710,1739981385293431401,1739981385294617790
4711,1739981385294166110,1739981385295051668
4712,1739981385294816516,1739981385295386580
4713,1739981385295242052,1739981385296533312
4714,1739981385295581764,1739981385296969358
4715,1739981385296737630,1739981385297346913
4716,1739981385297172944,1739981385297780663
4717,1739981385297517046,1739981385298481551
4718,1739981385298128824,1739981385299101372
4719,1739981385298881368,1739981385299457655
4720,1739981385299320605,1739981385300141483
4721,1739981385299659004,1739981385300948568
4722,1739981385300391312,1739981385301360049
4723,1739981385301190352,1739981385302269618
4724,1739981385301574983,1739981385302834055
4725,1739981385302654313,1739981385303156835
4726,1739981385303034586,1739981385303953109
4727,1739981385303362882,1739981385304495417
4728,1739981385304216540,1739981385304839452
4729,1739981385304672799,1739981385305174293
4730,1739981385305013438,1739981385306221172
4731,1739981385305551613,1739981385306605937
4732,1739981385306433737,1739981385307024530
4733,1739981385306817846,1739981385307845265
4734,1739981385307207008,1739981385308509755
4735,1739981385308029446,1739981385308883547
4736,1739981385308701359,1739981385309701225
4737,1739981385309071328,1739981385310231665
4738,1739981385310021765,1739981385310711072
4739,1739981385310413056,1739981385311521630
4740,1739981385310918112,1739981385312027122
4741,1739981385311925233,1739981385312443230
4742,1739981385312231131,1739981385313326433
4743,1739981385312671599,1739981385313858492
4744,1739981385313670922,1739981385314340322
4745,1739981385314058013,1739981385314663008
4746,1739981385314568888,1739981385315402660
4747,1739981385314788927,1739981385316186621
4748,1739981385315628972,1739981385316550880
4749,1739981385316476485,1739981385316857190
4750,1739981385316766273,1739981385317248570
4751,1739981385316978778,1739981385318104060
4752,1739981385317422047,1739981385318650938
4753,1739981385318411602,1739981385319003429
4754,1739981385318904084,1739981385320079748
4755,1739981385319134178,1739981385320476128
4756,1739981385320314852,1739981385320826163
4757,1739981385320694404,1739981385321676086
4758,1739981385321029903,1739981385322170616
4759,1739981385322059496,1739981385322599217
4760,1739981385322408795,1739981385323710694
4761,1739981385322785307,1739981385324161588
4762,1739981385323955878,1739981385324576612
4763,1739981385324369335,1739981385325755109
4764,1739981385324774562,1739981385326211176
4765,1739981385326008591,1739981385326592863
4766,1739981385326424702,1739981385327370478
4767,1739981385326785143,1739981385327804977
4768,1739981385327563843,1739981385328265265
4769,1739981385328134656,1739981385328682296
4770,1739981385328489984,1739981385329003042
4771,1739981385328914889,1739981385329305489
4772,1739981385329190453,1739981385330385471
4773,1739981385329576660,1739981385330800381
4774,1739981385330664919,1739981385331252705
4775,1739981385331006366,1739981385332113424
4776,1739981385331478121,1739981385332638762
4777,1739981385332413217,1739981385333000030
4778,1739981385332869892,1739981385333978862
4779,1739981385333200526,1739981385334437200
4780,1739981385334242770,1739981385334876713
4781,1739981385334659648,1739981385335713424
4782,1739981385335049059,1739981385336357844
4783,1739981385335834575,1739981385336872845
4784,1739981385336552000,1739981385337277003
4785,1739981385337046013,1739981385338149857
4786,1739981385337445387,1739981385338671398
4787,1739981385338505733,1739981385339002587
4788,1739981385338879671,1739981385339624512
4789,1739981385339190156,1739981385340312564
4790,1739981385339958909,1739981385340621140
4791,1739981385340591873,1739981385341009999
4792,1739981385340793601,1739981385341687804
4793,1739981385341182333,1739981385342649452
4794,1739981385341911347,1739981385343045216
4795,1739981385342893979,1739981385343438481
4796,1739981385343243169,1739981385343818616
4797,1739981385343660190,1739981385344851726
4798,1739981385344012991,1739981385345350231
4799,1739981385345049247,1739981385345750058
4800,1739981385345557944,1739981385346806072
4801,1739981385346005252,1739981385347322186
4802,1739981385347030189,1739981385347722030
4803,1739981385347668318,1739981385348695828
4804,1739981385348046759,1739981385349433967
4805,1739981385349101653,1739981385349846019
4806,1739981385349655287,1739981385350606857
4807,1739981385350056144,1739981385351340630
4808,1739981385350919850,1739981385351690108
4809,1739981385351581587,1739981385352510063
4810,1739981385351903293,1739981385353124236
4811,1739981385352880580,1739981385353499773
4812,1739981385353382078,1739981385354358292
4813,1739981385353695084,1739981385355090935
4814,1739981385354597453,1739981385355492251
4815,1739981385355293977,1739981385355908156
4816,1739981385355684727,1739981385356288013
4817,1739981385356085838,1739981385357017526
4818,1739981385356469883,1739981385357644863
4819,1739981385357244578,1739981385358041771
4820,1739981385357875419,1739981385358966836
4821,1739981385358242997,1739981385359500271
4822,1739981385359364738,1739981385360137852
4823,1739981385359749688,1739981385360978793
4824,1739981385360449006,1739981385361771525
4825,1739981385361188696,1739981385362543995
4826,1739981385361988345,1739981385362951500
4827,1739981385362769268,1739981385363278720
4828,1739981385363170326,1739981385363987299
4829,1739981385363516530,1739981385364770443
4830,1739981385364141469,1739981385365138981
4831,1739981385364970883,1739981385365506082
4832,1739981385365371761,1739981385365850849
4833,1739981385365687736,1739981385366943524
4834,1739981385366048554,1739981385367369672
4835,1739981385367190394,1739981385367781787
4836,1739981385367600523,1739981385368310207
4837,1739981385368007477,1739981385369176204
4838,1739981385368522014,1739981385369731218
4839,1739981385369432023,1739981385370083381
4840,1739981385369940905,1739981385370920391
4841,1739981385370405632,1739981385371429408
4842,1739981385371222519,1739981385371944301
4843,1739981385371642896,1739981385372775186
4844,1739981385372150940,1739981385373618316
4845,1739981385373396180,1739981385374098010
4846,1739981385373843665,1739981385374494289
4847,1739981385374252414,1739981385375359886
4848,1739981385374709208,1739981385375961745
4849,1739981385375759820,1739981385376359037
4850,1739981385376262342,1739981385376821057
4851,1739981385376575293,1739981385377872983
4852,1739981385377032615,1739981385378250311
4853,1739981385378146381,1739981385378615125
4854,1739981385378415298,1739981385378941926
4855,1739981385378858944,1739981385380073456
4856,1739981385379401631,1739981385380457022
4857,1739981385380313629,1739981385380872340
4858,1739981385380683325,1739981385381722208
4859,1739981385381058988,1739981385382907433
4860,1739981385382264571,1739981385383546005
4861,1739981385383270313,1739981385383931959
4862,1739981385383771197,1739981385384727473
4863,1739981385384097507,1739981385385310990
4864,1739981385384904600,1739981385385869979
4865,1739981385385590861,1739981385386434493
4866,1739981385386115142,1739981385387602896
4867,1739981385386684711,1739981385388037305
4868,1739981385387843218,1739981385388440358
4869,1739981385388209535,1739981385389319247
4870,1739981385388663986,1739981385389854415
4871,1739981385389633521,1739981385390265080
4872,1739981385390096971,1739981385390917324
4873,1739981385390438370,1739981385391431977
4874,1739981385391314090,1739981385391843116
4875,1739981385391650713,1739981385392200931
4876,1739981385392051607,1739981385393015093
4877,1739981385392422031,1739981385393493522
4878,1739981385393403667,1739981385393994145
4879,1739981385393610217,1739981385394937346
4880,1739981385394200331,1739981385395457683
4881,1739981385395251319,1739981385395816223
4882,1739981385395684981,1739981385396944827
4883,1739981385396090474,1739981385397354663
4884,1739981385397219324,1739981385397722167
4885,1739981385397590921,1739981385398452014
4886,1739981385397913125,1739981385399198620
4887,1739981385398694854,1739981385399670662
4888,1739981385399408588,1739981385400745872
4889,1739981385399953646,1739981385401187496
4890,1739981385400996339,1739981385401614029
4891,1739981385401403259,1739981385402775236
4892,1739981385401856933,1739981385403171397
4893,1739981385403036004,1739981385404138054
4894,1739981385403429094,1739981385404732262
4895,1739981385404553873,1739981385405059655
4896,1739981385404927877,1739981385406038148
4897,1739981385405215379,1739981385406497970
4898,1739981385406251105,1739981385406851958
4899,1739981385406691154,1739981385407208081
4900,1739981385407064285,1739981385408341105
4901,1739981385407386103,1739981385408717896
4902,1739981385408550322,1739981385409129918
4903,1739981385408989056,1739981385409951691
4904,1739981385409320103,1739981385410528373
4905,1739981385410255727,1739981385410925512
4906,1739981385410744362,1739981385411406644
4907,1739981385411117950,1739981385412499202
4908,1739981385411673003,1739981385412907815
4909,1739981385412770814,1739981385413326307
4910,1739981385413157570,1739981385414476624
4911,1739981385413504695,1739981385414882588
4912,1739981385414710533,1739981385415292249
4913,1739981385415145610,1739981385416427124
4914,1739981385415483283,1739981385416869861
4915,1739981385416728937,1739981385417312863
4916,1739981385417108198,1739981385418135550
4917,1739981385417560963,1739981385418568606
4918,1739981385418458534,1739981385418916334
4919,1739981385418717051,1739981385419787743
4920,1739981385419128106,1739981385420245812
4921,1739981385420092916,1739981385420670028
4922,1739981385420516581,1739981385421795630
4923,1739981385420891539,1739981385422200098
4924,1739981385422041088,1739981385422669701
4925,1739981385422511575,1739981385423500972
4926,1739981385422906380,1739981385424092224
4927,1739981385423905653,1739981385424613200
4928,1739981385424317447,1739981385424964306
4929,1739981385424839415,1739981385425672727
4930,1739981385425152178,1739981385426444422
4931,1739981385425887870,1739981385426883139
4932,1739981385426656103,1739981385427303592
4933,1739981385427084317,1739981385428068313
4934,1739981385427494520,1739981385428948816
4935,1739981385428227114,1739981385429366993
4936,1739981385429173450,1739981385429785780
4937,1739981385429614338,1739981385430467614
4938,1739981385429994704,1739981385431152403
4939,1739981385430718665,1739981385431491637
4940,1739981385431419762,1739981385431917957
4941,1739981385431712251,1739981385432246585
4942,1739981385432142212,1739981385433115305
4943,1739981385432474079,1739981385433712850
4944,1739981385433454692,1739981385434058935
4945,1739981385433947854,1739981385434547028
4946,1739981385434288837,1739981385435339866
4947,1739981385434748281,1739981385435841345
4948,1739981385435697999,1739981385436252818
4949,1739981385436044428,1739981385437094988
4950,1739981385436443824,1739981385437711813
4951,1739981385437340685,1739981385438138678
4952,1739981385437908373,1739981385438584907
4953,1739981385438384676,1739981385439436910
4954,1739981385438790097,1739981385439940377
4955,1739981385439774493,1739981385440377601
4956,1739981385440200849,1739981385441526138
4957,1739981385440621107,1739981385441892852
4958,1739981385441783919,1739981385442670273
4959,1739981385442048114,1739981385443250819
4960,1739981385442901150,1739981385443601889
4961,1739981385443466665,1739981385444033775
4962,1739981385443839392,1739981385444495756
4963,1739981385444247222,1739981385444825797
4964,1739981385444695143,1739981385445594649
4965,1739981385445185703,1739981385446219464
4966,1739981385445871380,1739981385446576370
4967,1739981385446433498,1739981385447679015
4968,1739981385446770079,1739981385448038171
4969,1739981385447908995,1739981385448352835
4970,1739981385448234523,1739981385449040779
4971,1739981385448546114,1739981385449705298
4972,1739981385449279013,1739981385450197818
4973,1739981385449920998,1739981385450558194
4974,1739981385450447373,1739981385451513672
4975,1739981385450765395,1739981385452049423
4976,1739981385451846120,1739981385452388321
4977,1739981385452263759,1739981385453282283
4978,1739981385452639352,1739981385453803916
4979,1739981385453556366,1739981385454160559
4980,1739981385454050086,1739981385454533828
4981,1739981385454329061,1739981385455359000
4982,1739981385454742382,1739981385455790667
4983,1739981385455628539,1739981385456125189
4984,1739981385456049020,1739981385456929775
4985,1739981385456299309,1739981385457579141
4986,1739981385457337968,1739981385457994978
4987,1739981385457810144,1739981385459031150
4988,1739981385458189845,1739981385459432403
4989,1739981385459265448,1739981385459831510
4990,1739981385459666701,1739981385460709691
4991,1739981385460059871,1739981385461206370
4992,1739981385460883382,1739981385461722610
4993,1739981385461532763,1739981385462210502
4994,1739981385461945101,1739981385463074719
4995,1739981385462424973,1739981385463559703
4996,1739981385463385949,1739981385464017347
4997,1739981385463792310,1739981385464428283
4998,1739981385464289558,1739981385465417330
4999,1739981385464696034,1739981385465876555
5000,1739981385465672977,1739981385466230619
5001,1739981385466107903,1739981385467206492
5002,1739981385466434695,1739981385467666424
5003,1739981385467457007,1739981385468004506
5004,1739981385467876702,1739981385468668693
5005,1739981385468188615,1739981385469475855
5006,1739981385468964318,1739981385469868593
5007,1739981385469692692,1739981385470266809
5008,1739981385470087891,1739981385471092321
5009,1739981385470535336,1739981385471581579
5010,1739981385471419391,1739981385471937116
5011,1739981385471784750,1739981385472775885
5012,1739981385472154701,1739981385473309072
5013,1739981385473082090,1739981385473764920
5014,1739981385473539761,1739981385474734528
5015,1739981385473965828,1739981385475297022
5016,1739981385474994421,1739981385476550558
5017,1739981385475525003,1739981385477011000
5018,1739981385476829491,1739981385477467805
5019,1739981385477236727,1739981385478559190
5020,1739981385477668975,1739981385478920385
5021,1739981385478812034,1739981385479256502
5022,1739981385479164021,1739981385479679333
5023,1739981385479472680,1739981385480471709
5024,1739981385479889654,1739981385481139177
5025,1739981385480632475,1739981385481576449
5026,1739981385481361942,1739981385481969238
5027,1739981385481867971,1739981385482386990
5028,1739981385482195973,1739981385483282904
5029,1739981385482603626,1739981385483863137
5030,1739981385483638086,1739981385484436617
5031,1739981385484126334,1739981385484886315
5032,1739981385484668114,1739981385485732844
5033,1739981385485123240,1739981385486301148
5034,1739981385486134907,1739981385486831446
5035,1739981385486527716,1739981385487696462
5036,1739981385487041579,1739981385488193563
5037,1739981385488056151,1739981385488696029
5038,1739981385488389047,1739981385489559915
5039,1739981385488919950,1739981385490200514
5040,1739981385489958389,1739981385490588908
5041,1739981385490403785,1739981385491373049
5042,1739981385490984863,1739981385491860722
5043,1739981385491782534,1739981385492303967
5044,1739981385492037914,1739981385492903743
5045,1739981385492500053,1739981385493599467
5046,1739981385493149932,1739981385494018631
5047,1739981385493853129,1739981385494648393
5048,1739981385494226476,1739981385495349290
5049,1739981385494828368,1739981385496038386
5050,1739981385495731389,1739981385496408273
5051,1739981385496235591,1739981385497225001
5052,1739981385496668756,1739981385498077677
5053,1739981385497373460,1739981385498478986
5054,1739981385498310806,1739981385498901867
5055,1739981385498698474,1739981385499675165
5056,1739981385499104555,1739981385500394100
5057,1739981385499889136,1739981385500803596
5058,1739981385500621779,1739981385501316212
5059,1739981385500997442,1739981385502134023
5060,1739981385501512131,1739981385502703830
5061,1739981385502487368,1739981385503585837
5062,1739981385502926261,1739981385504068765
5063,1739981385503972684,1739981385504516833
5064,1739981385504299916,1739981385505022395
5065,1739981385504732933,1739981385505749537
5066,1739981385505211390,1739981385506258442
5067,1739981385506084807,1739981385506615834
5068,1739981385506470261,1739981385507709935
5069,1739981385506853580,1739981385508110967
5070,1739981385507951890,1739981385508550850
5071,1739981385508320306,1739981385509380822
5072,1739981385508736960,1739981385509859791
5073,1739981385509695646,1739981385510242282
5074,1739981385510057656,1739981385511058453
5075,1739981385510479195,1739981385511825746
5076,1739981385511222150,1739981385512231777
5077,1739981385512031422,1739981385512627489
5078,1739981385512408380,1739981385513544063
5079,1739981385512849686,1739981385514031089
5080,1739981385513881109,1739981385514506105
5081,1739981385514288369,1739981385515670548
5082,1739981385514704349,1739981385516009527
5083,1739981385515908477,1739981385516314173
5084,1739981385516213961,1739981385516698805
5085,1739981385516563896,1739981385517408843
5086,1739981385516894440,1739981385517895958
5087,1739981385517668649,1739981385518461497
5088,1739981385518223340,1739981385518893376
5089,1739981385518655886,1739981385519338474
5090,1739981385519093122,1739981385520101966
5091,1739981385519534982,1739981385520837613
5092,1739981385520368280,1739981385521356349
5093,1739981385521063149,1739981385522554886
5094,1739981385521574970,1739981385523058657
5095,1739981385522771264,1739981385523837454
5096,1739981385523218480,1739981385524558956
5097,1739981385524070939,1739981385525425722
5098,1739981385524789839,1739981385526042035
5099,1739981385525741184,1739981385526945912
5100,1739981385526231442,1739981385527539618
5101,1739981385527293182,1739981385528662258
5102,1739981385527805609,1739981385529155207
5103,1739981385528953488,1739981385530079381
5104,1739981385529349969,1739981385530643905
5105,1739981385530440584,1739981385531904344
5106,1739981385530859863,1739981385532357007
5107,1739981385532120300,1739981385532818901
5108,1739981385532549693,1739981385534037809
5109,1739981385532998172,1739981385534452766
5110,1739981385534217263,1739981385534845346
5111,1739981385534646735,1739981385535249744
5112,1739981385535062875,1739981385536057658
5113,1739981385535507314,1739981385536520181
5114,1739981385536411949,1739981385537002731
5115,1739981385536755247,1739981385537377941
5116,1739981385537235351,1739981385538366915
5117,1739981385537586511,1739981385538764051
5118,1739981385538606383,1739981385539228043
5119,1739981385538947317,1739981385540033007
5120,1739981385539413591,1739981385540580825
5121,1739981385540371441,1739981385540941104
5122,1739981385540790709,1739981385541807479
5123,1739981385541128039,1739981385542331518
5124,1739981385542165959,1739981385542804766
5125,1739981385542550076,1739981385543897007
5126,1739981385543057566,1739981385544399265
5127,1739981385544129891,1739981385544913988
5128,1739981385544620408,1739981385545801712
5129,1739981385545101654,1739981385546307270
5130,1739981385546160795,1739981385546697568
5131,1739981385546513303,1739981385547501826
5132,1739981385546877723,1739981385547919103
5133,1739981385547813686,1739981385548320927
5134,1739981385548128410,1739981385549294011
5135,1739981385548553979,1739981385549667018
5136,1739981385549496558,1739981385549978616
5137,1739981385549856721,1739981385550426908
5138,1739981385550196218,1739981385551208599
5139,1739981385550645644,1739981385551996924
5140,1739981385551384114,1739981385552400723
5141,1739981385552247761,1739981385552830348
5142,1739981385552631547,1739981385553262717
5143,1739981385553078122,1739981385554107245
5144,1739981385553495300,1739981385554964322
5145,1739981385554494771,1739981385555423894
5146,1739981385555205005,1739981385556369856
5147,1739981385555652794,1739981385557037567
5148,1739981385556595030,1739981385557437990
5149,1739981385557232549,1739981385557851204
5150,1739981385557640903,1739981385558725966
5151,1739981385558055899,1739981385559257386
5152,1739981385559084536,1739981385559594416
5153,1739981385559503722,1739981385560536507
5154,1739981385559720546,1739981385561001389
5155,1739981385560759569,1739981385561366591
5156,1739981385561226396,1739981385561726839
5157,1739981385561576392,1739981385562767428
5158,1739981385561927596,1739981385563283430
5159,1739981385563022599,1739981385563668495
5160,1739981385563550895,1739981385564742916
5161,1739981385563867172,1739981385565158126
5162,1739981385565041556,1739981385565622851
5163,1739981385565303968,1739981385566520867
5164,1739981385565815597,1739981385567054685
5165,1739981385566818983,1739981385567393399
5166,1739981385567185923,1739981385568310886
5167,1739981385567990819,1739981385568803549
5168,1739981385568645895,1739981385569770085
5169,1739981385569062217,1739981385570321725
5170,1739981385570167011,1739981385570921882
5171,1739981385570554591,1739981385571856102
5172,1739981385571257579,1739981385572288993
5173,1739981385572074450,1739981385573087102
5174,1739981385572504538,1739981385573743759
5175,1739981385573322743,1739981385574133995
5176,1739981385573968411,1739981385574510261
5177,1739981385574323273,1739981385575556322
5178,1739981385574711898,1739981385575939256
5179,1739981385575843949,1739981385576278481
5180,1739981385576124735,1739981385576895509
5181,1739981385576468742,1739981385577854564
5182,1739981385577101834,1739981385578272472
5183,1739981385578125289,1739981385578767051
5184,1739981385578490261,1739981385579912207
5185,1739981385578953686,1739981385580383549
5186,1739981385580165667,1739981385580784628
5187,1739981385580575569,1739981385581565187
5188,1739981385580959398,1739981385582424451
5189,1739981385581743768,1739981385582951477
5190,1739981385582661685,1739981385583348748
5191,1739981385583206393,1739981385584435331
5192,1739981385583751994,1739981385584964833
5193,1739981385584694278,1739981385585358697
5194,1739981385585174015,1739981385586224077
5195,1739981385585557694,1739981385586697793
5196,1739981385586541494,1739981385587064261
5197,1739981385586905473,1739981385587362509
5198,1739981385587229752,1739981385588444413
5199,1739981385587541688,1739981385588827861
5200,1739981385588710181,1739981385589135289
5201,1739981385588962334,1739981385590051128
5202,1739981385589331373,1739981385590506054
5203,1739981385590375103,1739981385590924564
5204,1739981385590744378,1739981385591763968
5205,1739981385591153192,1739981385592278713
5206,1739981385592127674,1739981385592657554
5207,1739981385592485017,1739981385593240054
5208,1739981385592917051,1739981385594004150
5209,1739981385593418539,1739981385594569985
5210,1739981385594238499,1739981385594906364
5211,1739981385594774595,1739981385595501453
5212,1739981385595130460,1739981385596367405
5213,1739981385595783207,1739981385596776787
5214,1739981385596583270,1739981385597580641
5215,1739981385596975084,1739981385598120218
5216,1739981385597966006,1739981385598487182
5217,1739981385598357423,1739981385599221646
5218,1739981385598701847,1739981385600247528
5219,1739981385600021562,1739981385600622199
5220,1739981385600508532,1739981385600994615
5221,1739981385600872201,1739981385601946460
5222,1739981385601425289,1739981385602356637
5223,1739981385602184444,1739981385602833277
5224,1739981385602563323,1739981385603327226
5225,1739981385603034166,1739981385604353005
5226,1739981385603863985,1739981385604723222
5227,1739981385604628149,1739981385605096350
5228,1739981385604860656,1739981385605803814
5229,1739981385605292129,1739981385606630620
5230,1739981385606007917,1739981385607020025
5231,1739981385606837015,1739981385607950656
5232,1739981385607261421,1739981385608540016
5233,1739981385608275011,1739981385609531823
5234,1739981385608750034,1739981385610032753
5235,1739981385609847766,1739981385610467507
5236,1739981385610224520,1739981385611276602
5237,1739981385610652926,1739981385611732434
5238,1739981385611590144,1739981385612178211
5239,1739981385611982777,1739981385612524747
5240,1739981385612402765,1739981385613364224
5241,1739981385612710552,1739981385613949335
5242,1739981385613723457,1739981385614531988
5243,1739981385614153043,1739981385614948774
5244,1739981385614726118,1739981385615775984
5245,1739981385615150551,1739981385616385967
5246,1739981385615977281,1739981385616753825
5247,1739981385616562216,1739981385617560831
5248,1739981385616958012,1739981385618139501
5249,1739981385617862507,1739981385618508609
5250,1739981385618379215,1739981385619674492
5251,1739981385618741165,1739981385620182670
5252,1739981385619941628,1739981385620541102
5253,1739981385620413692,1739981385621447656
5254,1739981385620742042,1739981385621972479
5255,1739981385621792874,1739981385622331763
5256,1739981385622218008,1739981385622645553
5257,1739981385622518767,1739981385623612875
5258,1739981385622829743,1739981385624146858
5259,1739981385623981730,1739981385624546087
5260,1739981385624326464,1739981385624927102
5261,1739981385624733524,1739981385625742230
5262,1739981385625135374,1739981385626407289
5263,1739981385625921280,1739981385626843970
5264,1739981385626654508,1739981385627235155
5265,1739981385627081855,1739981385627615387
5266,1739981385627443983,1739981385628414487
5267,1739981385627813141,1739981385628959167
5268,1739981385628783551,1739981385629340428
5269,1739981385629169071,1739981385630452120
5270,1739981385629520718,1739981385630887088
5271,1739981385630677272,1739981385631519204
5272,1739981385631144614,1739981385632549246
5273,1739981385632267328,1739981385633422599
5274,1739981385632765299,1739981385633888954
5275,1739981385633767472,1739981385634368715
5276,1739981385634067980,1739981385634710112
5277,1739981385634550071,1739981385635514484
5278,1739981385634894026,1739981385636102875
5279,1739981385635675054,1739981385636568184
5280,1739981385636393456,1739981385636951091
5281,1739981385636826066,1739981385637413377
5282,1739981385637177337,1739981385638262974
5283,1739981385637601458,1739981385638752564
5284,1739981385638553116,1739981385639139909
5285,1739981385639005179,1739981385640169570
5286,1739981385639339755,1739981385640529888
5287,1739981385640388150,1739981385640866496
5288,1739981385640729887,1739981385641180222
5289,1739981385641098617,1739981385641978668
5290,1739981385641295328,1739981385642593097
5291,1739981385642418215,1739981385643002453
5292,1739981385642783518,1739981385644218625
5293,1739981385643387158,1739981385644628361
5294,1739981385644501200,1739981385645011062
5295,1739981385644857712,1739981385645760278
5296,1739981385645234286,1739981385646358888
5297,1739981385645939782,1739981385646704862
5298,1739981385646613821,1739981385647123214
5299,1739981385646855320,1739981385647475902
5300,1739981385647344544,1739981385648308665
5301,1739981385647722112,1739981385648838844
5302,1739981385648636606,1739981385649304663
5303,1739981385649059223,1739981385649770752
5304,1739981385649502992,1739981385650665214
5305,1739981385650017351,1739981385651033378
5306,1739981385650947330,1739981385651392766
5307,1739981385651174008,1739981385652232727
5308,1739981385651622494,1739981385652813910
5309,1739981385652575713,1739981385653245503
5310,1739981385653052364,1739981385654357642
5311,1739981385653445155,1739981385654829795
5312,1739981385654643158,1739981385655359743
5313,1739981385655047248,1739981385656275868
5314,1739981385655568420,1739981385656790553
5315,1739981385656601469,1739981385657186658
5316,1739981385656992413,1739981385657925608
5317,1739981385657376829,1739981385658514514
5318,1739981385658340356,1739981385658953351
5319,1739981385658749150,1739981385659486691
5320,1739981385659192141,1739981385660050631
5321,1739981385659687847,1739981385660654428
5322,1739981385660452994,1739981385661041338
5323,1739981385660910342,1739981385661901214
5324,1739981385661227831,1739981385662418577
5325,1739981385662252501,1739981385662855350
5326,1739981385662635463,1739981385663718625
5327,1739981385663098445,1739981385664422357
5328,1739981385664126268,1739981385664823429
5329,1739981385664628022,1739981385665726036
5330,1739981385664998560,1739981385666351654
5331,1739981385666099758,1739981385667181546
5332,1739981385666582410,1739981385667659335
5333,1739981385667525305,1739981385668330029
5334,1739981385667836124,1739981385669154135
5335,1739981385668636673,1739981385669557159
5336,1739981385669361334,1739981385669908275
5337,1739981385669728107,1739981385670760172
5338,1739981385670092196,1739981385671187029
5339,1739981385671126613,1739981385671615847
5340,1739981385671360241,1739981385672234926
5341,1739981385671817620,1739981385672906287
5342,1739981385672511490,1739981385673311812
5343,1739981385673186709,1739981385673661794
5344,1739981385673537621,1739981385674658290
5345,1739981385673864325,1739981385675143445
5346,1739981385674888165,1739981385675620688
5347,1739981385675304430,1739981385676544999
5348,1739981385675911782,1739981385676967882
5349,1739981385676794393,1739981385677336968
5350,1739981385677201731,1739981385678175806
5351,1739981385677570712,1739981385678950675
5352,1739981385678339716,1739981385679361015
5353,1739981385679174885,1739981385679808828
5354,1739981385679555514,1739981385680923391
5355,1739981385680002558,1739981385681372709
5356,1739981385681169485,1739981385682165828
5357,1739981385681577743,1739981385682684240
5358,1739981385682351582,1739981385683169171
5359,1739981385683005414,1739981385683523052
5360,1739981385683406970,1739981385683934848
5361,1739981385683729592,1739981385684345940
5362,1739981385684153922,1739981385684984521
5363,1739981385684548050,1739981385685670068
5364,1739981385685201717,1739981385686120338
5365,1739981385685891416,1739981385686497073
5366,1739981385686345878,1739981385687549508
5367,1739981385686866270,1739981385687961611
5368,1739981385687790993,1739981385688462734
5369,1739981385688161744,1739981385689245342
5370,1739981385688648897,1739981385689838897
5371,1739981385689422377,1739981385690277825
5372,1739981385690154763,1739981385690735887
5373,1739981385690487892,1739981385691540390
5374,1739981385690924466,1739981385692152926
5375,1739981385691778558,1739981385692663508
5376,1739981385692371935,1739981385693658058
5377,1739981385693492112,1739981385694109110
5378,1739981385693924695,1739981385694596888
5379,1739981385694410472,1739981385694949714
5380,1739981385694814305,1739981385695753665
5381,1739981385695160894,1739981385696271046
5382,1739981385696047909,1739981385696621947
5383,1739981385696456272,1739981385696938949
5384,1739981385696861194,1739981385698089527
5385,1739981385697531075,1739981385698460058
5386,1739981385698377447,1739981385698870217
5387,1739981385698613069,1739981385699614710
5388,1739981385699086288,1739981385700256866
5389,1739981385699850143,1739981385700649029
5390,1739981385700470016,1739981385701687217
5391,1739981385700867721,1739981385702102197
5392,1739981385701924722,1739981385702590529
5393,1739981385702362137,1739981385703694294
5394,1739981385702773389,1739981385704195510
5395,1739981385703902912,1739981385704627464
5396,1739981385704408128,1739981385705543548
5397,1739981385704829435,1739981385706225778
5398,1739981385705906676,1739981385706626962
5399,1739981385706442030,1739981385707526830
5400,1739981385706830377,1739981385708113098
5401,1739981385707911987,1739981385708439684
5402,1739981385708323410,1739981385708740635
5403,1739981385708629252,1739981385709821359
5404,1739981385708933593,1739981385710153712
5405,1739981385710077570,1739981385710551337
5406,1739981385710327749,1739981385711361135
5407,1739981385710736993,1739981385711843550
5408,1739981385711580791,1739981385712368580
5409,1739981385712142603,1739981385712767775
5410,1739981385712625623,1739981385713612273
5411,1739981385712994614,1739981385714242698
5412,1739981385713950687,1739981385714733006
5413,1739981385714478583,1739981385715440707
5414,1739981385714952882,1739981385716187457
5415,1739981385715697026,1739981385716564691
5416,1739981385716444862,1739981385717657614
5417,1739981385716768007,1739981385718141950
5418,1739981385717829042,1739981385718678795
5419,1739981385718359354,1739981385719856197
5420,1739981385718879691,1739981385720246539
5421,1739981385720092643,1739981385721435354
5422,1739981385720500613,1739981385721850280
5423,1739981385721699893,1739981385722316819
5424,1739981385722069448,1739981385723452757
5425,1739981385722511524,1739981385723824705
5426,1739981385723729967,1739981385724249152
5427,1739981385723950483,1739981385724685438
5428,1739981385724448780,1739981385725472316
5429,1739981385724876075,1739981385726104388
5430,1739981385725620004,1739981385726546144
5431,1739981385726281005,1739981385726845535
5432,1739981385726738745,1739981385727689479
5433,1739981385727027705,1739981385728177502
5434,1739981385728030431,1739981385728541498
5435,1739981385728381929,1739981385729477080
5436,1739981385728753424,1739981385730029457
5437,1739981385729870589,1739981385730402708
5438,1739981385730246760,1739981385731199438
5439,1739981385730624390,1739981385731875239
5440,1739981385731474965,1739981385732295262
5441,1739981385732107077,1739981385732713052
5442,1739981385732491430,1739981385733889643
5443,1739981385732895909,1739981385734465257
5444,1739981385734137642,1739981385734874474
5445,1739981385734686288,1739981385736036294
5446,1739981385735077659,1739981385736364608
5447,1739981385736210244,1739981385736689834
5448,1739981385736596007,1739981385737151102
5449,1739981385736885103,1739981385738181952
5450,1739981385737355987,1739981385738530519
5451,1739981385738455752,1739981385738997815
5452,1739981385738668226,1739981385739635368
5453,1739981385739194823,1739981385740415788
5454,1739981385739868181,1739981385740792093
5455,1739981385740662603,1739981385741145281
5456,1739981385740978343,1739981385741715847
5457,1739981385741370423,1739981385742500303
5458,1739981385741897098,1739981385742918306
5459,1739981385742742002,1739981385743444685
5460,1739981385743126713,1739981385744367054
5461,1739981385743646332,1739981385744796721
5462,1739981385744616237,1739981385745206508
5463,1739981385744994996,1739981385745860334
5464,1739981385745437929,1739981385746598582
5465,1739981385746084028,1739981385746979517
5466,1739981385746825039,1739981385747336328
5467,1739981385747188987,1739981385748418462
5468,1739981385747534256,1739981385748935768
5469,1739981385748645495,1739981385749309474
5470,1739981385749174263,1739981385749657709
5471,1739981385749512281,1739981385750593402
5472,1739981385749980132,1739981385750953367
5473,1739981385750860696,1739981385751432902
5474,1739981385751108134,1739981385752279542
5475,1739981385751660684,1739981385752928148
5476,1739981385752569565,1739981385753315627
5477,1739981385753176035,1739981385754512158
5478,1739981385753522001,1739981385754995445
5479,1739981385754772447,1739981385755581451
5480,1739981385755211278,1739981385756402393
5481,1739981385755774710,1739981385756887344
5482,1739981385756752026,1739981385757285822
5483,1739981385757134222,1739981385758466942
5484,1739981385757500398,1739981385758987112
5485,1739981385758713803,1739981385759466381
5486,1739981385759245269,1739981385760350600
5487,1739981385759662604,1739981385760968730
5488,1739981385760695008,1739981385761458884
5489,1739981385761182578,1739981385762575152
5490,1739981385761649879,1739981385763022562
5491,1739981385762824188,1739981385764010390
5492,1739981385763256069,1739981385764553498
5493,1739981385764313920,1739981385764905751
5494,1739981385764744679,1739981385765323724
5495,1739981385765120614,1739981385766350306
5496,1739981385765508637,1739981385766755708
5497,1739981385766603769,1739981385767085680
5498,1739981385766948235,1739981385767918510
5499,1739981385767278511,1739981385768418553
5500,1739981385768279080,1739981385768870094
5501,1739981385768612240,1739981385769649616
5502,1739981385769053698,1739981385770294518
5503,1739981385769921760,1739981385770770018
5504,1739981385770584150,1739981385771225069
5505,1739981385770986997,1739981385771612722
5506,1739981385771435720,1739981385772683192
5507,1739981385771814311,1739981385773097676
5508,1739981385772908785,1739981385773470344
5509,1739981385773310813,1739981385774576638
5510,1739981385773679105,1739981385774994653
5511,1739981385774789425,1739981385775382676
5512,1739981385775222620,1739981385776486726
5513,1739981385775589319,1739981385776870381
5514,1739981385776690726,1739981385777185749
5515,1739981385777113500,1739981385777628875
5516,1739981385777393916,1739981385778454369
5517,1739981385777877519,1739981385778933815
5518,1739981385778795427,1739981385779300300
5519,1739981385779159772,1739981385779713581
5520,1739981385779509855,1739981385780765210
5521,1739981385779931671,1739981385781270428
5522,1739981385780980610,1739981385781676357
5523,1739981385781457028,1739981385782497029
5524,1739981385781859419,1739981385782958915
5525,1739981385782864035,1739981385783440827
5526,1739981385783088966,1739981385784631947
5527,1739981385783696088,1739981385785093459
5528,1739981385784907444,1739981385785564870
5529,1739981385785316071,1739981385786622808
5530,1739981385785756863,1739981385786994152
5531,1739981385786823125,1739981385787425592
5532,1739981385787167720,1739981385788161073
5533,1739981385787635131,1739981385788834613
5534,1739981385788417462,1739981385789286071
5535,1739981385789074581,1739981385789636508
5536,1739981385789490017,1739981385789952816
5537,1739981385789876715,1739981385790725115
5538,1739981385790086394,1739981385791461257
5539,1739981385791202736,1739981385791937295
5540,1739981385791745089,1739981385793024540
5541,1739981385792189344,1739981385793464758
5542,1739981385793261629,1739981385793829964
5543,1739981385793721328,1739981385794626376
5544,1739981385794047805,1739981385795372801
5545,1739981385794855081,1739981385795817939
5546,1739981385795628314,1739981385796714021
5547,1739981385796030845,1739981385797275150
5548,1739981385797067215,1739981385797780613
5549,1739981385797519000,1739981385799014231
5550,1739981385798026689,1739981385799390517
5551,1739981385799277103,1739981385799804888
5552,1739981385799525834,1739981385800804158
5553,1739981385800054225,1739981385801233121
5554,1739981385801075860,1739981385801722462
5555,1739981385801477579,1739981385802112921
5556,1739981385801937007,1739981385802961690
5557,1739981385802356364,1739981385803458572
5558,1739981385803330164,1739981385804043924
5559,1739981385803700121,1739981385804547391
5560,1739981385804230691,1739981385805645527
5561,1739981385804891459,1739981385806300587
5562,1739981385806021729,1739981385806704602
5563,1739981385806544526,1739981385807475206
5564,1739981385806903288,1739981385808043304
5565,1739981385807759775,1739981385808515244
5566,1739981385808268488,1739981385809340016
5567,1739981385808713242,1739981385810107244
5568,1739981385809521626,1739981385810570313
5569,1739981385810324522,1739981385810924038
5570,1739981385810818810,1739981385811797330
5571,1739981385811160877,1739981385812287124
5572,1739981385812112887,1739981385812656518
5573,1739981385812511995,1739981385813470397
5574,1739981385812871590,1739981385814018540
5575,1739981385813789131,1739981385814424411
5576,1739981385814236407,1739981385814780692
5577,1739981385814618547,1739981385815950613
5578,1739981385815014966,1739981385816394860
5579,1739981385816197387,1739981385816875108
5580,1739981385816656431,1739981385817699713
5581,1739981385817133904,1739981385818206526
5582,1739981385818092643,1739981385818580041
5583,1739981385818335602,1739981385819445289
5584,1739981385818809371,1739981385820089222
5585,1739981385819824772,1739981385820487847
5586,1739981385820306754,1739981385821618883
5587,1739981385820710352,1739981385822023134
5588,1739981385821876555,1739981385822397798
5589,1739981385822214903,1739981385823551949
5590,1739981385822590226,1739981385824063559
5591,1739981385823863889,1739981385824498825
5592,1739981385824234636,1739981385825391513
5593,1739981385824725535,1739981385825968174
5594,1739981385825660258,1739981385826351093
5595,1739981385826185100,1739981385826805325
5596,1739981385826526538,1739981385827146012
5597,1739981385826993378,1739981385827941387
5598,1739981385827346341,1739981385828539635
5599,1739981385828254738,1739981385828936119
5600,1739981385828723071,1739981385829491983
5601,1739981385829128586,1739981385830486186
5602,1739981385829884159,1739981385830906377
5603,1739981385830726240,1739981385831315647
5604,1739981385831139461,1739981385832265397
5605,1739981385831599205,1739981385832774529
5606,1739981385832552173,1739981385833168571
5607,1739981385832963538,1739981385834060488
5608,1739981385833342326,1739981385834702011
5609,1739981385834290465,1739981385835086457
5610,1739981385834914927,1739981385835849130
5611,1739981385835267350,1739981385836502522
5612,1739981385836048423,1739981385836881538
5613,1739981385836727917,1739981385837204155
5614,1739981385837079114,1739981385838272616
5615,1739981385837698787,1739981385838656182
5616,1739981385838512565,1739981385839001849
5617,1739981385838868114,1739981385839298956
5618,1739981385839216422,1739981385840380133
5619,1739981385839478951,1739981385840772853
5620,1739981385840635298,1739981385841191711
5621,1739981385841017288,1739981385841957905
5622,1739981385841399742,1739981385842625713
5623,1739981385842142703,1739981385842974432
5624,1739981385842832496,1739981385843284744
5625,1739981385843229477,1739981385844126729
5626,1739981385843443726,1739981385844867965
5627,1739981385844405956,1739981385845368053
5628,1739981385845119775,1739981385845840460
5629,1739981385845599125,1739981385846833628
5630,1739981385846091522,1739981385847307069
5631,1739981385847134810,1739981385847690032
5632,1739981385847530177,1739981385848621494
5633,1739981385847859079,1739981385849120971
5634,1739981385848914468,1739981385850076031
5635,1739981385849268736,1739981385850638241
5636,1739981385850464199,1739981385851012318
5637,1739981385850853259,1739981385851781886
5638,1739981385851213850,1739981385852549626
5639,1739981385851960666,1739981385852913740
5640,1739981385852742418,1739981385853235694
5641,1739981385853098699,1739981385853723575
5642,1739981385853410824,1739981385854468329
5643,1739981385853904652,1739981385855319687
5644,1739981385854768127,1739981385855726554
5645,1739981385855567076,1739981385856155176
5646,1739981385855923232,1739981385856961967
5647,1739981385856358621,1739981385857591783
5648,1739981385857316106,1739981385858127499
5649,1739981385857810822,1739981385859240456
5650,1739981385858309366,1739981385859670938
5651,1739981385859503255,1739981385860005617
5652,1739981385859889508,1739981385861019859
5653,1739981385860220529,1739981385861461107
5654,1739981385861235797,1739981385862367702
5655,1739981385861657264,1739981385863330040
5656,1739981385862798490,1739981385863753914
5657,1739981385863624269,1739981385864790242
5658,1739981385864036379,1739981385865445672
5659,1739981385864999638,1739981385865870557
5660,1739981385865658508,1739981385866628995
5661,1739981385866068863,1739981385867374778
5662,1739981385866781655,1739981385867746239
5663,1739981385867590918,1739981385868091872
5664,1739981385867982978,1739981385868505106
5665,1739981385868313099,1739981385868834461
5666,1739981385868695317,1739981385869659539
5667,1739981385869037313,1739981385870150347
5668,1739981385870039485,1739981385870630884
5669,1739981385870288235,1739981385871542987
5670,1739981385870852528,1739981385872191511
5671,1739981385871711227,1739981385872630146
5672,1739981385872419261,1739981385873079526
5673,1739981385872839975,1739981385873831209
5674,1739981385873287823,1739981385874447939
5675,1739981385874033430,1739981385875065583
5676,1739981385874858784,1739981385875499752
5677,1739981385875243430,1739981385876559033
5678,1739981385875674776,1739981385877015958
5679,1739981385876850944,1739981385877378234
5680,1739981385877286160,1739981385878565314
5681,1739981385877608990,1739981385879006828
5682,1739981385878829855,1739981385879534073
5683,1739981385879243568,1739981385880512027
5684,1739981385879759522,1739981385880904328
5685,1739981385880757828,1739981385881273471
5686,1739981385881157502,1739981385881759864
5687,1739981385881467130,1739981385882525753
5688,1739981385881971882,1739981385883226624
5689,1739981385882786718,1739981385883747224
5690,1739981385883470855,1739981385884263084
5691,1739981385883963764,1739981385884720082
5692,1739981385884466316,1739981385885542620
5693,1739981385884939371,1739981385886273925
5694,1739981385885762410,1739981385886644012
5695,1739981385886473631,1739981385886990162
5696,1739981385886824790,1739981385887993957
5697,1739981385887190531,1739981385888457995
5698,1739981385888235293,1739981385888898532
5699,1739981385888683754,1739981385889967405
5700,1739981385889095434,1739981385890360586
5701,1739981385890174788,1739981385890893175
5702,1739981385890641305,1739981385891799914
5703,1739981385891245288,1739981385892348731
5704,1739981385892160618,1739981385892802291
5705,1739981385892629699,1739981385893174432
5706,1739981385893020270,1739981385893978990
5707,1739981385893564027,1739981385894602954
5708,1739981385894227908,1739981385894984584
5709,1739981385894804860,1739981385895303640
5710,1739981385895164711,1739981385896024322
5711,1739981385895482521,1739981385896740580
5712,1739981385896210696,1739981385897097465
5713,1739981385896941666,1739981385897832244
5714,1739981385897283894,1739981385898525473
5715,1739981385898010643,1739981385898973877
5716,1739981385898761985,1739981385899352435
5717,1739981385899208909,1739981385900065623
5718,1739981385899555801,1739981385900738444
5719,1739981385900327303,1739981385901138039
5720,1739981385900981211,1739981385901463726
5721,1739981385901330072,1739981385902316207
5722,1739981385901666291,1739981385902927918
5723,1739981385902505596,1739981385903359430
5724,1739981385903157910,1739981385904282008
5725,1739981385903585510,1739981385905007705
5726,1739981385904465945,1739981385905337387
5727,1739981385905217976,1739981385905794571
5728,1739981385905529881,1739981385906103048
5729,1739981385905987252,1739981385906711787
5730,1739981385906280122,1739981385907449975
5731,1739981385906968469,1739981385907929171
5732,1739981385907657160,1739981385908293085
5733,1739981385908128262,1739981385909436082
5734,1739981385908493978,1739981385909843931
5735,1739981385909680356,1739981385910314093
5736,1739981385910061144,1739981385911418185
5737,1739981385910490383,1739981385911855644
5738,1739981385911618459,1739981385912210497
5739,1739981385912051769,1739981385913233498
5740,1739981385912397910,1739981385913653775
5741,1739981385913474371,1739981385914124663
5742,1739981385913870314,1739981385914747416
5743,1739981385914319535,1739981385915785807
5744,1739981385915181083,1739981385916229719
5745,1739981385916015740,1739981385916968424
5746,1739981385916432370,1739981385917764709
5747,1739981385917191765,1739981385918201309
5748,1739981385917984146,1739981385918625038
5749,1739981385918413960,1739981385919421194
5750,1739981385918830349,1739981385919932461
5751,1739981385919818884,1739981385920276874
5752,1739981385920163183,1739981385920627816
5753,1739981385920399528,1739981385921370201
5754,1739981385920832780,1739981385922061125
5755,1739981385921552205,1739981385922402971
5756,1739981385922214603,1739981385922868817
5757,1739981385922609052,1739981385923304410
5758,1739981385923048758,1739981385924302819
5759,1739981385923478305,1739981385924962568
5760,1739981385924670701,1739981385925516596
5761,1739981385925166241,1739981385926355440
5762,1739981385925788769,1739981385926796458
5763,1739981385926634142,1739981385927279668
5764,1739981385927028249,1739981385928335193
5765,1739981385927494460,1739981385928795864
5766,1739981385928595726,1739981385929193810
5767,1739981385929036901,1739981385930319702
5768,1739981385929541926,1739981385930704096
5769,1739981385930563682,1739981385931053859
5770,1739981385930886284,1739981385931837439
5771,1739981385931207059,1739981385932312987
5772,1739981385932038670,1739981385932762235
5773,1739981385932669594,1739981385933223331
5774,1739981385932977224,1739981385933553581
5775,1739981385933413619,1739981385934521923
5776,1739981385933716961,1739981385934999577
5777,1739981385934808384,1739981385935328912
5778,1739981385935232430,1739981385936243037
5779,1739981385935508648,1739981385936709051
5780,1739981385936546722,1739981385937171965
5781,1739981385936896105,1739981385938243728
5782,1739981385937326344,1739981385938620805
5783,1739981385938467785,1739981385938973089
5784,1739981385938863207,1739981385939641601
5785,1739981385939190628,1739981385940373572
5786,1739981385939939863,1739981385940914650
5787,1739981385940634934,1739981385941763341
5788,1739981385941147218,1739981385942383960
5789,1739981385942113835,1739981385943303615
5790,1739981385942595412,1739981385943900993
5791,1739981385943668730,1739981385944445492
5792,1739981385944143558,1739981385944929950
5793,1739981385944659865,1739981385945717139
5794,1739981385945113422,1739981385946227399
5795,1739981385946026279,1739981385946677441
5796,1739981385946465047,1739981385947382154
5797,1739981385946871918,1739981385948035665
5798,1739981385947631444,1739981385948523464
5799,1739981385948310092,1739981385949004824
5800,1739981385948721571,1739981385950082470
5801,1739981385949187369,1739981385950458651
5802,1739981385950291965,1739981385950943080
5803,1739981385950658541,1739981385951988838
5804,1739981385951152174,1739981385952622432
5805,1739981385952263490,1739981385953135155
5806,1739981385952808832,1739981385954340362
5807,1739981385953321248,1739981385954749847
5808,1739981385954618589,1739981385955219539
5809,1739981385954995582,1739981385956134185
5810,1739981385955443167,1739981385956675328
5811,1739981385956492277,1739981385957133097
5812,1739981385956908186,1739981385958106358
5813,1739981385957361004,1739981385958652411
5814,1739981385958462105,1739981385959047006
5815,1739981385958905433,1739981385959686861
5816,1739981385959243293,1739981385960294277
5817,1739981385959983844,1739981385960705748
5818,1739981385960540562,1739981385961060917
5819,1739981385960943401,1739981385961344005
5820,1739981385961262933,1739981385962443498
5821,1739981385961561926,1739981385962843283
5822,1739981385962735738,1739981385963317417
5823,1739981385963067210,1739981385964219637
5824,1739981385963542098,1739981385964921626
5825,1739981385964744583,1739981385965415130
5826,1739981385965138328,1739981385965847828
5827,1739981385965635618,1739981385966940291
5828,1739981385966030630,1739981385967476317
5829,1739981385967158213,1739981385967970857
5830,1739981385967738323,1739981385969012276
5831,1739981385968386903,1739981385969444902
5832,1739981385969271767,1739981385969982242
5833,1739981385969690125,1739981385971239648
5834,1739981385970177217,1739981385971848819
5835,1739981385971506336,1739981385973035881
5836,1739981385972048460,1739981385973658221
5837,1739981385973288758,1739981385974527443
5838,1739981385973905924,1739981385975304185
5839,1739981385974867211,1739981385975868061
5840,1739981385975535229,1739981385977031060
5841,1739981385976090720,1739981385977433171
5842,1739981385977258567,1739981385977842211
5843,1739981385977646617,1739981385978828152
5844,1739981385978107403,1739981385979193879
5845,1739981385979113408,1739981385979640747
5846,1739981385979359657,1739981385980175196
5847,1739981385979841300,1739981385980910765
5848,1739981385980599171,1739981385981367267
5849,1739981385981172708,1739981385981721853
5850,1739981385981591527,1739981385982593452
5851,1739981385981963464,1739981385983106073
5852,1739981385982940806,1739981385983570280
5853,1739981385983341629,1739981385984541209
5854,1739981385983796898,1739981385985235172
5855,1739981385984720434,1739981385985706740
5856,1739981385985458767,1739981385986220905
5857,1739981385985894067,1739981385987223799
5858,1739981385986411327,1739981385987815058
5859,1739981385987560688,1739981385988627013
5860,1739981385988054475,1739981385989643468
5861,1739981385988900210,1739981385990096222
5862,1739981385989866666,1739981385990993802
5863,1739981385990301031,1739981385991708156
5864,1739981385991381008,1739981385992816926
5865,1739981385991953380,1739981385993257085
5866,1739981385993075010,1739981385993760646
5867,1739981385993501662,1739981385994808694
5868,1739981385993951464,1739981385995237792
5869,1739981385995095435,1739981385995783048
5870,1739981385995411845,1739981385996451326
5871,1739981385995984304,1739981385997133141
5872,1739981385996623155,1739981385997510595
5873,1739981385997330508,1739981385998001919
5874,1739981385997717404,1739981385998336092
5875,1739981385998198539,1739981385999256469
5876,1739981385998516794,1739981385999855127
5877,1739981385999612822,1739981386000271390
5878,1739981386000079122,1739981386001024261
5879,1739981386000475681,1739981386001944900
5880,1739981386001252828,1739981386002371667
5881,1739981386002177956,1739981386002890797
5882,1739981386002588742,1739981386004055154
5883,1739981386003066750,1739981386004775005
5884,1739981386004377479,1739981386005228504
5885,1739981386005023654,1739981386006182040
5886,1739981386005419398,1739981386006779422
5887,1739981386006478864,1739981386007559858
5888,1739981386006983245,1739981386008157603
5889,1739981386007724903,1739981386008778059
5890,1739981386008462514,1739981386009179057
5891,1739981386009036980,1739981386009961396
5892,1739981386009392653,1739981386010692261
5893,1739981386010194936,1739981386011154323
5894,1739981386010894940,1739981386011543049
5895,1739981386011350808,1739981386012539402
5896,1739981386011939657,1739981386013081752
5897,1739981386012792228,1739981386013492705
5898,1739981386013312160,1739981386014514362
5899,1739981386013731956,1739981386015078267
5900,1739981386014820591,1739981386015511412
5901,1739981386015296660,1739981386016374175
5902,1739981386015714150,1739981386017033847
5903,1739981386016755115,1739981386017391528
5904,1739981386017251309,1739981386018498972
5905,1739981386017631955,1739981386019005093
5906,1739981386018744388,1739981386019423685
5907,1739981386019264275,1739981386020199618
5908,1739981386019659510,1739981386020841407
5909,1739981386020450609,1739981386021326344
5910,1739981386021186364,1739981386021712950
5911,1739981386021545774,1739981386022153564
5912,1739981386021935753,1739981386022908038
5913,1739981386022368483,1739981386023564025
5914,1739981386023164285,1739981386024016129
5915,1739981386023770523,1739981386024595070
5916,1739981386024217753,1739981386024964723
5917,1739981386024811207,1739981386026111336
5918,1739981386025175320,1739981386026518318
5919,1739981386026382277,1739981386026873678
5920,1739981386026743244,1739981386027186031
5921,1739981386027100369,1739981386028089530
5922,1739981386027396846,1739981386028723827
5923,1739981386028489470,1739981386029392950
5924,1739981386028930440,1739981386030306326
5925,1739981386029576778,1739981386030856363
5926,1739981386030601083,1739981386031782218
5927,1739981386031069509,1739981386032410012
5928,1739981386032088714,1739981386032852736
5929,1739981386032629032,1739981386033684624
5930,1739981386033056012,1739981386034305250
5931,1739981386033895219,1739981386034633656
5932,1739981386034530640,1739981386035089654
5933,1739981386034835825,1739981386036000503
5934,1739981386035287032,1739981386036493574
5935,1739981386036353110,1739981386036909738
5936,1739981386036736528,1739981386037421451
5937,1739981386037108492,1739981386038140926
5938,1739981386037638119,1739981386038664320
5939,1739981386038528681,1739981386039055019
5940,1739981386038912102,1739981386039701803
5941,1739981386039221982,1739981386040356667
5942,1739981386039944598,1739981386040838017
5943,1739981386040733543,1739981386041768721
5944,1739981386041148213,1739981386042539166
5945,1739981386041959673,1739981386043014217
5946,1739981386042753031,1739981386043566033
5947,1739981386043207673,1739981386044864412
5948,1739981386043788970,1739981386045318261
5949,1739981386045147721,1739981386046128097
5950,1739981386045554246,1739981386046878890
5951,1739981386046345515,1739981386047349448
5952,1739981386047120821,1739981386047798153
5953,1739981386047643602,1739981386048576835
5954,1739981386047977401,1739981386049241865
5955,1739981386048773700,1739981386049666105
5956,1739981386049454887,1739981386050167646
5957,1739981386049897517,1739981386050542626
5958,1739981386050376278,1739981386051012698
5959,1739981386050731832,1739981386051932557
5960,1739981386051256520,1739981386052422455
5961,1739981386052213632,1739981386052851689
5962,1739981386052689512,1739981386053696446
5963,1739981386053093205,1739981386054157496
5964,1739981386053947614,1739981386054749579
5965,1739981386054388989,1739981386055104297
5966,1739981386055002512,1739981386055540302
5967,1739981386055273975,1739981386056618623
5968,1739981386055763357,1739981386057035000
5969,1739981386056910439,1739981386057430553
5970,1739981386057248102,1739981386058557405
5971,1739981386057625988,1739981386059013396
5972,1739981386058841725,1739981386059451092
5973,1739981386059245053,1739981386060565114
5974,1739981386059646434,1739981386060936819
5975,1739981386060794194,1739981386061274202
5976,1739981386061182576,1739981386061717163
5977,1739981386061486854,1739981386062526360
5978,1739981386061917995,1739981386062951387
5979,1739981386062856269,1739981386063374147
5980,1739981386063159993,1739981386063699062
5981,1739981386063572310,1739981386064842163
5982,1739981386063988604,1739981386065309969
5983,1739981386065120261,1739981386065794256
5984,1739981386065510198,1739981386066667449
5985,1739981386065990402,1739981386067132173
5986,1739981386066967053,1739981386067507650
5987,1739981386067339451,1739981386068553667
5988,1739981386067686368,1739981386068982073
5989,1739981386068800309,1739981386069386616
5990,1739981386069194026,1739981386070536729
5991,1739981386069599598,1739981386070973004
5992,1739981386070795505,1739981386071370149
5993,1739981386071176833,1739981386072459845
5994,1739981386071558366,1739981386072850693
5995,1739981386072712293,1739981386073225053
5996,1739981386073068229,1739981386073712109
5997,1739981386073445409,1739981386074715931
5998,1739981386073901422,1739981386075179083
5999,1739981386074974466,1739981386075509987
6000,1739981386075321586,1739981386076428070
6001,1739981386075685069,1739981386076942301
6002,1739981386076745032,1739981386077394158
6003,1739981386077147578,1739981386078188692
6004,1739981386077632400,1739981386078937032
6005,1739981386078401762,1739981386079326649
6006,1739981386079192446,1739981386079676688
6007,1739981386079518036,1739981386080012698
6008,1739981386079929113,1739981386080861437
6009,1739981386080209836,1739981386081509969
6010,1739981386081201933,1739981386081906761
6011,1739981386081778592,1739981386082786113
6012,1739981386082096276,1739981386083354134
6013,1739981386083141815,1739981386083743303
6014,1739981386083571177,1739981386084597309
6015,1739981386083927517,1739981386085132777
6016,1739981386084781282,1739981386085573020
6017,1739981386085475067,1739981386085900892
6018,1739981386085738413,1739981386086341546
6019,1739981386086114434,1739981386086969205
6020,1739981386086526612,1739981386087607990
6021,1739981386087134748,1739981386087994028
6022,1739981386087838998,1739981386088427522
6023,1739981386088181699,1739981386088763021
6024,1739981386088613860,1739981386089673385
6025,1739981386088936558,1739981386090129703
6026,1739981386089965504,1739981386090510243
6027,1739981386090301621,1739981386091219261
6028,1739981386090697043,1739981386092018479
6029,1739981386091436667,1739981386092492888
6030,1739981386092254711,1739981386092883173
6031,1739981386092724374,1739981386093619458
6032,1739981386093081423,1739981386094549461
6033,1739981386093854120,1739981386094921410
6034,1739981386094804718,1739981386095857454
6035,1739981386095188827,1739981386096385118
6036,1739981386096241489,1739981386096762052
6037,1739981386096658180,1739981386097502230
6038,1739981386096972107,1739981386098191979
6039,1739981386097757708,1739981386098575892
6040,1739981386098416379,1739981386098964696
6041,1739981386098812639,1739981386099761316
6042,1739981386099195457,1739981386100385069
6043,1739981386099952579,1739981386100821341
6044,1739981386100581560,1739981386101287875
6045,1739981386101063093,1739981386101972350
6046,1739981386101468166,1739981386102530913
6047,1739981386102309809,1739981386102891968
6048,1739981386102753877,1739981386103597166
6049,1739981386103123895,1739981386104421007
6050,1739981386103740889,1739981386104864866
6051,1739981386104692519,1739981386105775368
6052,1739981386105084796,1739981386106450418
6053,1739981386106137670,1739981386107260189
6054,1739981386106721026,1739981386108068161
6055,1739981386107567681,1739981386108506701
6056,1739981386108300384,1739981386108874047
6057,1739981386108782673,1739981386109583896
6058,1739981386109098877,1739981386110266138
6059,1739981386109999465,1739981386110665640
6060,1739981386110513007,1739981386111361600
6061,1739981386110932395,1739981386112305667
6062,1739981386111603281,1739981386112729784
6063,1739981386112598528,1739981386113219357
6064,1739981386112877443,1739981386114035786
6065,1739981386113498866,1739981386114609232
6066,1739981386114413976,1739981386115033137
6067,1739981386114860350,1739981386115628604
6068,1739981386115242416,1739981386116575534
6069,1739981386115845065,1739981386117148381
6070,1739981386116850344,1739981386117586621
6071,1739981386117378814,1739981386118679761
6072,1739981386117797348,1739981386119242607
6073,1739981386118965123,1739981386119679105
6074,1739981386119518524,1739981386120865469
6075,1739981386119894075,1739981386121360642
6076,1739981386121145451,1739981386121819839
6077,1739981386121527254,1739981386122863256
6078,1739981386122004866,1739981386123365843
6079,1739981386123245534,1739981386123756827
6080,1739981386123593702,1739981386124191076
6081,1739981386124067713,1739981386124550617
6082,1739981386124365206,1739981386125236741
6083,1739981386125019479,1739981386126017221
6084,1739981386125389573,1739981386126459504
6085,1739981386126242339,1739981386127298966
6086,1739981386126654000,1739981386128055085
6087,1739981386127476415,1739981386128482559
6088,1739981386128277714,1739981386128891231
6089,1739981386128736214,1739981386129296807
6090,1739981386129114288,1739981386130123218
6091,1739981386129621380,1739981386130743764
6092,1739981386130508712,1739981386131201583
6093,1739981386130973156,1739981386132138445
6094,1739981386131426900,1739981386132700930
6095,1739981386132462554,1739981386133216540
6096,1739981386132900729,1739981386134213714
6097,1739981386133451021,1739981386134822427
6098,1739981386134621289,1739981386135244214
6099,1739981386135011271,1739981386136051153
6100,1739981386135422116,1739981386136521388
6101,1739981386136386945,1739981386137044427
6102,1739981386136707190,1739981386137385494
6103,1739981386137233323,1739981386138219680
6104,1739981386137631388,1739981386138930202
6105,1739981386138618218,1739981386139294540
6106,1739981386139126015,1739981386140020313
6107,1739981386139495555,1739981386140726044
6108,1739981386140250057,1739981386141222781
6109,1739981386141002092,1739981386141609215
6110,1739981386141450512,1739981386142396737
6111,1739981386141833734,1739981386142904237
6112,1739981386142732033,1739981386143358343
6113,1739981386143187010,1739981386144511532
6114,1739981386143569104,1739981386144938036
6115,1739981386144749692,1739981386145367909
6116,1739981386145255341,1739981386146376087
6117,1739981386145610534,1739981386146973485
6118,1739981386146716455,1739981386147381539
6119,1739981386147185895,1739981386148193030
6120,1739981386147660580,1739981386148650026
6121,1739981386148580597,1739981386148999826
6122,1739981386148819929,1739981386149455206
6123,1739981386149227232,1739981386150307263
6124,1739981386149674008,1739981386150750934
6125,1739981386150592567,1739981386151150556
6126,1739981386151032294,1739981386152378312
6127,1739981386151299581,1739981386152760445
6128,1739981386152616364,1739981386153183565
6129,1739981386152883392,1739981386154233573
6130,1739981386153408476,1739981386154605579
6131,1739981386154446729,1739981386154961916
6132,1739981386154823375,1739981386155844698
6133,1739981386155157962,1739981386156369578
6134,1739981386156176885,1739981386156769281
6135,1739981386156637581,1739981386158130261
6136,1739981386156983027,1739981386158562179
6137,1739981386158362850,1739981386158947970
6138,1739981386158766939,1739981386159664885
6139,1739981386159135807,1739981386160447426
6140,1739981386160058856,1739981386160780271
6141,1739981386160643161,1739981386161209142
6142,1739981386161055211,1739981386161502499
6143,1739981386161421715,1739981386162240032
6144,1739981386161633522,1739981386162835228
6145,1739981386162479240,1739981386163280179
6146,1739981386163024321,1739981386164120707
6147,1739981386163492197,1739981386164861910
6148,1739981386164394737,1739981386165330992
6149,1739981386165124350,1739981386166160498
6150,1739981386165583221,1739981386166911757
6151,1739981386166346618,1739981386167362456
6152,1739981386167159620,1739981386167788079
6153,1739981386167579063,1739981386168179294
6154,1739981386167968831,1739981386169279471
6155,1739981386168359969,1739981386169722900
6156,1739981386169502563,1739981386170421850
6157,1739981386169941993,1739981386170976363
6158,1739981386170702064,1739981386171444382
6159,1739981386171227328,1739981386171804038
6160,1739981386171612787,1739981386172452320
6161,1739981386171980426,1739981386173393406
6162,1739981386172623630,1739981386173774473
6163,1739981386173604661,1739981386174077402
6164,1739981386173965800,1739981386174484464
6165,1739981386174255926,1739981386174983334
6166,1739981386174725754,1739981386176052733
6167,1739981386175294313,1739981386176619757
6168,1739981386176245825,1739981386177145571
6169,1739981386176857895,1739981386178055109
6170,1739981386177340811,1739981386178588690
6171,1739981386178376112,1739981386178996196
6172,1739981386178795484,1739981386179964311
6173,1739981386179218958,1739981386180555201
6174,1739981386180337543,1739981386181727067
6175,1739981386180772736,1739981386182207847
6176,1739981386181949858,1739981386183034786
6177,1739981386182388919,1739981386183758494
6178,1739981386183190738,1739981386184356536
6179,1739981386183958520,1739981386184840581
6180,1739981386184563732,1739981386185249450
6181,1739981386185077613,1739981386186279429
6182,1739981386185650260,1739981386186646693
6183,1739981386186486532,1739981386187025592
6184,1739981386186836300,1739981386187432455
6185,1739981386187214464,1739981386188251940
6186,1739981386187612955,1739981386188763440
6187,1739981386188615631,1739981386189277289
6188,1739981386188978593,1739981386190022963
6189,1739981386189471751,1739981386190780339
6190,1739981386190245313,1739981386191163362
6191,1739981386191049537,1739981386192096821
6192,1739981386191406432,1739981386192636254
6193,1739981386192426402,1739981386192996670
6194,1739981386192843725,1739981386194015707
6195,1739981386193185984,1739981386194668031
6196,1739981386194288627,1739981386195092847
6197,1739981386194912862,1739981386195959436
6198,1739981386195314671,1739981386196523159
6199,1739981386196363942,1739981386197774671
6200,1739981386196745789,1739981386198221580
6201,1739981386197991346,1739981386198597988
6202,1739981386198427656,1739981386199532063
6203,1739981386198780953,1739981386199994173
6204,1739981386199927314,1739981386200410832
6205,1739981386200192425,1739981386200802536
6206,1739981386200647093,1739981386201531146
6207,1739981386201023017,1739981386202310386
6208,1739981386201913975,1739981386202661089
6209,1739981386202463456,1739981386203119622
6210,1739981386202875963,1739981386203503900
6211,1739981386203307721,1739981386204474822
6212,1739981386203686608,1739981386204946706
6213,1739981386204800035,1739981386205330698
6214,1739981386205169335,1739981386206146429
6215,1739981386205572349,1739981386206756793
6216,1739981386206569487,1739981386207350276
6217,1739981386207014854,1739981386208099196
6218,1739981386207559167,1739981386208827843
6219,1739981386208426833,1739981386209284677
6220,1739981386209081239,1739981386209744992
6221,1739981386209514177,1739981386210820248
6222,1739981386209939995,1739981386211237946
6223,1739981386211032333,1739981386211647051
6224,1739981386211458218,1739981386212237961
6225,1739981386211976398,1739981386212695953
6226,1739981386212446913,1739981386213249772
6227,1739981386213036456,1739981386213651673
6228,1739981386213494516,1739981386213989992
6229,1739981386213872819,1739981386214570744
6230,1739981386214201254,1739981386215398269
6231,1739981386214776516,1739981386216025197
6232,1739981386215727497,1739981386216445862
6233,1739981386216262315,1739981386216947034
6234,1739981386216671784,1739981386218040755
6235,1739981386217147095,1739981386218430211
6236,1739981386218226850,1739981386218776616
6237,1739981386218658410,1739981386219681337
6238,1739981386218982314,1739981386220292922
6239,1739981386220002592,1739981386220817101
6240,1739981386220508267,1739981386221997228
6241,1739981386221029312,1739981386222514548
6242,1739981386222271003,1739981386222917593
6243,1739981386222738188,1739981386224004418
6244,1739981386223114102,1739981386224635075
6245,1739981386224241924,1739981386225027799
6246,1739981386224837694,1739981386226108310
6247,1739981386225234521,1739981386226602162
6248,1739981386226370103,1739981386226951621
6249,1739981386226799407,1739981386227802071
6250,1739981386227180086,1739981386228435742
6251,1739981386228155355,1739981386228772326
6252,1739981386228673877,1739981386229342648
6253,1739981386228989142,1739981386230200126
6254,1739981386229622712,1739981386230576316
6255,1739981386230480318,1739981386230925460
6256,1739981386230726800,1739981386231748489
6257,1739981386231128702,1739981386232207891
6258,1739981386232055946,1739981386232640870
6259,1739981386232460176,1739981386233454752
6260,1739981386232854672,1739981386234236058
6261,1739981386233642852,1739981386234679499
6262,1739981386234466028,1739981386235183700
6263,1739981386234884689,1739981386235627910
6264,1739981386235378567,1739981386236589597
6265,1739981386236147643,1739981386237019633
6266,1739981386236834166,1739981386237989585
6267,1739981386237217168,1739981386238522696
6268,1739981386238338711,1739981386238918436
6269,1739981386238717636,1739981386239791584
6270,1739981386239128896,1739981386240253658
6271,1739981386240165252,1739981386240602028
6272,1739981386240379700,1739981386241047722
6273,1739981386240817012,1739981386241963847
6274,1739981386241389199,1739981386242350140
6275,1739981386242206884,1739981386242819784
6276,1739981386242541888,1739981386243828409
6277,1739981386243004121,1739981386244399069
6278,1739981386244053468,1739981386244788580
6279,1739981386244594328,1739981386245693867
6280,1739981386244964920,1739981386246175374
6281,1739981386246036665,1739981386246498162
6282,1739981386246354291,1739981386247502458
6283,1739981386246681192,1739981386248034383
6284,1739981386247787748,1739981386248479668
6285,1739981386248228696,1739981386249625989
6286,1739981386248724802,1739981386250091042
6287,1739981386249861780,1739981386250507486
6288,1739981386250298698,1739981386251672107
6289,1739981386250707618,1739981386252131386
6290,1739981386251938443,1739981386253017196
6291,1739981386252383973,1739981386253589937
6292,1739981386253393663,1739981386253971688
6293,1739981386253862741,1739981386254395637
6294,1739981386254163370,1739981386255427628
6295,1739981386254643584,1739981386255781416
6296,1739981386255694999,1739981386256197534
6297,1739981386255998249,1739981386257365845
6298,1739981386256454744,1739981386257777746
6299,1739981386257536313,1739981386258273434
6300,1739981386258020951,1739981386259244132
6301,1739981386258495444,1739981386259838377
6302,1739981386259612601,1739981386260288990
6303,1739981386260085745,1739981386261271036
6304,1739981386260561482,1739981386261889046
6305,1739981386261631972,1739981386262417824
6306,1739981386262152365,1739981386262834580
6307,1739981386262624376,1739981386264058278
6308,1739981386263237118,1739981386264648310
6309,1739981386264387200,1739981386265657740
6310,1739981386264910114,1739981386266153563
6311,1739981386265978710,1739981386266945219
6312,1739981386266393454,1739981386267538599
6313,1739981386267173608,1739981386267928798
6314,1739981386267743952,1739981386268367066
6315,1739981386268144807,1739981386269066750
6316,1739981386268583352,1739981386269703356
6317,1739981386269323981,1739981386270104009
6318,1739981386269960178,1739981386270527324
6319,1739981386270308907,1739981386271380490
6320,1739981386270722370,1739981386271952458
6321,1739981386271765956,1739981386272377512
6322,1739981386272195917,1739981386273486701
6323,1739981386272630819,1739981386273957212
6324,1739981386273743136,1739981386274453732
6325,1739981386274210290,1739981386274872418
6326,1739981386274665889,1739981386276018227
6327,1739981386275064269,1739981386276460122
6328,1739981386276265925,1739981386276985777
6329,1739981386276695433,1739981386278041553
6330,1739981386277237475,1739981386278479319
6331,1739981386278267569,1739981386278941474
6332,1739981386278695859,1739981386279871200
6333,1739981386279185069,1739981386280436518
6334,1739981386280249364,1739981386280802333
6335,1739981386280651913,1739981386281980423
6336,1739981386280993908,1739981386282332522
6337,1739981386282229536,1739981386282670156
6338,1739981386282478900,1739981386283065212
6339,1739981386282885048,1739981386283782684
6340,1739981386283259318,1739981386284507924
6341,1739981386283947524,1739981386285057795
6342,1739981386284741588,1739981386285447048
6343,1739981386285234755,1739981386285861431
6344,1739981386285670718,1739981386286743571
6345,1739981386286086992,1739981386287389525
6346,1739981386287082177,1739981386287822629
6347,1739981386287637826,1739981386288569582
6348,1739981386288042532,1739981386289257156
6349,1739981386288788920,1739981386289690201
6350,1739981386289510373,1739981386290560798
6351,1739981386289926385,1739981386291057870
6352,1739981386290920127,1739981386291893270
6353,1739981386291284486,1739981386292510771
6354,1739981386292260416,1739981386293449307
6355,1739981386292730940,1739981386293955038
6356,1739981386293799638,1739981386294508476
6357,1739981386294194390,1739981386294825330
6358,1739981386294682837,1739981386295798456
6359,1739981386294993592,1739981386296225845
6360,1739981386296053677,1739981386296549989
6361,1739981386296478384,1739981386297260244
6362,1739981386296684461,1739981386297902463
6363,1739981386297435522,1739981386298467745
6364,1739981386298111565,1739981386298826857
6365,1739981386298690038,1739981386299584700
6366,1739981386299006482,1739981386300284631
6367,1739981386299800863,1739981386300627277
6368,1739981386300483594,1739981386301036840
6369,1739981386300800367,1739981386301356091
6370,1739981386301227682,1739981386302356569
6371,1739981386301589511,1739981386302740489
6372,1739981386302584164,1739981386303139652
6373,1739981386302957437,1739981386304026285
6374,1739981386303342603,1739981386304614785
6375,1739981386304432108,1739981386305015646
6376,1739981386304817237,1739981386306020883
6377,1739981386305189672,1739981386306358732
6378,1739981386306236246,1739981386306645124
6379,1739981386306568967,1739981386307057438
6380,1739981386306828321,1739981386307797541
6381,1739981386307205121,1739981386308314770
6382,1739981386308178202,1739981386308670524
6383,1739981386308524299,1739981386309094907
6384,1739981386308922023,1739981386309773724
6385,1739981386309287603,1739981386310561445
6386,1739981386309959584,1739981386310993558
6387,1739981386310772661,1739981386311406462
6388,1739981386311247335,1739981386312062761
6389,1739981386311625022,1739981386312578295
6390,1739981386312313691,1739981386313216239
6391,1739981386312895644,1739981386313625050
6392,1739981386313460392,1739981386314771423
6393,1739981386313857677,1739981386315303016
6394,1739981386315040224,1739981386315696263
6395,1739981386315496435,1739981386316775427
6396,1739981386315883924,1739981386317162260
6397,1739981386317008159,1739981386317496914
6398,1739981386317365435,1739981386318308960
6399,1739981386317704923,1739981386319001525
6400,1739981386318521312,1739981386319397405
6401,1739981386319204155,1739981386320159564
6402,1739981386319614062,1739981386320937077
6403,1739981386320352520,1739981386321281771
6404,1739981386321171167,1739981386321923739
6405,1739981386321474205,1739981386322736969
6406,1739981386322219787,1739981386323182585
6407,1739981386322932697,1739981386323780661
6408,1739981386323389689,1739981386324586616
6409,1739981386324128727,1739981386325001812
6410,1739981386324786787,1739981386325391236
6411,1739981386325207065,1739981386326483550
6412,1739981386325596079,1739981386327018189
6413,1739981386326698406,1739981386327372516
6414,1739981386327225562,1739981386328414504
6415,1739981386327575445,1739981386328929839
6416,1739981386328662413,1739981386329323918
6417,1739981386329209036,1739981386330392223
6418,1739981386329533753,1739981386330757258
6419,1739981386330617057,1739981386331100401
6420,1739981386330982362,1739981386331431436
6421,1739981386331292586,1739981386332491375
6422,1739981386331634118,1739981386332852951
6423,1739981386332723309,1739981386333155646
6424,1739981386333034791,1739981386334192652
6425,1739981386333336918,1739981386334600129
6426,1739981386334491506,1739981386335055791
6427,1739981386334734966,1739981386336069251
6428,1739981386335200105,1739981386336405064
6429,1739981386336230351,1739981386336813575
6430,1739981386336621616,1739981386337732500
6431,1739981386337016776,1739981386338221874
6432,1739981386338108409,1739981386338647630
6433,1739981386338447369,1739981386339515670
6434,1739981386338837490,1739981386340178150
6435,1739981386339902282,1739981386340811315
6436,1739981386340393715,1739981386341681159
6437,1739981386341056862,1739981386342146537
6438,1739981386341906813,1739981386343268789
6439,1739981386342383799,1739981386343651483
6440,1739981386343514207,1739981386344046830
6441,1739981386343843988,1739981386344954239
6442,1739981386344273264,1739981386345379542
6443,1739981386345267650,1739981386345771552
6444,1739981386345661809,1739981386346714042
6445,1739981386345926081,1739981386347314900
6446,1739981386346918644,1739981386347728027
6447,1739981386347564010,1739981386348073866
6448,1739981386347937689,1739981386349224405
6449,1739981386348293251,1739981386349635664
6450,1739981386349484285,1739981386350060707
6451,1739981386349849617,1739981386350819164
6452,1739981386350197601,1739981386351497775
6453,1739981386351027098,1739981386351878953
6454,1739981386351720103,1739981386352268619
6455,1739981386352141642,1739981386352725758
6456,1739981386352499808,1739981386353865957
6457,1739981386352944204,1739981386354532833
6458,1739981386354102799,1739981386354923188
6459,1739981386354735927,1739981386355719819
6460,1739981386355132710,1739981386356567348
6461,1739981386355948335,1739981386357022924
6462,1739981386356803010,1739981386357439073
6463,1739981386357253175,1739981386358535594
6464,1739981386357637929,1739981386358892310
6465,1739981386358785246,1739981386359207987
6466,1739981386359129942,1739981386359637410
6467,1739981386359432972,1739981386360451553
6468,1739981386359838653,1739981386361127646
6469,1739981386361007131,1739981386361490379
6470,1739981386361365423,1739981386361919320
6471,1739981386361675707,1739981386363071409
6472,1739981386362166297,1739981386363525915
6473,1739981386363360015,1739981386363923286
6474,1739981386363700887,1739981386364495868
6475,1739981386364190683,1739981386365446404
6476,1739981386364714513,1739981386366224686
6477,1739981386365792243,1739981386367101666
6478,1739981386366526222,1739981386367862286
6479,1739981386367281701,1739981386368299902
6480,1739981386368099471,1739981386368747777
6481,1739981386368546715,1739981386369880147
6482,1739981386368947428,1739981386370307042
6483,1739981386370120320,1739981386370994715
6484,1739981386370520250,1739981386371863450
6485,1739981386371268569,1739981386372324516
6486,1739981386372081893,1739981386373103432
6487,1739981386372514587,1739981386373807964
6488,1739981386373475611,1739981386374279795
6489,1739981386374030176,1739981386374633935
6490,1739981386374502049,1739981386375792556
6491,1739981386374828013,1739981386376186279
6492,1739981386376074307,1739981386376601008
6493,1739981386376446329,1739981386377741714
6494,1739981386376832049,1739981386378149294
6495,1739981386378009970,1739981386378591310
6496,1739981386378353645,1739981386378936258
6497,1739981386378772273,1739981386379999429
6498,1739981386379389647,1739981386380409712
6499,1739981386380294643,1739981386380804561
6500,1739981386380666751,1739981386381667562
6501,1739981386380992970,1739981386382248372
6502,1739981386382019624,1739981386382994332
6503,1739981386382435003,1739981386383769748
6504,1739981386383160683,1739981386384444833
6505,1739981386384058993,1739981386384883652
6506,1739981386384689515,1739981386385696250
6507,1739981386385106509,1739981386386298797
6508,1739981386385881434,1739981386386765425
6509,1739981386386659107,1739981386387090991
6510,1739981386386955720,1739981386387555194
6511,1739981386387316401,1739981386388389100
6512,1739981386387788533,1739981386388914443
6513,1739981386388786321,1739981386389255330
6514,1739981386389144169,1739981386390339434
6515,1739981386389440143,1739981386390710521
6516,1739981386390574525,1739981386391206141
6517,1739981386390893050,1739981386391954797
6518,1739981386391426644,1739981386392701602
6519,1739981386392158165,1739981386393682144
6520,1739981386392979275,1739981386394272723
6521,1739981386393993962,1739981386394694838
6522,1739981386394553497,1739981386395724392
6523,1739981386394904587,1739981386396136194
6524,1739981386395947882,1739981386396608789
6525,1739981386396342398,1739981386397519244
6526,1739981386396802041,1739981386398103429
6527,1739981386397852378,1739981386399275094
6528,1739981386398305047,1739981386399700338
6529,1739981386399480082,1739981386400079346
6530,1739981386399948148,1739981386401378250
6531,1739981386400285136,1739981386401792720
6532,1739981386401738778,1739981386402184155
6533,1739981386402050201,1739981386402572595
6534,1739981386402425182,1739981386403385147
6535,1739981386402815299,1739981386403849452
6536,1739981386403707955,1739981386404552356
6537,1739981386404087605,1739981386404934979
6538,1739981386404819985,1739981386405965808
6539,1739981386405148022,1739981386406371984
6540,1739981386406236703,1739981386406778347
6541,1739981386406568354,1739981386407623259
6542,1739981386406981348,1739981386408178797
6543,1739981386407950355,1739981386408669661
6544,1739981386408383796,1739981386409744923
6545,1739981386408847182,1739981386410177905
6546,1739981386410035827,1739981386410648081
6547,1739981386410397933,1739981386411298738
6548,1739981386410845214,1739981386411839316
6549,1739981386411599068,1739981386412390108
6550,1739981386412195250,1739981386412788876
6551,1739981386412629671,1739981386413440848
6552,1739981386412992829,1739981386414305632
6553,1739981386413726107,1739981386414718086
6554,1739981386414544144,1739981386415065686
6555,1739981386414938431,1739981386416054394
6556,1739981386415200446,1739981386416508764
6557,1739981386416365821,1739981386416934342
6558,1739981386416702137,1739981386417908312
6559,1739981386417144949,1739981386418499371
6560,1739981386418234279,1739981386418882552
6561,1739981386418758998,1739981386419691141
6562,1739981386419089008,1739981386420250515
6563,1739981386420078721,1739981386420749974
6564,1739981386420490782,1739981386421588871
6565,1739981386420938792,1739981386422262001
6566,1739981386421782166,1739981386422672002
6567,1739981386422502718,1739981386423097591
6568,1739981386422897698,1739981386423996683
6569,1739981386423286804,1739981386424649995
6570,1739981386424443211,1739981386425078319
6571,1739981386424888659,1739981386425419653
6572,1739981386425252838,1739981386426210075
6573,1739981386425628028,1739981386426951303
6574,1739981386426456493,1739981386427325364
6575,1739981386427214756,1739981386427623667
6576,1739981386427550819,1739981386428058732
6577,1739981386427759542,1739981386429061749
6578,1739981386428235379,1739981386429511581
6579,1739981386429201881,1739981386429892229
6580,1739981386429710290,1739981386430755253
6581,1739981386430142668,1739981386431318300
6582,1739981386431069739,1739981386431956813
6583,1739981386431520035,1739981386432835689
6584,1739981386432128708,1739981386433215996
6585,1739981386433083364,1739981386433579713
6586,1739981386433459457,1739981386434876845
6587,1739981386433807456,1739981386435257387
6588,1739981386435101495,1739981386435625177
6589,1739981386435458936,1739981386436505547
6590,1739981386435822406,1739981386437011925
6591,1739981386436847184,1739981386437361103
6592,1739981386437246776,1739981386437792309
6593,1739981386437592363,1739981386438688443
6594,1739981386438003101,1739981386439132550
6595,1739981386438983720,1739981386439461864
6596,1739981386439340258,1739981386439863211
6597,1739981386439663682,1739981386440568936
6598,1739981386440137846,1739981386441372034
6599,1739981386440749718,1739981386441767791
6600,1739981386441612890,1739981386442149849
6601,1739981386441952701,1739981386442834215
6602,1739981386442327029,1739981386443574274
6603,1739981386443098145,1739981386444019150
6604,1739981386443778124,1739981386444500164
6605,1739981386444200767,1739981386445370400
6606,1739981386444712291,1739981386445872696
6607,1739981386445703675,1739981386446313097
6608,1739981386446110499,1739981386447353595
6609,1739981386446591551,1739981386447845718
6610,1739981386447694154,1739981386448241376
6611,1739981386448094620,1739981386449355195
6612,1739981386448701064,1739981386449762913
6613,1739981386449618371,1739981386450131497
6614,1739981386450011256,1739981386450568543
6615,1739981386450354149,1739981386451259454
6616,1739981386450765521,1739981386451743118
6617,1739981386451478910,1739981386452265362
6618,1739981386452083894,1739981386452720183
6619,1739981386452492289,1739981386453056374
6620,1739981386452960986,1739981386453834723
6621,1739981386453181453,1739981386454506142
6622,1739981386454197988,1739981386454857063
6623,1739981386454762208,1739981386455601716
6624,1739981386455079817,1739981386456272997
6625,1739981386455777949,1739981386456777690
6626,1739981386456516329,1739981386457148644
6627,1739981386457002953,1739981386457479365
6628,1739981386457363300,1739981386458616586
6629,1739981386457779863,1739981386459017588
6630,1739981386458888025,1739981386459849763
6631,1739981386459236248,1739981386460601060
6632,1739981386460077758,1739981386460968536
6633,1739981386460871462,1739981386461316333
6634,1739981386461111163,1739981386462388921
6635,1739981386461539495,1739981386462826655
6636,1739981386462688829,1739981386463183224
6637,1739981386463048212,1739981386463785147
6638,1739981386463445203,1739981386464650015
6639,1739981386464033897,1739981386465079786
6640,1739981386464924230,1739981386465486281
6641,1739981386465290786,1739981386466255099
6642,1739981386465685208,1739981386466827862
6643,1739981386466495937,1739981386467280269
6644,1739981386467131964,1739981386467697063
6645,1739981386467504627,1739981386468448486
6646,1739981386467892971,1739981386469258343
6647,1739981386468727885,1739981386469711990
6648,1739981386469469072,1739981386470151346
6649,1739981386469935153,1739981386470927484
6650,1739981386470363639,1739981386471586301
6651,1739981386471154502,1739981386471971428
6652,1739981386471810958,1739981386472280457
6653,1739981386472172044,1739981386473342101
6654,1739981386472474791,1739981386473719374
6655,1739981386473588769,1739981386474155284
6656,1739981386473979828,1739981386474567557
6657,1739981386474460763,1739981386475642927
6658,1739981386474746346,1739981386476025931
6659,1739981386475894662,1739981386476438058
6660,1739981386476226496,1739981386477304108
6661,1739981386476625150,1739981386477836507
6662,1739981386477609479,1739981386478309690
6663,1739981386478077756,1739981386479379160
6664,1739981386478528383,1739981386479845951
6665,1739981386479541353,1739981386480311784
6666,1739981386480040353,1739981386481459987
6667,1739981386480530830,1739981386481883806
6668,1739981386481749754,1739981386482395521
6669,1739981386482138265,1739981386483326327
6670,1739981386482619602,1739981386483840140
6671,1739981386483641269,1739981386484381295
6672,1739981386484090198,1739981386484687000
6673,1739981386484590877,1739981386485476838
6674,1739981386484896212,1739981386486111680
6675,1739981386485681428,1739981386486470103
6676,1739981386486342456,1739981386487204367
6677,1739981386486718259,1739981386487873212
6678,1739981386487383263,1739981386488389600
6679,1739981386488110166,1739981386488766938
6680,1739981386488669540,1739981386489835584
6681,1739981386488981087,1739981386490310575
6682,1739981386490062898,1739981386490864850
6683,1739981386490582121,1739981386491964790
6684,1739981386491098722,1739981386492495351
6685,1739981386492188237,1739981386492917989
6686,1739981386492752525,1739981386493804810
6687,1739981386493156230,1739981386494442400
6688,1739981386494154690,1739981386494886881
6689,1739981386494603382,1739981386495903769
6690,1739981386495088550,1739981386496303302
6691,1739981386496120777,1739981386496819740
6692,1739981386496519776,1739981386497685598
6693,1739981386497001913,1739981386498390620
6694,1739981386497847975,1739981386498811959
6695,1739981386498653319,1739981386499150075
6696,1739981386499064670,1739981386499488661
6697,1739981386499376354,1739981386500560610
6698,1739981386499703256,1739981386500934396
6699,1739981386500774324,1739981386501326033
6700,1739981386501202651,1739981386501657165
6701,1739981386501523160,1739981386502754104
6702,1739981386501873333,1739981386503143003
6703,1739981386502995216,1739981386503591689
6704,1739981386503422025,1739981386504585334
6705,1739981386503818801,1739981386505014517
6706,1739981386504878034,1739981386505372943
6707,1739981386505256207,1739981386506162309
6708,1739981386505582487,1739981386506817293
6709,1739981386506573861,1739981386507284028
6710,1739981386507088175,1739981386508375658
6711,1739981386507523024,1739981386508910280
6712,1739981386508630825,1739981386509330114
6713,1739981386509128781,1739981386510410417
6714,1739981386509563801,1739981386510849448
6715,1739981386510636028,1739981386511248174
6716,1739981386511085041,1739981386512106797
6717,1739981386511485337,1739981386512714400
6718,1739981386512459910,1739981386513062177
6719,1739981386512924006,1739981386513804687
6720,1739981386513227201,1739981386514682057
6721,1739981386513973039,1739981386515048923
6722,1739981386514891777,1739981386515461296
6723,1739981386515208237,1739981386515929055
6724,1739981386515649518,1739981386516803315
6725,1739981386516202626,1739981386517220385
6726,1739981386517060455,1739981386517606878
6727,1739981386517424441,1739981386518400136
6728,1739981386517791729,1739981386519005594
6729,1739981386518732736,1739981386519345896
6730,1739981386519202712,1739981386520180383
6731,1739981386519543183,1739981386520770632
6732,1739981386520538028,1739981386521186417
6733,1739981386520952591,1739981386522225779
6734,1739981386521363369,1739981386522716433
6735,1739981386522530892,1739981386523102757
6736,1739981386522955691,1739981386523719650
6737,1739981386523318563,1739981386524588086
6738,1739981386524008401,1739981386524932506
6739,1739981386524748650,1739981386525302673
6740,1739981386525226326,1739981386526379971
6741,1739981386525436234,1739981386526868532
6742,1739981386526607105,1739981386527303946
6743,1739981386527082076,1739981386528024243
6744,1739981386527508385,1739981386528721365
6745,1739981386528242382,1739981386529089338
6746,1739981386529011035,1739981386529893756
6747,1739981386529344361,1739981386530566040
6748,1739981386530048805,1739981386530971312
6749,1739981386530823637,1739981386531501717
6750,1739981386531177319,1739981386532248679
6751,1739981386531723886,1739981386532988477
6752,1739981386532470876,1739981386534111125
6753,1739981386533200796,1739981386534582800
6754,1739981386534325613,1739981386535372329
6755,1739981386534834472,1739981386536277499
6756,1739981386535605446,1739981386536760824
6757,1739981386536563379,1739981386537172953
6758,1739981386536985596,1739981386538209648
6759,1739981386537364077,1739981386538581087
6760,1739981386538470391,1739981386538895889
6761,1739981386538808917,1739981386539257776
6762,1739981386539112810,1739981386540177505
6763,1739981386539508839,1739981386540640871
6764,1739981386540472228,1739981386541092055
6765,1739981386540869100,1739981386542165630
6766,1739981386541277065,1739981386542573163
6767,1739981386542414945,1739981386543044752
6768,1739981386542765092,1739981386544000274
6769,1739981386543207529,1739981386544779990
6770,1739981386544334413,1739981386545268120
6771,1739981386544967174,1739981386546381331
6772,1739981386545490767,1739981386546830629
6773,1739981386546555206,1739981386547200375
6774,1739981386547035298,1739981386548399500
6775,1739981386547468608,1739981386548860388
6776,1739981386548638384,1739981386549291432
6777,1739981386549125125,1739981386550567916
6778,1739981386549488292,1739981386550996922
6779,1739981386550824510,1739981386551375677
6780,1739981386551192441,1739981386552231231
6781,1739981386551635112,1739981386552714846
6782,1739981386552576413,1739981386553076183
6783,1739981386552931992,1739981386553525476
6784,1739981386553277429,1739981386554542351
6785,1739981386554029257,1739981386554987354
6786,1739981386554868711,1739981386555476650
6787,1739981386555225275,1739981386556258890
6788,1739981386555689118,1739981386557000829
6789,1739981386556429785,1739981386557361737
6790,1739981386557203611,1739981386557784733
6791,1739981386557550293,1739981386558234360
6792,1739981386557959788,1739981386559190042
6793,1739981386558424477,1739981386559826862
6794,1739981386559456454,1739981386560354621
6795,1739981386560090757,1739981386561403131
6796,1739981386560539176,1739981386561851547
6797,1739981386561665563,1739981386562290913
6798,1739981386562124682,1739981386563420674
6799,1739981386562508980,1739981386563882278
6800,1739981386563690007,1739981386564386142
6801,1739981386564087676,1739981386565310273
6802,1739981386564605210,1739981386565967763
6803,1739981386565451170,1739981386566815407
6804,1739981386566208620,1739981386567685782
6805,1739981386567010508,1739981386568083525
6806,1739981386568168004,1739981386568623844
6807,1739981386568455934,1739981386569132680
6808,1739981386568820574,1739981386569789723
6809,1739981386569322588,1739981386570455460
6810,1739981386570033503,1739981386570909893
6811,1739981386570698239,1739981386571305097
6812,1739981386571157409,1739981386572404281
6813,1739981386571497436,1739981386572738280
6814,1739981386572638903,1739981386573098371
6815,1739981386572930957,1739981386573898454
6816,1739981386573264078,1739981386574458514
6817,1739981386574211621,1739981386574824646
6818,1739981386574666278,1739981386575565656
6819,1739981386575025267,1739981386576412982
6820,1739981386575929054,1739981386576783585
6821,1739981386576648134,1739981386577638552
6822,1739981386576994779,1739981386578504312
6823,1739981386577816416,1739981386578903547
6824,1739981386578700821,1739981386579268747
6825,1739981386579103288,1739981386580349561
6826,1739981386579566677,1739981386580690089
6827,1739981386580558378,1739981386581001010
6828,1739981386580896879,1739981386581425584
6829,1739981386581223863,1739981386582174095
6830,1739981386581621218,1739981386582810185
6831,1739981386582432295,1739981386583207283
6832,1739981386583015397,1739981386583656651
6833,1739981386583392829,1739981386584024633
6834,1739981386583885485,1739981386584488011
6835,1739981386584216698,1739981386585401293
6836,1739981386584684548,1739981386585919028
6837,1739981386585799209,1739981386586307139
6838,1739981386586160234,1739981386587187477
6839,1739981386586547584,1739981386587951193
6840,1739981386587354769,1739981386588443451
6841,1739981386588165487,1739981386588787720
6842,1739981386588715472,1739981386589690246
6843,1739981386588911478,1739981386590268487
6844,1739981386590018110,1739981386590641938
6845,1739981386590489852,1739981386591733656
6846,1739981386591213080,1739981386592170261
6847,1739981386591979094,1739981386592560710
6848,1739981386592388224,1739981386593087575
6849,1739981386592747177,1739981386593886910
6850,1739981386593248802,1739981386594330723
6851,1739981386594139795,1739981386594707538
6852,1739981386594539693,1739981386595733642
6853,1739981386594876819,1739981386596147185
6854,1739981386595972143,1739981386596595379
6855,1739981386596388930,1739981386597367793
6856,1739981386596797586,1739981386598134899
6857,1739981386597535049,1739981386598532623
6858,1739981386598354865,1739981386598885791
6859,1739981386598706350,1739981386599204961
6860,1739981386599071503,1739981386599988914
6861,1739981386599387771,1739981386600763408
6862,1739981386600122389,1739981386601278647
6863,1739981386601035035,1739981386601626418
6864,1739981386601535386,1739981386602447897
6865,1739981386601823905,1739981386603052556
6866,1739981386602807730,1739981386603423468
6867,1739981386603244384,1739981386604661021
6868,1739981386603636403,1739981386605127105
6869,1739981386604917728,1739981386605447161
6870,1739981386605287545,1739981386606123852
6871,1739981386605670657,1739981386606741205
6872,1739981386606307083,1739981386607105194
6873,1739981386606963235,1739981386607492062
6874,1739981386607368361,1739981386607824650
6875,1739981386607726698,1739981386608811312
6876,1739981386608008576,1739981386609280303
6877,1739981386609147593,1739981386609758509
6878,1739981386609506814,1739981386610612405
6879,1739981386609976616,1739981386611329263
6880,1739981386610856010,1739981386611705873
6881,1739981386611556295,1739981386612067065
6882,1739981386611915398,1739981386613139812
6883,1739981386612297539,1739981386613586093
6884,1739981386613360791,1739981386614046150
6885,1739981386613829267,1739981386614590825
6886,1739981386614233144,1739981386615720232
6887,1739981386614786502,1739981386616122031
6888,1739981386615954786,1739981386616611665
6889,1739981386616332138,1739981386617637929
6890,1739981386616960704,1739981386618083952
6891,1739981386617880933,1739981386618496485
6892,1739981386618278887,1739981386619304157
6893,1739981386618678556,1739981386619848194
6894,1739981386619459617,1739981386620318472
6895,1739981386620037015,1739981386620642901
6896,1739981386620591144,1739981386620940266
6897,1739981386620799086,1739981386621693764
6898,1739981386621148297,1739981386622576589
6899,1739981386621894903,1739981386622920561
6900,1739981386622801260,1739981386623354791
6901,1739981386623145895,1739981386624515391
6902,1739981386623547541,1739981386625036444
6903,1739981386624742605,1739981386625838560
6904,1739981386625202786,1739981386626371532
6905,1739981386626206984,1739981386626750894
6906,1739981386626611674,1739981386627890232
6907,1739981386626982442,1739981386628288265
6908,1739981386628114067,1739981386628901475
6909,1739981386628515492,1739981386629782996
6910,1739981386629263118,1739981386630437503
6911,1739981386629991292,1739981386631226544
6912,1739981386630643267,1739981386631660297
6913,1739981386631407547,1739981386632024374
6914,1739981386631865719,1739981386632880540
6915,1739981386632238905,1739981386633448684
6916,1739981386633187963,1739981386633801647
6917,1739981386633654163,1739981386634713001
6918,1739981386634272504,1739981386635300540
6919,1739981386634962401,1739981386635700952
6920,1739981386635503453,1739981386636528718
6921,1739981386635894115,1739981386637002100
6922,1739981386636894818,1739981386637412678
6923,1739981386637212788,1739981386638329521
6924,1739981386637595991,1739981386638755160
6925,1739981386638625768,1739981386639123111
6926,1739981386638991823,1739981386639964542
6927,1739981386639320812,1739981386640452772
6928,1739981386640274036,1739981386640880085
6929,1739981386640670512,1739981386641929875
6930,1739981386641306649,1739981386642404707
6931,1739981386642172882,1739981386642780751
6932,1739981386642615009,1739981386643677504
6933,1739981386642964793,1739981386644293454
6934,1739981386644051913,1739981386644641842
6935,1739981386644507753,1739981386644936869
6936,1739981386644882033,1739981386645798024
6937,1739981386645076124,1739981386646327981
6938,1739981386646175448,1739981386646638849
6939,1739981386646510404,1739981386646972228
6940,1739981386646856588,1739981386648125676
6941,1739981386647213913,1739981386648548082
6942,1739981386648368489,1739981386649004593
6943,1739981386648728881,1739981386649880278
6944,1739981386649228965,1739981386650462909
6945,1739981386650222193,1739981386650952834
6946,1739981386650708906,1739981386652192899
6947,1739981386651166724,1739981386652703507
6948,1739981386652415409,1739981386653126918
6949,1739981386652943029,1739981386654310339
6950,1739981386653342120,1739981386654767875
6951,1739981386654537993,1739981386655304101
6952,1739981386654971376,1739981386656183643
6953,1739981386655477319,1739981386656642092
6954,1739981386656504207,1739981386658076001
6955,1739981386656890198,1739981386658560554
6956,1739981386658351404,1739981386659475468
6957,1739981386658777242,1739981386659983410
6958,1739981386659814842,1739981386660326090
6959,1739981386660242251,1739981386661094045
6960,1739981386660534197,1739981386661638241
6961,1739981386661405754,1739981386662011373
6962,1739981386661839107,1739981386662492346
6963,1739981386662216357,1739981386663503454
6964,1739981386662779254,1739981386663865155
6965,1739981386663766243,1739981386664438646
6966,1739981386664026205,1739981386664807779
6967,1739981386664639537,1739981386665691086
6968,1739981386665016246,1739981386666219948
6969,1739981386666003293,1739981386666567376
6970,1739981386666468966,1739981386667692142
6971,1739981386666744125,1739981386668127593
6972,1739981386667960448,1739981386668521168
6973,1739981386668407616,1739981386669431799
6974,1739981386668724928,1739981386670066750
6975,1739981386669798368,1739981386670417773
6976,1739981386670271313,1739981386671349010
6977,1739981386670634976,1739981386671909104
6978,1739981386671725183,1739981386672257293
6979,1739981386672119799,1739981386673120354
6980,1739981386672461583,1739981386673666871
6981,1739981386673475838,1739981386673988383
6982,1739981386673881841,1739981386674913761
6983,1739981386674108379,1739981386675368650
6984,1739981386675168900,1739981386675801644
6985,1739981386675615815,1739981386676198290
6986,1739981386676027422,1739981386677265427
6987,1739981386676381988,1739981386677628392
6988,1739981386677490620,1739981386677949870
6989,1739981386677818789,1739981386678269911
6990,1739981386678149245,1739981386679040435
6991,1739981386678624643,1739981386679565422
6992,1739981386679349372,1739981386679993435
6993,1739981386679810216,1739981386680667619
6994,1739981386680201373,1739981386681409362
6995,1739981386680932830,1739981386681817639
6996,1739981386681637876,1739981386682673955
6997,1739981386682041550,1739981386683173049
6998,1739981386682983008,1739981386683526627
6999,1739981386683397848,1739981386684456754
7000,1739981386683701821,1739981386685079308
7001,1739981386684705761,1739981386685443056
7002,1739981386685322024,1739981386686194528
7003,1739981386685649738,1739981386687026035
7004,1739981386686396775,1739981386687408754
7005,1739981386687277952,1739981386687794352
7006,1739981386687617412,1739981386688814506
7007,1739981386687995818,1739981386689378690
7008,1739981386689142796,1739981386689791960
7009,1739981386689566994,1739981386690648345
7010,1739981386689994793,1739981386691145492
7011,1739981386690934756,1739981386691542131
7012,1739981386691387091,1739981386692520356
7013,1739981386691721537,1739981386692989677
7014,1739981386692845608,1739981386693610270
7015,1739981386693237857,1739981386694316124
7016,1739981386693885532,1739981386694685790
7017,1739981386694544620,1739981386695399266
7018,1739981386694920676,1739981386695932173
7019,1739981386695575925,1739981386696376203
7020,1739981386696239017,1739981386696760399
7021,1739981386696618228,1739981386697225079
7022,1739981386696965863,1739981386697963442
7023,1739981386697959384,1739981386698515690
7024,1739981386698336452,1739981386698946003
7025,1739981386698731681,1739981386699531860
7026,1739981386699154729,1739981386700357109
7027,1739981386699817815,1739981386700801558
7028,1739981386700626182,1739981386701298255
7029,1739981386701042609,1739981386702309207
7030,1739981386701515889,1739981386702773318
7031,1739981386702547322,1739981386703183429
7032,1739981386702999954,1739981386704204079
7033,1739981386703414447,1739981386704742767
7034,1739981386704545390,1739981386705284953
7035,1739981386705013096,1739981386706476378
7036,1739981386705514556,1739981386706884013
7037,1739981386706725089,1739981386707383096
7038,1739981386707152877,1739981386708559420
7039,1739981386707962455,1739981386709003614
7040,1739981386708843904,1739981386709441113
7041,1739981386709307300,1739981386711121130
7042,1739981386709619324,1739981386711710158
7043,1739981386711632072,1739981386712356452
7044,1739981386712109300,1739981386713308124
7045,1739981386712680643,1739981386713819869
7046,1739981386713637486,1739981386714247986
7047,1739981386714112355,1739981386714723191
7048,1739981386714469335,1739981386715600271
7049,1739981386714943965,1739981386716181370
7050,1739981386715976984,1739981386716552072
7051,1739981386716412658,1739981386717433818
7052,1739981386716761879,1739981386717903028
7053,1739981386717758641,1739981386718247535
7054,1739981386718121463,1739981386718997709
7055,1739981386718452082,1739981386719826094
7056,1739981386719340631,1739981386720298385
7057,1739981386720125124,1739981386720833127
7058,1739981386720538241,1739981386721748803
7059,1739981386721049886,1739981386722339917
7060,1739981386722148375,1739981386722772215
7061,1739981386722622201,1739981386723489286
7062,1739981386722969098,1739981386723941895
7063,1739981386723690951,1739981386724551369
7064,1739981386724288925,1739981386724898766
7065,1739981386724804892,1739981386725214596
7066,1739981386725028662,1739981386726100868
7067,1739981386725420572,1739981386726655766
7068,1739981386726491544,1739981386727075006
7069,1739981386726860206,1739981386727718231
7070,1739981386727314225,1739981386728614896
7071,1739981386727872971,1739981386729017195
7072,1739981386728905314,1739981386729437285
7073,1739981386729243377,1739981386730130315
7074,1739981386729635131,1739981386730818771
7075,1739981386730370948,1739981386731336099
7076,1739981386731045392,1739981386732576116
7077,1739981386731557085,1739981386732983036
7078,1739981386732841659,1739981386733334824
7079,1739981386733187296,1739981386734635644
7080,1739981386733509148,1739981386735079574
7081,1739981386734893113,1739981386735555174
7082,1739981386735328453,1739981386736398346
7083,1739981386735833111,1739981386736768417
7084,1739981386736664382,1739981386737094011
7085,1739981386737045041,1739981386737715187
7086,1739981386737226066,1739981386738450901
7087,1739981386737958951,1739981386738807610
7088,1739981386738704742,1739981386739321543
7089,1739981386739008499,1739981386739981021
7090,1739981386739527793,1739981386740737005
7091,1739981386740240280,1739981386741127434
7092,1739981386740965054,1739981386741535431
7093,1739981386741336107,1739981386742342801
7094,1739981386741732484,1739981386742800352
7095,1739981386742669449,1739981386743209800
7096,1739981386743029895,1739981386744295442
7097,1739981386743413595,1739981386744739262
7098,1739981386744544904,1739981386745142776
7099,1739981386744964685,1739981386745765592
7100,1739981386745396471,1739981386746687453
7101,1739981386745990745,1739981386747057778
7102,1739981386746962944,1739981386747382856
7103,1739981386747262666,1739981386748234926
7104,1739981386747643924,1739981386748716487
7105,1739981386748615684,1739981386749095170
7106,1739981386748941652,1739981386750195287
7107,1739981386749312279,1739981386750569250
7108,1739981386750439330,1739981386750938654
7109,1739981386750761407,1739981386752093042
7110,1739981386751125259,1739981386752465455
7111,1739981386752364945,1739981386752916540
7112,1739981386752688300,1739981386753559220
7113,1739981386753143389,1739981386754365348
7114,1739981386753834482,1739981386754766987
7115,1739981386754644040,1739981386755135698
7116,1739981386754960592,1739981386756221626
7117,1739981386755328684,1739981386756663963
7118,1739981386756432553,1739981386757065643
7119,1739981386756864109,1739981386758026760
7120,1739981386757295986,1739981386758648291
7121,1739981386758411137,1739981386759052429
7122,1739981386758890907,1739981386760100261
7123,1739981386759263670,1739981386760460994
7124,1739981386760328782,1739981386760791224
7125,1739981386760743810,1739981386761154673
7126,1739981386760965413,1739981386762209382
7127,1739981386761601621,1739981386762560435
7128,1739981386762448007,1739981386762904507
7129,1739981386762745550,1739981386763738642
7130,1739981386763115152,1739981386764446087
7131,1739981386763936482,1739981386764916423
7132,1739981386764675256,1739981386765287270
7133,1739981386765106404,1739981386766229481
7134,1739981386765489109,1739981386766605872
7135,1739981386766448466,1739981386766996567
7136,1739981386766802347,1739981386767722137
7137,1739981386767181833,1739981386768436000
7138,1739981386768220184,1739981386768889639
7139,1739981386768658005,1739981386770019750
7140,1739981386769092743,1739981386770498051
7141,1739981386770240647,1739981386771015008
7142,1739981386770700111,1739981386771708207
7143,1739981386771271869,1739981386772560461
7144,1739981386771895059,1739981386773111961
7145,1739981386772802165,1739981386773481696
7146,1739981386773370846,1739981386774534162
7147,1739981386773712781,1739981386775028384
7148,1739981386774844618,1739981386775395800
7149,1739981386775240751,1739981386776227432
7150,1739981386775592791,1739981386776788479
7151,1739981386776575231,1739981386777183042
7152,1739981386776991826,1739981386777698908
7153,1739981386777413285,1739981386778574748
7154,1739981386778192074,1739981386779069851
7155,1739981386778824304,1739981386779411324
7156,1739981386779317580,1739981386780489102
7157,1739981386779637139,1739981386780953324
7158,1739981386780682312,1739981386781382249
7159,1739981386781207865,1739981386782233730
7160,1739981386781617860,1739981386782757981
7161,1739981386782623701,1739981386783177785
7162,1739981386782948432,1739981386784311170
7163,1739981386783410589,1739981386784700339
7164,1739981386784542972,1739981386785185650
7165,1739981386784868693,1739981386786265813
7166,1739981386785362105,1739981386786686131
7167,1739981386786457121,1739981386787078734
7168,1739981386786876687,1739981386787761651
7169,1739981386787271906,1739981386788464226
7170,1739981386787988591,1739981386788888624
7171,1739981386788669920,1739981386789221697
7172,1739981386789089373,1739981386789560394
7173,1739981386789394021,1739981386790435940
7174,1739981386789845473,1739981386791025414
7175,1739981386790731747,1739981386791396731
7176,1739981386791207955,1739981386792154061
7177,1739981386791600413,1739981386792870942
7178,1739981386792373805,1739981386793341660
7179,1739981386793132374,1739981386793695544
7180,1739981386793546356,1739981386794085237
7181,1739981386793874481,1739981386794893472
7182,1739981386794479854,1739981386795445196
7183,1739981386795216942,1739981386795872578
7184,1739981386795674337,1739981386796678947
7185,1739981386796052383,1739981386797275772
7186,1739981386796847582,1739981386797802406
7187,1739981386797582317,1739981386798135948
7188,1739981386797999228,1739981386799077124
7189,1739981386798336849,1739981386799544826
7190,1739981386799423515,1739981386799914137
7191,1739981386799781023,1739981386800384377
7192,1739981386800132324,1739981386801213467
7193,1739981386800601111,1739981386801686908
7194,1739981386801609701,1739981386802190299
7195,1739981386801878967,1739981386803026690
7196,1739981386802353088,1739981386803648947
7197,1739981386803382687,1739981386804011575
7198,1739981386803856318,1739981386804433786
7199,1739981386804214337,1739981386805341303
7200,1739981386804614778,1739981386805750488
7201,1739981386805655868,1739981386806257538
7202,1739981386805932668,1739981386807071343
7203,1739981386806482236,1739981386807634077
7204,1739981386807238738,1739981386808177578
7205,1739981386807922101,1739981386808607202
7206,1739981386808401473,1739981386809258444
7207,1739981386808857657,1739981386810025121
7208,1739981386809562933,1739981386810358454
7209,1739981386810236265,1739981386811434356
7210,1739981386810557873,1739981386811879280
7211,1739981386811681063,1739981386812247859
7212,1739981386812104536,1739981386812564482
7213,1739981386812459919,1739981386813660669
7214,1739981386812771975,1739981386814029922
7215,1739981386813965533,1739981386814553965
7216,1739981386814211559,1739981386814949000
7217,1739981386814799815,1739981386815864367
7218,1739981386815166685,1739981386816401193
7219,1739981386816187171,1739981386816829813
7220,1739981386816620411,1739981386817779987
7221,1739981386817009135,1739981386818360520
7222,1739981386818149531,1739981386818731686
7223,1739981386818582837,1739981386819600377
7224,1739981386818977625,1739981386820256776
7225,1739981386819927128,1739981386820944814
7226,1739981386820511404,1739981386821683435
7227,1739981386821238923,1739981386822137486
7228,1739981386821902525,1739981386822508712
7229,1739981386822354967,1739981386822872233
7230,1739981386822707220,1739981386823758612
7231,1739981386823069648,1739981386824420686
7232,1739981386823898110,1739981386824791882
7233,1739981386824646609,1739981386825213681
7234,1739981386825012220,1739981386826007909
7235,1739981386825403924,1739981386826544247
7236,1739981386826384710,1739981386826990713
7237,1739981386826757553,1739981386828123312
7238,1739981386827189838,1739981386828564935
7239,1739981386828376876,1739981386828942673
7240,1739981386828795908,1739981386829700151
7241,1739981386829170433,1739981386830474415
7242,1739981386830013305,1739981386831009247
7243,1739981386830694293,1739981386831948197
7244,1739981386831199545,1739981386832477094
7245,1739981386832268081,1739981386832955390
7246,1739981386832682682,1739981386833767889
7247,1739981386833155382,1739981386834497508
7248,1739981386834009743,1739981386834897973
7249,1739981386834737604,1739981386835213389
7250,1739981386835095053,1739981386835518279
7251,1739981386835395747,1739981386836565449
7252,1739981386835941143,1739981386836871897
7253,1739981386836776964,1739981386837185547
7254,1739981386837050812,1739981386837703070
7255,1739981386837372400,1739981386838665036
7256,1739981386838064280,1739981386839102962
7257,1739981386838878199,1739981386839575964
7258,1739981386839307349,1739981386840668219
7259,1739981386839754574,1739981386841150183
7260,1739981386840887971,1739981386841600909
7261,1739981386841390876,1739981386842855002
7262,1739981386842036734,1739981386843322333
7263,1739981386843145022,1739981386843718904
7264,1739981386843571777,1739981386844688203
7265,1739981386843942771,1739981386845339607
7266,1739981386844912741,1739981386845776924
7267,1739981386845590940,1739981386846646865
7268,1739981386845995775,1739981386847484676
7269,1739981386846830511,1739981386847883856
7270,1739981386847696723,1739981386848562752
7271,1739981386848098583,1739981386849416770
7272,1739981386848801334,1739981386849771544
7273,1739981386849693938,1739981386850123093
7274,1739981386849920671,1739981386850584323
7275,1739981386850314630,1739981386851413856
7276,1739981386850796596,1739981386851927519
7277,1739981386851745523,1739981386852374571
7278,1739981386852160365,1739981386853131258
7279,1739981386852591036,1739981386853697610
7280,1739981386853364871,1739981386854337091
7281,1739981386854042058,1739981386854703328
7282,1739981386854517072,1739981386855038283
7283,1739981386854874159,1739981386855883946
7284,1739981386855249059,1739981386856366750
7285,1739981386856217004,1739981386856812887
7286,1739981386856607071,1739981386857860889
7287,1739981386857030209,1739981386858248029
7288,1739981386858103271,1739981386858699123
7289,1739981386858481367,1739981386859838807
7290,1739981386858885712,1739981386860198417
7291,1739981386860095278,1739981386860605288
7292,1739981386860342345,1739981386861738174
7293,1739981386861104184,1739981386862121792
7294,1739981386861955163,1739981386862512363
7295,1739981386862441746,1739981386862944179
7296,1739981386862684008,1739981386863757817
7297,1739981386863175240,1739981386864381463
7298,1739981386864109317,1739981386864791075
7299,1739981386864579456,1739981386865123979
7300,1739981386864970231,1739981386866142526
7301,1739981386865398169,1739981386866531292
7302,1739981386866347179,1739981386866958741
7303,1739981386866763323,1739981386867726792
7304,1739981386867192595,1739981386868535364
7305,1739981386868095312,1739981386868940244
7306,1739981386868798041,1739981386869286127
7307,1739981386869159155,1739981386870147787
7308,1739981386869531650,1739981386870771943
7309,1739981386870497510,1739981386871482031
7310,1739981386870976636,1739981386872180068
7311,1739981386871747116,1739981386872584627
7312,1739981386872411734,1739981386873431643
7313,1739981386872810785,1739981386874058249
7314,1739981386873749233,1739981386874584129
7315,1739981386874300149,1739981386874918806
7316,1739981386874780792,1739981386875614674
7317,1739981386875138470,1739981386876401323
7318,1739981386875840607,1739981386876860910
7319,1739981386876628355,1739981386877201829
7320,1739981386877063008,1739981386877947901
7321,1739981386877389285,1739981386878612195
7322,1739981386878113174,1739981386879032942
7323,1739981386878845411,1739981386879777429
7324,1739981386879241755,1739981386880461528
7325,1739981386880250048,1739981386880970548
7326,1739981386880728949,1739981386881839901
7327,1739981386881201782,1739981386882418748
7328,1739981386882163239,1739981386883150488
7329,1739981386882610455,1739981386883981585
7330,1739981386883403651,1739981386884476605
7331,1739981386884193943,1739981386884952433
7332,1739981386884694947,1739981386885783442
7333,1739981386885168011,1739981386886247072
7334,1739981386886113920,1739981386886729442
7335,1739981386886611133,1739981386887181681
7336,1739981386886918845,1739981386887508605
7337,1739981386887413821,1739981386888345611
7338,1739981386887843134,1739981386888809752
7339,1739981386888696731,1739981386889294845
7340,1739981386889032848,1739981386890111768
7341,1739981386889517735,1739981386890640725
7342,1739981386890466023,1739981386891195581
7343,1739981386890844943,1739981386892162949
7344,1739981386891375677,1739981386892501453
7345,1739981386892369129,1739981386892845984
7346,1739981386892714418,1739981386893873442
7347,1739981386893046112,1739981386894347733
7348,1739981386894102204,1739981386894746045
7349,1739981386894556738,1739981386895661933
7350,1739981386894942304,1739981386896164084
7351,1739981386896030909,1739981386896516155
7352,1739981386896418243,1739981386897353316
7353,1739981386896726537,1739981386897815686
7354,1739981386897639666,1739981386898179347
7355,1739981386898063438,1739981386899237873
7356,1739981386898390663,1739981386899616342
7357,1739981386899502426,1739981386899952254
7358,1739981386899816869,1739981386900850812
7359,1739981386900181261,1739981386901338001
7360,1739981386901181146,1739981386901844406
7361,1739981386901575651,1739981386902246388
7362,1739981386902023985,1739981386903263845
7363,1739981386902444904,1739981386903656167
7364,1739981386903551990,1739981386904122417
7365,1739981386903877593,1739981386904557011
7366,1739981386904343094,1739981386905577857
7367,1739981386904747825,1739981386906003847
7368,1739981386905815729,1739981386906452394
7369,1739981386906205305,1739981386907191128
7370,1739981386906645892,1739981386908001574
7371,1739981386907382511,1739981386908495846
7372,1739981386908233621,1739981386908867262
7373,1739981386908729797,1739981386909688220
7374,1739981386909081290,1739981386910383798
7375,1739981386909960215,1739981386910744537
7376,1739981386910605955,1739981386911393106
7377,1739981386910969349,1739981386912138388
7378,1739981386911759770,1739981386912489669
7379,1739981386912401024,1739981386912832402
7380,1739981386912654118,1739981386913168429
7381,1739981386913069900,1739981386914272539
7382,1739981386913540141,1739981386914707788
7383,1739981386914490162,1739981386915169772
7384,1739981386914919713,1739981386916230596
7385,1739981386915374337,1739981386916612340
7386,1739981386916473177,1739981386916970566
7387,1739981386916794325,1739981386918084436
7388,1739981386917179067,1739981386918456712
7389,1739981386918317380,1739981386918890005
7390,1739981386918712462,1739981386919824702
7391,1739981386919068669,1739981386920332843
7392,1739981386920177978,1739981386920708758
7393,1739981386920547483,1739981386921674067
7394,1739981386920927278,1739981386922015790
7395,1739981386921881197,1739981386922322376
7396,1739981386922211008,1739981386922773729
7397,1739981386922519606,1739981386923543033
7398,1739981386922968373,1739981386924199052
7399,1739981386923728720,1739981386924573272
7400,1739981386924451083,1739981386925062223
7401,1739981386924684795,1739981386925853155
7402,1739981386925232741,1739981386926467435
7403,1739981386926254774,1739981386927100999
7404,1739981386926663402,1739981386928012536
7405,1739981386927459839,1739981386928518536
7406,1739981386928278868,1739981386929049590
7407,1739981386928742143,1739981386930153101
7408,1739981386929208782,1739981386930590939
7409,1739981386930390624,1739981386930984812
7410,1739981386930786992,1739981386931781416
7411,1739981386931186036,1739981386932408407
7412,1739981386932111352,1739981386932946115
7413,1739981386932668453,1739981386934060472
7414,1739981386933122225,1739981386934647960
7415,1739981386934272746,1739981386935348015
7416,1739981386934906089,1739981386936207373
7417,1739981386935721713,1739981386936668051
7418,1739981386936469133,1739981386937923360
7419,1739981386937168935,1739981386938423350
7420,1739981386938153601,1739981386939320364
7421,1739981386938638773,1739981386939827899
7422,1739981386939675851,1739981386940151549
7423,1739981386940017158,1739981386941189640
7424,1739981386940313251,1739981386941627541
7425,1739981386941377258,1739981386941948755
7426,1739981386941821260,1739981386942448335
7427,1739981386942145027,1739981386943282827
7428,1739981386942688143,1739981386943783838
7429,1739981386943493637,1739981386944139559
7430,1739981386943959500,1739981386944531493
7431,1739981386944366127,1739981386945396236
7432,1739981386944742923,1739981386945930641
7433,1739981386945726196,1739981386946385175
7434,1739981386946164836,1739981386947179143
7435,1739981386946609254,1739981386947729524
7436,1739981386947377072,1739981386948209593
7437,1739981386948048482,1739981386948789293
7438,1739981386948513086,1739981386949899565
7439,1739981386949040967,1739981386950331896
7440,1739981386950146659,1739981386950729536
7441,1739981386950518436,1739981386951930133
7442,1739981386950905093,1739981386952372139
7443,1739981386952166727,1739981386952800394
7444,1739981386952586098,1739981386953726305
7445,1739981386953016559,1739981386954093599
7446,1739981386953969418,1739981386954519349
7447,1739981386954280297,1739981386954917309
7448,1739981386954711847,1739981386955612357
7449,1739981386955113076,1739981386956296873
7450,1739981386955887362,1739981386956745090
7451,1739981386956508610,1739981386957062976
7452,1739981386956927206,1739981386957847102
7453,1739981386957209915,1739981386958573577
7454,1739981386958095587,1739981386958956203
7455,1739981386958789222,1739981386959367330
7456,1739981386959161176,1739981386959739774
7457,1739981386959601625,1739981386960831605
7458,1739981386959947996,1739981386961298436
7459,1739981386961077344,1739981386961688333
7460,1739981386961520020,1739981386962765705
7461,1739981386961908134,1739981386963299942
7462,1739981386963022103,1739981386963734130
7463,1739981386963542773,1739981386964619924
7464,1739981386963954164,1739981386965192585
7465,1739981386964983125,1739981386965538942
7466,1739981386965405249,1739981386966322838
7467,1739981386965754065,1739981386966920257
7468,1739981386966612754,1739981386967271615
7469,1739981386967124769,1739981386967589348
7470,1739981386967467023,1739981386968408063
7471,1739981386968001353,1739981386969032057
7472,1739981386968692825,1739981386969437989
7473,1739981386969250549,1739981386970305327
7474,1739981386969621572,1739981386970840321
7475,1739981386970509049,1739981386971520103
7476,1739981386971081915,1739981386972242573
7477,1739981386971765533,1739981386972733061
7478,1739981386972509473,1739981386973241622
7479,1739981386972931656,1739981386974089876
7480,1739981386973480151,1739981386974661191
7481,1739981386974424225,1739981386975028312
7482,1739981386974915571,1739981386975794862
7483,1739981386975223318,1739981386976369647
7484,1739981386976167705,1739981386976707371
7485,1739981386976612792,1739981386977193278
7486,1739981386976909582,1739981386977993885
7487,1739981386977404284,1739981386978387101
7488,1739981386978225933,1739981386978782488
7489,1739981386978602988,1739981386979197862
7490,1739981386979025589,1739981386980306509
7491,1739981386979404740,1739981386980682330
7492,1739981386980570566,1739981386981137528
7493,1739981386980881202,1739981386982015854
7494,1739981386981342754,1739981386982606714
7495,1739981386982275205,1739981386983030994
7496,1739981386982879620,1739981386983430781
7497,1739981386983241597,1739981386984430153
7498,1739981386983639155,1739981386985011576
7499,1739981386984676072,1739981386985855475
7500,1739981386985200273,1739981386986503586
7501,1739981386986220945,1739981386986943631
7502,1739981386986731105,1739981386987922459
7503,1739981386987163177,1739981386988446467
7504,1739981386988257064,1739981386988806717
7505,1739981386988712978,1739981386989651276
7506,1739981386988976325,1739981386990260171
7507,1739981386990026213,1739981386990597251
7508,1739981386990468965,1739981386990915260
7509,1739981386990766609,1739981386991995505
7510,1739981386991092726,1739981386992418035
7511,1739981386992230226,1739981386992837875
7512,1739981386992633489,1739981386993173489
7513,1739981386993008339,1739981386994378266
7514,1739981386993336073,1739981386994778248
7515,1739981386994662232,1739981386995179321
7516,1739981386994919317,1739981386996025436
7517,1739981386995372941,1739981386996630248
7518,1739981386996332477,1739981386997218012
7519,1739981386996830128,1739981386998041935
7520,1739981386997483101,1739981386998533418
7521,1739981386998273788,1739981386999271151
7522,1739981386998748931,1739981387000075523
7523,1739981386999582792,1739981387000462868
7524,1739981387000291566,1739981387000770446
7525,1739981387000677423,1739981387001550904
7526,1739981387000955228,1739981387002092267
7527,1739981387001876936,1739981387002408799
7528,1739981387002276525,1739981387002793599
7529,1739981387002589149,1739981387003372249
7530,1739981387003087822,1739981387003997924
7531,1739981387003759679,1739981387004504831
7532,1739981387004313818,1739981387004978495
7533,1739981387004704496,1739981387005960474
7534,1739981387005177831,1739981387006358186
7535,1739981387006207674,1739981387006716000
7536,1739981387006580166,1739981387007613349
7537,1739981387006907106,1739981387008124102
7538,1739981387007966917,1739981387008494574
7539,1739981387008330986,1739981387009657488
7540,1739981387008676134,1739981387010074668
7541,1739981387009960468,1739981387010429122
7542,1739981387010267029,1739981387011192060
7543,1739981387010642578,1739981387011627859
7544,1739981387011388908,1739981387012109845
7545,1739981387011982180,1739981387012562711
7546,1739981387012353634,1739981387012871154
7547,1739981387012795578,1739981387013524615
7548,1739981387013054287,1739981387014500197
7549,1739981387013802186,1739981387014919034
7550,1739981387014744707,1739981387015411296
7551,1739981387015182535,1739981387016463311
7552,1739981387015735825,1739981387016930092
7553,1739981387016766889,1739981387017328635
7554,1739981387017186705,1739981387018539571
7555,1739981387017524132,1739981387018916797
7556,1739981387018828871,1739981387019400346
7557,1739981387019087563,1739981387020226758
7558,1739981387019612075,1739981387020988366
7559,1739981387020440496,1739981387021388000
7560,1739981387021246311,1739981387021770679
7561,1739981387021579897,1739981387022610879
7562,1739981387021941888,1739981387023218283
7563,1739981387022889282,1739981387023683068
7564,1739981387023413099,1739981387024806960
7565,1739981387023793930,1739981387025177549
7566,1739981387025046805,1739981387025507166
7567,1739981387025436561,1739981387025897700
7568,1739981387025646766,1739981387026928930
7569,1739981387026124330,1739981387027301457
7570,1739981387027197199,1739981387027763120
7571,1739981387027508613,1739981387028456306
7572,1739981387027966716,1739981387029140574
7573,1739981387028692711,1739981387029600171
7574,1739981387029402717,1739981387029977334
7575,1739981387029809743,1739981387030782250
7576,1739981387030357208,1739981387031284836
7577,1739981387031082142,1739981387031694016
7578,1739981387031492386,1739981387032505442
7579,1739981387031920734,1739981387033073912
7580,1739981387032740155,1739981387033777612
7581,1739981387033398097,1739981387034281452
7582,1739981387034022684,1739981387034717103
7583,1739981387034528891,1739981387035823245
7584,1739981387034927409,1739981387036216697
7585,1739981387036079659,1739981387036577671
7586,1739981387036415483,1739981387037010153
7587,1739981387036784200,1739981387037763609
7588,1739981387037219128,1739981387038430872
7589,1739981387037939796,1739981387038915276
7590,1739981387038648757,1739981387039257822
7591,1739981387039152456,1739981387039681628
7592,1739981387039452772,1739981387040519334
7593,1739981387039902520,1739981387041300536
7594,1739981387040807454,1739981387041729837
7595,1739981387041574555,1739981387042122813
7596,1739981387041998770,1739981387042475409
7597,1739981387042311978,1739981387043323739
7598,1739981387042690672,1739981387043904762
7599,1739981387043644380,1739981387044419207
7600,1739981387044132062,1739981387044829658
7601,1739981387044609060,1739981387045969186
7602,1739981387045039558,1739981387046400322
7603,1739981387046252043,1739981387046750179
7604,1739981387046624305,1739981387047570036
7605,1739981387046953282,1739981387048142035
7606,1739981387047778786,1739981387048530447
7607,1739981387048386770,1739981387049452198
7608,1739981387048730735,1739981387049923646
7609,1739981387049765050,1739981387050264406
7610,1739981387050111744,1739981387050823592
7611,1739981387050469305,1739981387051780111
7612,1739981387051185439,1739981387052241862
7613,1739981387052027419,1739981387052752551
7614,1739981387052484397,1739981387053570968
7615,1739981387052975579,1739981387054058478
7616,1739981387053899888,1739981387054486334
7617,1739981387054228587,1739981387054918873
7618,1739981387054730654,1739981387055955794
7619,1739981387055148224,1739981387056429094
7620,1739981387056165628,1739981387056891961
7621,1739981387056664775,1739981387057999008
7622,1739981387057159270,1739981387058420503
7623,1739981387058262325,1739981387058757881
7624,1739981387058630486,1739981387059981349
7625,1739981387058975596,1739981387060406702
7626,1739981387060197705,1739981387060811708
7627,1739981387060616603,1739981387061655932
7628,1739981387060989820,1739981387062152092
7629,1739981387062000811,1739981387062497660
7630,1739981387062377748,1739981387062960515
7631,1739981387062706184,1739981387063667703
7632,1739981387063161009,1739981387064228957
7633,1739981387064054848,1739981387064677835
7634,1739981387064431229,1739981387065043093
7635,1739981387064861801,1739981387066096669
7636,1739981387065208718,1739981387066446032
7637,1739981387066316527,1739981387066883786
7638,1739981387066694492,1739981387067342772
7639,1739981387067099800,1739981387068379784
7640,1739981387067611086,1739981387068778715
7641,1739981387068629819,1739981387069161813
7642,1739981387069015715,1739981387069880598
7643,1739981387069389606,1739981387070728848
7644,1739981387070092778,1739981387071775047
7645,1739981387070979581,1739981387072272587
7646,1739981387072080752,1739981387072667865
7647,1739981387072540416,1739981387073815101
7648,1739981387072850962,1739981387074364451
7649,1739981387074055276,1739981387074795326
7650,1739981387074584744,1739981387075686540
7651,1739981387074981297,1739981387076119732
7652,1739981387075985057,1739981387076488513
7653,1739981387076299297,1739981387077630873
7654,1739981387076702175,1739981387078029484
7655,1739981387077852049,1739981387078372736
7656,1739981387078252989,1739981387079217840
7657,1739981387078576821,1739981387079844743
7658,1739981387079603502,1739981387080220425
7659,1739981387080075779,1739981387081057523
7660,1739981387080440669,1739981387081618680
7661,1739981387081390750,1739981387082058741
7662,1739981387081859608,1739981387082927991
7663,1739981387082218246,1739981387083541404
7664,1739981387083158064,1739981387084005984
7665,1739981387083748802,1739981387084508868
7666,1739981387084202188,1739981387085382610
7667,1739981387084735486,1739981387085986099
7668,1739981387085717342,1739981387086387808
7669,1739981387086186027,1739981387087300389
7670,1739981387086576232,1739981387087964057
7671,1739981387087493299,1739981387088343882
7672,1739981387088221708,1739981387088711993
7673,1739981387088558370,1739981387089199779
7674,1739981387089010064,1739981387089892862
7675,1739981387089421531,1739981387090654649
7676,1739981387090138066,1739981387091180462
7677,1739981387090912463,1739981387092042808
7678,1739981387091398512,1739981387092582322
7679,1739981387092395116,1739981387093037169
7680,1739981387092782779,1739981387093909086
7681,1739981387093215617,1739981387094559210
7682,1739981387094577088,1739981387095134428
7683,1739981387094845939,1739981387096142666
7684,1739981387095408409,1739981387096586860
7685,1739981387096433419,1739981387097003848
7686,1739981387096817987,1739981387097894262
7687,1739981387097232750,1739981387098581997
7688,1739981387098281890,1739981387099086964
7689,1739981387098837942,1739981387099971330
7690,1739981387099318984,1739981387100593637
7691,1739981387100195471,1739981387101802930
7692,1739981387100851837,1739981387102275712
7693,1739981387102066999,1739981387103152989
7694,1739981387102471628,1739981387103876336
7695,1739981387103425971,1739981387104382515
7696,1739981387104078654,1739981387104711036
7697,1739981387104583133,1739981387105128632
7698,1739981387104901718,1739981387105443172
7699,1739981387105341289,1739981387106344813
7700,1739981387105645611,1739981387106788167
7701,1739981387106615948,1739981387107259812
7702,1739981387107000127,1739981387107597348
7703,1739981387107474009,1739981387108630294
7704,1739981387107788609,1739981387109063804
7705,1739981387108860088,1739981387109431248
7706,1739981387109334498,1739981387109790331
7707,1739981387109658919,1739981387110547459
7708,1739981387110133927,1739981387111177296
7709,1739981387110762079,1739981387111596836
7710,1739981387111416502,1739981387112471532
7711,1739981387111812056,1739981387113058456
7712,1739981387112769798,1739981387113772128
7713,1739981387113213557,1739981387114499700
7714,1739981387114025777,1739981387114904129
7715,1739981387114745570,1739981387115747528
7716,1739981387115130268,1739981387116201000
7717,1739981387116097558,1739981387116607725
7718,1739981387116335643,1739981387117073416
7719,1739981387116806689,1739981387117660647
7720,1739981387117300010,1739981387118151459
7721,1739981387117994681,1739981387118596684
7722,1739981387118382854,1739981387119325774
7723,1739981387118819179,1739981387119915095
7724,1739981387119551237,1739981387120500129
7725,1739981387120214709,1739981387121000016
7726,1739981387120752993,1739981387121476398
7727,1739981387121239990,1739981387122137191
7728,1739981387121721277,1739981387122651862
7729,1739981387122448476,1739981387123237918
7730,1739981387122910904,1739981387124131171
7731,1739981387123436927,1739981387124670961
7732,1739981387124473348,1739981387125674793
7733,1739981387124894704,1739981387126173999
7734,1739981387126030001,1739981387126686295
7735,1739981387126367922,1739981387127600276
7736,1739981387126955611,1739981387127929591
7737,1739981387127867064,1739981387128340194
7738,1739981387128128407,1739981387128797428
7739,1739981387128552667,1739981387129457469
7740,1739981387129183543,1739981387130143701
7741,1739981387129677804,1739981387130495207
7742,1739981387130412418,1739981387130945499
7743,1739981387130647516,1739981387131363199
7744,1739981387131163415,1739981387132427163
7745,1739981387131714865,1739981387132880261
7746,1739981387132680027,1739981387133357734
7747,1739981387133067676,1739981387134494846
7748,1739981387133571577,1739981387135004204
7749,1739981387134694179,1739981387135427730
7750,1739981387135192390,1739981387136389616
7751,1739981387135612313,1739981387136821046
7752,1739981387136683153,1739981387137497342
7753,1739981387137027022,1739981387138236976
7754,1739981387137824573,1739981387138643344
7755,1739981387138477570,1739981387139763892
7756,1739981387138842293,1739981387140189287
7757,1739981387139977828,1739981387141025933
7758,1739981387140428863,1739981387141719011
7759,1739981387141234128,1739981387142128268
7760,1739981387141946994,1739981387143052000
7761,1739981387142373601,1739981387143557361
7762,1739981387143410088,1739981387143903819
7763,1739981387143771628,1739981387144241483
7764,1739981387144163114,1739981387144852961
7765,1739981387144429222,1739981387145846406
7766,1739981387145199991,1739981387146275444
7767,1739981387146066793,1739981387146738514
7768,1739981387146482605,1739981387147552905
7769,1739981387146959329,1739981387148233780
7770,1739981387147927547,1739981387148753075
7771,1739981387148429847,1739981387149636443
7772,1739981387148954353,1739981387150231574
7773,1739981387149968721,1739981387150653541
7774,1739981387150484854,1739981387151694793
7775,1739981387151122663,1739981387152194732
7776,1739981387151965884,1739981387152769494
7777,1739981387152420104,1739981387153863534
7778,1739981387152984029,1739981387154396892
7779,1739981387154110572,1739981387154970481
7780,1739981387154623078,1739981387155804394
7781,1739981387155235335,1739981387156542437
7782,1739981387155994135,1739981387156980015
7783,1739981387156783551,1739981387157344698
7784,1739981387157200365,1739981387157669874
7785,1739981387157535929,1739981387158771635
7786,1739981387157846786,1739981387159127767
7787,1739981387159019433,1739981387159481234
7788,1739981387159232880,1739981387160203300
7789,1739981387159686940,1739981387160824520
7790,1739981387160461105,1739981387161221276
7791,1739981387161030796,1739981387161592856
7792,1739981387161437843,1739981387162434515
7793,1739981387161805382,1739981387162959982
7794,1739981387162847066,1739981387163383857
7795,1739981387163191857,1739981387164164199
7796,1739981387163583241,1739981387164720647
7797,1739981387164381956,1739981387165155895
7798,1739981387164981078,1739981387165622554
7799,1739981387165348090,1739981387166468957
7800,1739981387165807714,1739981387167055791
7801,1739981387166645391,1739981387167688453
7802,1739981387167424564,1739981387168062808
7803,1739981387167943527,1739981387168912331
7804,1739981387168236331,1739981387169543931
7805,1739981387169249232,1739981387170167921
7806,1739981387169753377,1739981387170823947
7807,1739981387170392256,1739981387171324330
7808,1739981387171127485,1739981387171700576
7809,1739981387171558070,1739981387172362138
7810,1739981387171900696,1739981387173222845
7811,1739981387172555812,1739981387173610956
7812,1739981387173506909,1739981387173919391
7813,1739981387173825138,1739981387175197422
7814,1739981387174151876,1739981387175583585
7815,1739981387175415398,1739981387176010122
7816,1739981387175777069,1739981387176825249
7817,1739981387176226303,1739981387177537534
7818,1739981387176997097,1739981387177934155
7819,1739981387177753942,1739981387178266701
7820,1739981387178121315,1739981387178688226
7821,1739981387178442587,1739981387179776429
7822,1739981387178894526,1739981387180191392
7823,1739981387180006858,1739981387180558139
7824,1739981387180444120,1739981387181694592
7825,1739981387180748695,1739981387182183169
7826,1739981387181949878,1739981387182574685
7827,1739981387182399126,1739981387183549643
7828,1739981387182765967,1739981387184023990
7829,1739981387183850619,1739981387184473293
7830,1739981387184250565,1739981387184954929
7831,1739981387184685795,1739981387185579909
7832,1739981387185131509,1739981387186134806
7833,1739981387185835874,1739981387186642793
7834,1739981387186517145,1739981387187160659
7835,1739981387186787041,1739981387187978597
7836,1739981387187345140,1739981387188654353
7837,1739981387188157396,1739981387188995547
7838,1739981387188852983,1739981387189394435
7839,1739981387189196267,1739981387189788902
7840,1739981387189622937,1739981387190683887
7841,1739981387189973417,1739981387191272491
7842,1739981387191073916,1739981387191718099
7843,1739981387191502698,1739981387192574387
7844,1739981387191920379,1739981387193026174
7845,1739981387192851236,1739981387193998981
7846,1739981387193244578,1739981387194599447
7847,1739981387194305124,1739981387195492555
7848,1739981387194833076,1739981387196092181
7849,1739981387195879072,1739981387196420059
7850,1739981387196286729,1739981387197306586
7851,1739981387196603186,1739981387197838258
7852,1739981387197608023,1739981387198224256
7853,1739981387198065912,1739981387198917758
7854,1739981387198449045,1739981387199407339
7855,1739981387199100172,1739981387200018458
7856,1739981387199750851,1739981387200428481
7857,1739981387200226614,1739981387201599367
7858,1739981387200624040,1739981387201978224
7859,1739981387201804936,1739981387202340131
7860,1739981387202195535,1739981387202980783
7861,1739981387202546269,1739981387203817655
7862,1739981387203233215,1739981387204453339
7863,1739981387204083572,1739981387204784145
7864,1739981387204676066,1739981387205766071
7865,1739981387204998530,1739981387206419866
7866,1739981387206083710,1739981387207361207
7867,1739981387206645977,1739981387207873952
7868,1739981387207688570,1739981387208772947
7869,1739981387208107572,1739981387209305711
7870,1739981387209131182,1739981387209669667
7871,1739981387209576906,1739981387210707409
7872,1739981387209821069,1739981387211073857
7873,1739981387210954882,1739981387211466371
7874,1739981387211320692,1739981387211807827
7875,1739981387211656836,1739981387212852738
7876,1739981387212019317,1739981387213308449
7877,1739981387213144227,1739981387213749025
7878,1739981387213554774,1739981387214691214
7879,1739981387214001040,1739981387215158393
7880,1739981387215035636,1739981387215526062
7881,1739981387215328587,1739981387216382080
7882,1739981387215722481,1739981387216907344
7883,1739981387216689531,1739981387217339341
7884,1739981387217138856,1739981387218206666
7885,1739981387217534960,1739981387219093904
7886,1739981387218767995,1739981387219516034
7887,1739981387219326627,1739981387220185281
7888,1739981387219759250,1739981387220928694
7889,1739981387220412025,1739981387221276894
7890,1739981387221181944,1739981387221611659
7891,1739981387221424674,1739981387222168792
7892,1739981387221807947,1739981387222941500
7893,1739981387222450291,1739981387223368241
7894,1739981387223225391,1739981387223755850
7895,1739981387223590036,1739981387224845270
7896,1739981387223956025,1739981387225311634
7897,1739981387225109644,1739981387225778423
7898,1739981387225535510,1739981387226633196
7899,1739981387225974007,1739981387227148384
7900,1739981387226907299,1739981387227530144
7901,1739981387227374732,1739981387228724734
7902,1739981387227711134,1739981387229190488
7903,1739981387228954699,1739981387229690603
7904,1739981387229407573,1739981387230865182
7905,1739981387229917508,1739981387231301680
7906,1739981387231106850,1739981387231765186
7907,1739981387231525098,1739981387232594710
7908,1739981387231990449,1739981387233153743
7909,1739981387232800890,1739981387233573914
7910,1739981387233397821,1739981387234551030
7911,1739981387233810198,1739981387234948479
7912,1739981387234809611,1739981387235457012
7913,1739981387235187537,1739981387236098025
7914,1739981387235647163,1739981387236828498
7915,1739981387236335242,1739981387237380867
7916,1739981387237079624,1739981387237753311
7917,1739981387237579860,1739981387238221065
7918,1739981387237965013,1739981387239355714
7919,1739981387238393539,1739981387239830563
7920,1739981387239555977,1739981387240268036
7921,1739981387240014434,1739981387241077505
7922,1739981387240464349,1739981387241826964
7923,1739981387241196978,1739981387242245512
7924,1739981387242011510,1739981387242719702
7925,1739981387242416786,1739981387243476630
7926,1739981387242930058,1739981387244472826
7927,1739981387243784304,1739981387244949520
7928,1739981387244681164,1739981387245664776
7929,1739981387245155110,1739981387246407118
7930,1739981387245822436,1739981387246913766
7931,1739981387246612534,1739981387247304417
7932,1739981387247101812,1739981387248251289
7933,1739981387247545376,1739981387248883209
7934,1739981387248672402,1739981387249252854
7935,1739981387249112458,1739981387249750395
7936,1739981387249459087,1739981387250598831
7937,1739981387250030245,1739981387250963291
7938,1739981387250855378,1739981387251344291
7939,1739981387251184739,1739981387252213773
7940,1739981387251547093,1739981387252809013
7941,1739981387252497103,1739981387253194272
7942,1739981387253041036,1739981387254433674
7943,1739981387253395895,1739981387254792444
7944,1739981387254657954,1739981387255194321
7945,1739981387255026500,1739981387256167090
7946,1739981387255510735,1739981387256573556
7947,1739981387256418788,1739981387256972023
7948,1739981387256810525,1739981387257717557
7949,1739981387257175930,1739981387258590304
7950,1739981387257984494,1739981387259044623
7951,1739981387258802296,1739981387259392448
7952,1739981387259240113,1739981387260269757
7953,1739981387259654470,1739981387260781762
7954,1739981387260615605,1739981387261154371
7955,1739981387261040233,1739981387262044780
7956,1739981387261358171,1739981387262632798
7957,1739981387262337693,1739981387262990335
7958,1739981387262850016,1739981387263818094
7959,1739981387263205817,1739981387264587720
7960,1739981387264185756,1739981387264988091
7961,1739981387264829957,1739981387265370727
7962,1739981387265193358,1739981387266293983
7963,1739981387265543428,1739981387266825825
7964,1739981387266581051,1739981387267217547
7965,1739981387266999808,1739981387268144782
7966,1739981387267395670,1739981387268611473
7967,1739981387268454827,1739981387268992994
7968,1739981387268820485,1739981387269978436
7969,1739981387269241349,1739981387270624916
7970,1739981387270615660,1739981387271086683
7971,1739981387270904358,1739981387272157695
7972,1739981387271315552,1739981387272717922
7973,1739981387272415479,1739981387273150827
7974,1739981387272941493,1739981387274357525
7975,1739981387273333898,1739981387274809796
7976,1739981387274640477,1739981387275111783
7977,1739981387275033083,1739981387275400416
7978,1739981387275325099,1739981387276457489
7979,1739981387275586829,1739981387276859508
7980,1739981387276717826,1739981387277218372
7981,1739981387277104146,1739981387278201608
7982,1739981387277418275,1739981387278607697
7983,1739981387278430103,1739981387279065026
7984,1739981387278817386,1739981387279834352
7985,1739981387279219252,1739981387280543332
7986,1739981387280015031,1739981387280925987
7987,1739981387280796885,1739981387281288038
7988,1739981387281169548,1739981387282011480
7989,1739981387281530815,1739981387282685521
7990,1739981387282410497,1739981387283613882
7991,1739981387282918004,1739981387284210511
7992,1739981387283930655,1739981387284676548
7993,1739981387284489577,1739981387285612925
7994,1739981387284865244,1739981387286149400
7995,1739981387285977473,1739981387286460981
7996,1739981387286334475,1739981387287024226
7997,1739981387286705789,1739981387287847977
7998,1739981387287351064,1739981387288220185
7999,1739981387288119724,1739981387288543418
8000,1739981387288451524,1739981387288977074
8001,1739981387288731677,1739981387290112554
8002,1739981387289180957,1739981387290549892
8003,1739981387290374960,1739981387291039524
8004,1739981387290758822,1739981387292122204
8005,1739981387291252722,1739981387292658285
8006,1739981387292344782,1739981387293123682
8007,1739981387292879335,1739981387294313125
8008,1739981387293347111,1739981387294712276
8009,1739981387294536641,1739981387295097520
8010,1739981387294901380,1739981387296157099
8011,1739981387295276919,1739981387296650600
8012,1739981387296414647,1739981387297337190
8013,1739981387296867574,1739981387298079747
8014,1739981387297583156,1739981387298598348
8015,1739981387298309750,1739981387299621649
8016,1739981387298793302,1739981387300075708
8017,1739981387299867922,1739981387300900450
8018,1739981387300262766,1739981387301649792
8019,1739981387301195676,1739981387302000010
8020,1739981387301852789,1739981387302410592
8021,1739981387302188546,1739981387303215455
8022,1739981387302613935,1739981387303707553
8023,1739981387303569913,1739981387304173868
8024,1739981387303890644,1739981387304509175
8025,1739981387304376568,1739981387305601685
8026,1739981387304693416,1739981387306057399
8027,1739981387305890166,1739981387306379865
8028,1739981387306249775,1739981387307205086
8029,1739981387306593106,1739981387307682412
8030,1739981387307547336,1739981387308056393
8031,1739981387307927526,1739981387309086277
8032,1739981387308253853,1739981387309434205
8033,1739981387309323602,1739981387309832406
8034,1739981387309698141,1739981387310779522
8035,1739981387310083865,1739981387311258677
8036,1739981387311125160,1739981387311622764
8037,1739981387311505843,1739981387312393463
8038,1739981387311835068,1739981387313181396
8039,1739981387312607397,1739981387313526883
8040,1739981387313402744,1739981387313983773
8041,1739981387313710916,1739981387314378326
8042,1739981387314178445,1739981387314689935
8043,1739981387314612735,1739981387315412464
8044,1739981387314881067,1739981387315988542
8045,1739981387315595925,1739981387316407558
8046,1739981387316233899,1739981387316820890
8047,1739981387316673145,1739981387317493906
8048,1739981387317012703,1739981387318389337
8049,1739981387317743823,1739981387318794615
8050,1739981387318629802,1739981387319138830
8051,1739981387319014860,1739981387320177857
8052,1739981387319360901,1739981387320612181
8053,1739981387320397871,1739981387321005520
8054,1739981387320874592,1739981387322159965
8055,1739981387321211289,1739981387322553878
8056,1739981387322335253,1739981387322955203
8057,1739981387322765298,1739981387323457912
8058,1739981387323208308,1739981387324317314
8059,1739981387323700231,1739981387324681984
8060,1739981387324556308,1739981387325114045
8061,1739981387324928343,1739981387325437156
8062,1739981387325315502,1739981387326242996
8063,1739981387325628185,1739981387326872150
8064,1739981387326564687,1739981387327259228
8065,1739981387327074758,1739981387328150009
8066,1739981387327452485,1739981387328641186
8067,1739981387328468518,1739981387329065010
8068,1739981387328838652,1739981387330153274
8069,1739981387329208556,1739981387330527127
8070,1739981387330367748,1739981387330898989
8071,1739981387330712177,1739981387331694754
8072,1739981387331127306,1739981387332516596
8073,1739981387331945897,1739981387333455055
8074,1739981387332734362,1739981387334106736
8075,1739981387333817775,1739981387334490414
8076,1739981387334297817,1739981387335530968
8077,1739981387334701575,1739981387336038439
8078,1739981387335761193,1739981387336471658
8079,1739981387336228548,1739981387337469041
8080,1739981387336669964,1739981387338017140
8081,1739981387337781737,1739981387338333099
8082,1739981387338220127,1739981387338636661
8083,1739981387338579994,1739981387339678602
8084,1739981387338824530,1739981387340034069
8085,1739981387339915154,1739981387340360798
8086,1739981387340226080,1739981387340844369
8087,1739981387340572738,1739981387341678596
8088,1739981387341077074,1739981387342318435
8089,1739981387342034132,1739981387342701816
8090,1739981387342507962,1739981387343639342
8091,1739981387342908435,1739981387344156116
8092,1739981387343980010,1739981387344711492
8093,1739981387344509807,1739981387345211748
8094,1739981387344882732,1739981387345995379
8095,1739981387345393967,1739981387346525933
8096,1739981387346377852,1739981387347073065
8097,1739981387346786296,1739981387348168810
8098,1739981387347297312,1739981387348595291
8099,1739981387348403009,1739981387349463759
8100,1739981387348815252,1739981387349916047
8101,1739981387349798497,1739981387350266968
8102,1739981387350134061,1739981387351113094
8103,1739981387350476093,1739981387351584325
8104,1739981387351496112,1739981387351933166
8105,1739981387351718825,1739981387352786508
8106,1739981387352138120,1739981387353377555
8107,1739981387353090913,1739981387353798655
8108,1739981387353618222,1739981387354837503
8109,1739981387354007748,1739981387355319899
8110,1739981387355084804,1739981387355772758
8111,1739981387355509357,1739981387356725657
8112,1739981387355949873,1739981387357145964
8113,1739981387356966719,1739981387357512459
8114,1739981387357373116,1739981387358685530
8115,1739981387357750798,1739981387359200611
8116,1739981387358921188,1739981387360059096
8117,1739981387359427131,1739981387360528999
8118,1739981387360351259,1739981387360945779
8119,1739981387360763615,1739981387362149773
8120,1739981387361128783,1739981387362520805
8121,1739981387362391783,1739981387363283599
8122,1739981387362725593,1739981387363937278
8123,1739981387363504767,1739981387364365284
8124,1739981387364232445,1739981387364668839
8125,1739981387364590502,1739981387365070862
8126,1739981387364796706,1739981387365953284
8127,1739981387365207417,1739981387366400207
8128,1739981387366229791,1739981387366915284
8129,1739981387366618904,1739981387367529263
8130,1739981387367120468,1739981387368312610
8131,1739981387367815257,1739981387368738177
8132,1739981387368523842,1739981387369329696
8133,1739981387368920809,1739981387370109674
8134,1739981387369664577,1739981387370495951
8135,1739981387370343465,1739981387370862918
8136,1739981387370706068,1739981387371288669
8137,1739981387371069300,1739981387372425758
8138,1739981387371455911,1739981387372893097
8139,1739981387372659007,1739981387373446934
8140,1739981387373151932,1739981387374665562
8141,1739981387373628427,1739981387375058331
8142,1739981387374899676,1739981387375760484
8143,1739981387375206021,1739981387376532898
8144,1739981387376045231,1739981387376946764
8145,1739981387376811358,1739981387378012317
8146,1739981387377144277,1739981387378460441
8147,1739981387378251934,1739981387378796483
8148,1739981387378671608,1739981387379601562
8149,1739981387378979379,1739981387380146828
8150,1739981387379919734,1739981387380502337
8151,1739981387380382358,1739981387381052699
8152,1739981387380754555,1739981387381922251
8153,1739981387381397235,1739981387382363162
8154,1739981387382195256,1739981387382772252
8155,1739981387382589738,1739981387383530347
8156,1739981387382972494,1739981387384425957
8157,1739981387383823000,1739981387384843642
8158,1739981387384676715,1739981387385468299
8159,1739981387385081150,1739981387386368398
8160,1739981387385669320,1739981387386710974
8161,1739981387386559537,1739981387387087721
8162,1739981387386923262,1739981387388313377
8163,1739981387387271232,1739981387388731322
8164,1739981387388552021,1739981387389145430
8165,1739981387388931525,1739981387390264463
8166,1739981387389309182,1739981387390641078
8167,1739981387390504856,1739981387390988024
8168,1739981387390857709,1739981387391361519
8169,1739981387391191649,1739981387392075627
8170,1739981387391686976,1739981387392686520
8171,1739981387392255011,1739981387393042991
8172,1739981387392931471,1739981387393508981
8173,1739981387393217079,1739981387394514376
8174,1739981387393705741,1739981387395034525
8175,1739981387394747188,1739981387395566596
8176,1739981387395248549,1739981387396222316
8177,1739981387395826159,1739981387396721971
8178,1739981387396589059,1739981387397108015
8179,1739981387396948090,1739981387398060998
8180,1739981387397347650,1739981387398600933
8181,1739981387398415545,1739981387399045196
8182,1739981387398795876,1739981387399701074
8183,1739981387399648390,1739981387400423153
8184,1739981387400048684,1739981387400874595
8185,1739981387400699876,1739981387402028492
8186,1739981387401072204,1739981387402448889
8187,1739981387402310541,1739981387402819513
8188,1739981387402733371,1739981387403443159
8189,1739981387402965993,1739981387404239446
8190,1739981387403718069,1739981387404639776
8191,1739981387404461354,1739981387404972194
8192,1739981387404849023,1739981387405428513
8193,1739981387405164007,1739981387406234943
8194,1739981387405639387,1739981387406811940
8195,1739981387406614328,1739981387407193837
8196,1739981387407023898,1739981387408026160
8197,1739981387407441622,1739981387408909336
8198,1739981387408209070,1739981387409334205
8199,1739981387409139836,1739981387409700032
8200,1739981387409514354,1739981387410554101
8201,1739981387409953321,1739981387411127400
8202,1739981387410872393,1739981387411611917
8203,1739981387411335711,1739981387412716071
8204,1739981387412130972,1739981387413164598
8205,1739981387412955298,1739981387413654052
8206,1739981387413350462,1739981387415024603
8207,1739981387413848836,1739981387415417305
8208,1739981387415202188,1739981387415828713
8209,1739981387415634875,1739981387417085516
8210,1739981387416091192,1739981387417432878
8211,1739981387417343397,1739981387417730369
8212,1739981387417648749,1739981387418465414
8213,1739981387417877349,1739981387418986983
8214,1739981387418690762,1739981387419369608
8215,1739981387419260390,1739981387419877486
8216,1739981387419589341,1739981387420227436
8217,1739981387420073084,1739981387421408772
8218,1739981387420575456,1739981387421815168
8219,1739981387421650778,1739981387422166649
8220,1739981387422045028,1739981387422546500
8221,1739981387422402953,1739981387423567320
8222,1739981387422743982,1739981387423999287
8223,1739981387423788353,1739981387424466164
8224,1739981387424230320,1739981387424869134
8225,1739981387424662899,1739981387425938215
8226,1739981387425056379,1739981387426343807
8227,1739981387426166356,1739981387426697951
8228,1739981387426541895,1739981387427027493
8229,1739981387426890017,1739981387427782894
8230,1739981387427337121,1739981387428323524
8231,1739981387427998374,1739981387428758095
8232,1739981387428543203,1739981387429107258
8233,1739981387428955108,1739981387429928813
8234,1739981387429290754,1739981387430550413
8235,1739981387430261922,1739981387430922374
8236,1739981387430797942,1739981387431384446
8237,1739981387431168367,1739981387432272440
8238,1739981387431580183,1739981387432902573
8239,1739981387432638235,1739981387433312805
8240,1739981387433151501,1739981387433734154
8241,1739981387433504901,1739981387434883933
8242,1739981387433911831,1739981387435310019
8243,1739981387435093947,1739981387435728039
8244,1739981387435559814,1739981387436072269
8245,1739981387435962595,1739981387437240324
8246,1739981387436615364,1739981387437635862
8247,1739981387437522972,1739981387438048082
8248,1739981387437856345,1739981387438462012
8249,1739981387438225162,1739981387439649510
8250,1739981387438662508,1739981387440069262
8251,1739981387439875196,1739981387440452580
8252,1739981387440257079,1739981387441004367
8253,1739981387440639621,1739981387441588799
8254,1739981387441194505,1739981387442189470
8255,1739981387442222640,1739981387442663409
8256,1739981387442486301,1739981387443006924
8257,1739981387442910500,1739981387443800133
8258,1739981387443225479,1739981387444599595
8259,1739981387444178202,1739981387444985382
8260,1739981387444870442,1739981387445462057
8261,1739981387445198733,1739981387446328241
8262,1739981387445658364,1739981387446873907
8263,1739981387446654324,1739981387447275724
8264,1739981387447072361,1739981387447924131
8265,1739981387447471632,1739981387448677762
8266,1739981387448192893,1739981387449140203
8267,1739981387448884478,1739981387449555495
8268,1739981387449345654,1739981387450397274
8269,1739981387449805155,1739981387450863379
8270,1739981387450629271,1739981387451298192
8271,1739981387451101248,1739981387452189201
8272,1739981387451489852,1739981387452715291
8273,1739981387452592686,1739981387453065863
8274,1739981387452926574,1739981387453375977
8275,1739981387453218807,1739981387454215669
8276,1739981387453822598,1739981387454785142
8277,1739981387454612320,1739981387455191981
8278,1739981387454980371,1739981387455528813
8279,1739981387455415023,1739981387456464963
8280,1739981387455734868,1739981387456927912
8281,1739981387456774871,1739981387457377818
8282,1739981387457182644,1739981387457754867
8283,1739981387457585369,1739981387458701493
8284,1739981387457960195,1739981387459216746
8285,1739981387458990208,1739981387459593027
8286,1739981387459428786,1739981387460511892
8287,1739981387459793898,1739981387461055941
8288,1739981387460877667,1739981387461483987
8289,1739981387461223710,1739981387462596378
8290,1739981387461697216,1739981387463079093
8291,1739981387462828736,1739981387463509135
8292,1739981387463270565,1739981387464487140
8293,1739981387463688929,1739981387465114775
8294,1739981387464673212,1739981387465438728
8295,1739981387465388649,1739981387465907561
8296,1739981387465628986,1739981387466225951
8297,1739981387466114105,1739981387466529613
8298,1739981387466411019,1739981387467325765
8299,1739981387466728671,1739981387467914187
8300,1739981387467645606,1739981387468329465
8301,1739981387468153143,1739981387469295187
8302,1739981387468546967,1739981387469834159
8303,1739981387469653228,1739981387470379956
8304,1739981387470035633,1739981387471387110
8305,1739981387470622583,1739981387471896252
8306,1739981387471767621,1739981387472287877
8307,1739981387472113966,1739981387473150881
8308,1739981387472503899,1739981387473910151
8309,1739981387473406585,1739981387474450436
8310,1739981387474183590,1739981387474834068
8311,1739981387474701256,1739981387475323639
8312,1739981387475068188,1739981387476121390
8313,1739981387475534988,1739981387476730484
8314,1739981387476332619,1739981387477158703
8315,1739981387476979023,1739981387477623963
8316,1739981387477513657,1739981387478361379
8317,1739981387477853245,1739981387479139481
8318,1739981387478599442,1739981387479493657
8319,1739981387479359253,1739981387479832310
8320,1739981387479746152,1739981387480958185
8321,1739981387479962502,1739981387481388228
8322,1739981387481224391,1739981387481814211
8323,1739981387481630582,1739981387482188219
8324,1739981387482005708,1739981387483149554
8325,1739981387482373394,1739981387483539278
8326,1739981387483433279,1739981387483922471
8327,1739981387483678824,1739981387484503763
8328,1739981387484163581,1739981387484890966
8329,1739981387484743376,1739981387485821919
8330,1739981387485091777,1739981387486412159
8331,1739981387486185214,1739981387486816314
8332,1739981387486640814,1739981387487644607
8333,1739981387487036327,1739981387488183064
8334,1739981387487939402,1739981387488523000
8335,1739981387488346288,1739981387488820196
8336,1739981387488692613,1739981387489900812
8337,1739981387488993213,1739981387490268282
8338,1739981387490162851,1739981387490654564
8339,1739981387490417433,1739981387491088399
8340,1739981387490848844,1739981387491760965
8341,1739981387491301517,1739981387492580074
8342,1739981387492001438,1739981387492938289
8343,1739981387492766336,1739981387493301315
8344,1739981387493156555,1739981387493688933
8345,1739981387493486195,1739981387494663887
8346,1739981387493866800,1739981387495130672
8347,1739981387494928448,1739981387495685372
8348,1739981387495340360,1739981387496793549
8349,1739981387495877511,1739981387497249936
8350,1739981387497090586,1739981387497694659
8351,1739981387497453335,1739981387498448284
8352,1739981387497900242,1739981387499233725
8353,1739981387498662553,1739981387499706598
8354,1739981387499476643,1739981387500576820
8355,1739981387499918773,1739981387501272016
8356,1739981387500835971,1739981387501568223
8357,1739981387501449229,1739981387501923699
8358,1739981387501778765,1739981387502337051
8359,1739981387502105455,1739981387502665606
8360,1739981387502559543,1739981387503463938
8361,1739981387502943321,1739981387503950870
8362,1739981387503854797,1739981387504585375
8363,1739981387504181297,1739981387504982964
8364,1739981387504817634,1739981387505838163
8365,1739981387505267098,1739981387506531893
8366,1739981387506030591,1739981387507038004
8367,1739981387506754724,1739981387507553522
8368,1739981387507252529,1739981387508063503
8369,1739981387507770270,1739981387509183304
8370,1739981387508277817,1739981387509574671
8371,1739981387509415800,1739981387509943570
8372,1739981387509808814,1739981387510862331
8373,1739981387510155215,1739981387511444944
8374,1739981387511227155,1739981387511915115
8375,1739981387511630471,1739981387512841564
8376,1739981387512089174,1739981387513365690
8377,1739981387513172105,1739981387514537963
8378,1739981387513585122,1739981387515126398
8379,1739981387514720860,1739981387515555198
8380,1739981387515381757,1739981387516503961
8381,1739981387515909193,1739981387516940191
8382,1739981387516817048,1739981387517331709
8383,1739981387517082874,1739981387517816129
8384,1739981387517565007,1739981387518401278
8385,1739981387518026275,1739981387519200017
8386,1739981387518616591,1739981387519557367
8387,1739981387519423998,1739981387520043495
8388,1739981387519790548,1739981387520389314
8389,1739981387520242919,1739981387521487619
8390,1739981387520611003,1739981387521950593
8391,1739981387521709418,1739981387522380038
8392,1739981387522221024,1739981387522736033
8393,1739981387522584894,1739981387523755367
8394,1739981387522944901,1739981387524316450
8395,1739981387524026685,1739981387524778355
8396,1739981387524518030,1739981387525156034
8397,1739981387525008456,1739981387526072093
8398,1739981387525366665,1739981387526668390
8399,1739981387526443432,1739981387527078192
8400,1739981387526877121,1739981387528203878
8401,1739981387527275652,1739981387528653991
8402,1739981387528410227,1739981387528987911
8403,1739981387528871595,1739981387529288246
8404,1739981387529169323,1739981387530370192
8405,1739981387529554779,1739981387530778790
8406,1739981387530626901,1739981387531145810
8407,1739981387530986163,1739981387531514717
8408,1739981387531351804,1739981387532648038
8409,1739981387531730861,1739981387533090269
8410,1739981387532919609,1739981387533554475
8411,1739981387533310504,1739981387533927065
8412,1739981387533744759,1739981387535106517
8413,1739981387534074520,1739981387535506309
8414,1739981387535359997,1739981387535899352
8415,1739981387535711460,1739981387536346434
8416,1739981387536161422,1739981387537065778
8417,1739981387536561298,1739981387537791874
8418,1739981387537248895,1739981387538287159
8419,1739981387538006367,1739981387538703295
8420,1739981387538528960,1739981387539084746
8421,1739981387538909436,1739981387539947774
8422,1739981387539273357,1739981387540527583
8423,1739981387540137100,1739981387540885969
8424,1739981387540686776,1739981387541311325
8425,1739981387541074205,1739981387541598105
8426,1739981387541491634,1739981387541883714
8427,1739981387541766343,1739981387542691533
8428,1739981387542070418,1739981387543236162
8429,1739981387542963154,1739981387543591367
8430,1739981387543493993,1739981387544133821
8431,1739981387543816221,1739981387544851886
8432,1739981387544447913,1739981387545385829
8433,1739981387545202918,1739981387545882137
8434,1739981387545615860,1739981387546768369
8435,1739981387546103739,1739981387547219343
8436,1739981387547014135,1739981387547697279
8437,1739981387547547536,1739981387548126780
8438,1739981387547923759,1739981387549060277
8439,1739981387548337530,1739981387549548490
8440,1739981387549359164,1739981387550327639
8441,1739981387549774282,1739981387551135588
8442,1739981387550795873,1739981387551913552
8443,1739981387551347064,1739981387552648689
8444,1739981387552143531,1739981387553091253
8445,1739981387552877116,1739981387553403005
8446,1739981387553306677,1739981387554174077
8447,1739981387553614657,1739981387554826504
8448,1739981387554348897,1739981387555212423
8449,1739981387555023970,1739981387555558956
8450,1739981387555404792,1739981387555995751
8451,1739981387555754628,1739981387556460078
8452,1739981387556180741,1739981387557321688
8453,1739981387556686443,1739981387557799602
8454,1739981387557556583,1739981387558296097
8455,1739981387557983859,1739981387558691397
8456,1739981387558515571,1739981387559830447
8457,1739981387558893569,1739981387560254768
8458,1739981387560082507,1739981387560646857
8459,1739981387560486425,1739981387561027955
8460,1739981387560874467,1739981387561966579
8461,1739981387561224421,1739981387562558872
8462,1739981387562344762,1739981387562962035
8463,1739981387562776252,1739981387563835637
8464,1739981387563173672,1739981387564629969
8465,1739981387564182974,1739981387565044282
8466,1739981387564850974,1739981387566008876
8467,1739981387565206945,1739981387566555536
8468,1739981387566334687,1739981387566891797
8469,1739981387566772896,1739981387567550625
8470,1739981387567096673,1739981387568395404
8471,1739981387567796664,1739981387568826374
8472,1739981387568643334,1739981387569189893
8473,1739981387569041699,1739981387569559475
8474,1739981387569396058,1739981387570598823
8475,1739981387569762937,1739981387571122541
8476,1739981387570978469,1739981387571575958
8477,1739981387571341874,1739981387571910156
8478,1739981387571770100,1739981387573065896
8479,1739981387572279873,1739981387573541561
8480,1739981387573308058,1739981387573929675
8481,1739981387573753503,1739981387574472859
8482,1739981387574127358,1739981387575295903
8483,1739981387574673980,1739981387575898183
8484,1739981387575557780,1739981387576476464
8485,1739981387576108674,1739981387577793359
8486,1739981387576714555,1739981387578212862
8487,1739981387578061583,1739981387578598685
8488,1739981387578398806,1739981387579866779
8489,1739981387578796481,1739981387580328775
8490,1739981387580081820,1739981387580785938
8491,1739981387580576386,1739981387581664929
8492,1739981387581016252,1739981387582168236
8493,1739981387582015184,1739981387582522722
8494,1739981387582408121,1739981387582987139
8495,1739981387582742756,1739981387583739661
8496,1739981387583173190,1739981387584243256
8497,1739981387584026291,1739981387584818905
8498,1739981387584690745,1739981387585310656
8499,1739981387584954188,1739981387585645351
8500,1739981387585517842,1739981387586404083
8501,1739981387585840128,1739981387586949251
8502,1739981387586594967,1739981387587433669
8503,1739981387587220005,1739981387587832378
8504,1739981387587632766,1739981387588217373
8505,1739981387588035126,1739981387589106476
8506,1739981387588430949,1739981387589639854
8507,1739981387589423621,1739981387590096021
8508,1739981387589870251,1739981387591025792
8509,1739981387590289075,1739981387591592865
8510,1739981387591366877,1739981387592128269
8511,1739981387591877086,1739981387593056363
8512,1739981387592356043,1739981387593651619
8513,1739981387593422748,1739981387594053787
8514,1739981387593895898,1739981387594422251
8515,1739981387594276050,1739981387595240102
8516,1739981387594624581,1739981387595750824
8517,1739981387595561432,1739981387596069321
8518,1739981387595941389,1739981387596332162
8519,1739981387596232169,1739981387597109188
8520,1739981387596520056,1739981387597855925
8521,1739981387597260421,1739981387598243726
8522,1739981387598092902,1739981387598669857
8523,1739981387598450867,1739981387599161587
8524,1739981387598916205,1739981387600185289
8525,1739981387599380711,1739981387600620374
8526,1739981387600437523,1739981387600989734
8527,1739981387600866698,1739981387601408899
8528,1739981387601187528,1739981387602283487
8529,1739981387601654002,1739981387602817498
8530,1739981387602630219,1739981387603327386
8531,1739981387603045660,1739981387604388272
8532,1739981387603559596,1739981387604871483
8533,1739981387604628651,1739981387605309382
8534,1739981387605088191,1739981387605622812
8535,1739981387605533817,1739981387606344760
8536,1739981387606000325,1739981387606956467
8537,1739981387606724757,1739981387607315213
8538,1739981387607151796,1739981387607905342
8539,1739981387607503988,1739981387608700911
8540,1739981387608390719,1739981387609201058
8541,1739981387609057184,1739981387609660222
8542,1739981387609443521,1739981387610165702
8543,1739981387609902196,1739981387611273594
8544,1739981387610687380,1739981387611778714
8545,1739981387611556125,1739981387612274481
8546,1739981387612025893,1739981387613514142
8547,1739981387612483754,1739981387613997363
8548,1739981387613736641,1739981387614488904
8549,1739981387614206149,1739981387615454983
8550,1739981387614697090,1739981387616239691
8551,1739981387615630677,1739981387616741473
8552,1739981387616468575,1739981387617175621
8553,1739981387616946496,1739981387618054365
8554,1739981387617418104,1739981387618690332
8555,1739981387618416256,1739981387619128546
8556,1739981387618918783,1739981387619990655
8557,1739981387619334652,1739981387620636935
8558,1739981387620378931,1739981387621006876
8559,1739981387620905031,1739981387621825153
8560,1739981387621237209,1739981387622644727
8561,1739981387622061922,1739981387623045961
8562,1739981387622886248,1739981387623386502
8563,1739981387623262520,1739981387623851657
8564,1739981387623610712,1739981387624784494
8565,1739981387624084160,1739981387625467971
8566,1739981387624949232,1739981387625860456
8567,1739981387625690912,1739981387626185116
8568,1739981387626082871,1739981387626499932
8569,1739981387626378518,1739981387627299443
8570,1739981387626694510,1739981387628019830
8571,1739981387627471334,1739981387628364022
8572,1739981387628257081,1739981387628695629
8573,1739981387628564003,1739981387629163640
8574,1739981387628888311,1739981387630283975
8575,1739981387629371347,1739981387630718898
8576,1739981387630559395,1739981387631104729
8577,1739981387630916601,1739981387631806079
8578,1739981387631397932,1739981387632516525
8579,1739981387632028129,1739981387632941487
8580,1739981387632755767,1739981387633268261
8581,1739981387633147417,1739981387633616508
8582,1739981387633472400,1739981387634789557
8583,1739981387633822304,1739981387635192174
8584,1739981387635016574,1739981387635628019
8585,1739981387635411262,1739981387635998970
8586,1739981387635872005,1739981387637155349
8587,1739981387636186879,1739981387637563420
8588,1739981387637406231,1739981387638041800
8589,1739981387637789001,1739981387638411574
8590,1739981387638219184,1739981387639507637
8591,1739981387638820855,1739981387639873809
8592,1739981387639744330,1739981387640319119
8593,1739981387640077824,1739981387641103195
8594,1739981387640541072,1739981387641619991
8595,1739981387641466381,1739981387642143618
8596,1739981387641862633,1739981387642973181
8597,1739981387642339280,1739981387643640700
8598,1739981387643197302,1739981387644073400
8599,1739981387643932953,1739981387644443237
8600,1739981387644274518,1739981387645311716
8601,1739981387644648579,1739981387645876359
8602,1739981387645636587,1739981387646237159
8603,1739981387646080706,1739981387646601389
8604,1739981387646498972,1739981387647690362
8605,1739981387646787570,1739981387648123607
8606,1739981387647966407,1739981387648538921
8607,1739981387648333381,1739981387648931474
8608,1739981387648766507,1739981387650068513
8609,1739981387649138254,1739981387650455702
8610,1739981387650309672,1739981387650869802
8611,1739981387650660958,1739981387651290116
8612,1739981387651091005,1739981387652224875
8613,1739981387651521321,1739981387652749562
8614,1739981387652575871,1739981387653152068
8615,1739981387652951111,1739981387654350798
8616,1739981387653347015,1739981387654803418
8617,1739981387654550434,1739981387655229510
8618,1739981387655021048,1739981387656085383
8619,1739981387655425295,1739981387656498626
8620,1739981387656278061,1739981387656997183
8621,1739981387656845980,1739981387657419531
8622,1739981387657193100,1739981387657748950
8623,1739981387657602135,1739981387658079577
8624,1739981387657973358,1739981387658706121
8625,1739981387658274466,1739981387659422453
8626,1739981387658890693,1739981387659805426
8627,1739981387659668308,1739981387660223450
8628,1739981387660006511,1739981387660567001
8629,1739981387660413723,1739981387661629886
8630,1739981387660735246,1739981387662053721
8631,1739981387661896759,1739981387662394897
8632,1739981387662238044,1739981387662733718
8633,1739981387662597104,1739981387663737688
8634,1739981387662921713,1739981387664523732
8635,1739981387664102924,1739981387664980849
8636,1739981387664720716,1739981387665421587
8637,1739981387665178634,1739981387666391072
8638,1739981387665614934,1739981387666938960
8639,1739981387666772363,1739981387667336902
8640,1739981387667114794,1739981387668274670
8641,1739981387667512386,1739981387668814128
8642,1739981387668663717,1739981387669249707
8643,1739981387669050537,1739981387670371967
8644,1739981387669432915,1739981387670710737
8645,1739981387670630197,1739981387671056421
8646,1739981387670879721,1739981387671479914
8647,1739981387671240431,1739981387672324547
8648,1739981387671721339,1739981387672808051
8649,1739981387672625641,1739981387673165983
8650,1739981387672992166,1739981387674004698
8651,1739981387673358659,1739981387674833045
8652,1739981387674225883,1739981387675304248
8653,1739981387675050078,1739981387675960301
8654,1739981387675479512,1739981387676740316
8655,1739981387676311842,1739981387677121535
8656,1739981387676975677,1739981387677511904
8657,1739981387677296157,1739981387677880661
8658,1739981387677740241,1739981387678604416
8659,1739981387678065787,1739981387679346928
8660,1739981387678780055,1739981387679727654
8661,1739981387679586865,1739981387680084623
8662,1739981387679929248,1739981387680517265
8663,1739981387680291620,1739981387681466678
8664,1739981387680728486,1739981387681921202
8665,1739981387681777217,1739981387682302401
8666,1739981387682126068,1739981387682622469
8667,1739981387682508347,1739981387683459243
8668,1739981387682812830,1739981387684097384
8669,1739981387683839936,1739981387684633565
8670,1739981387684286479,1739981387684979468
8671,1739981387684855764,1739981387685556440
8672,1739981387685164966,1739981387686369652
8673,1739981387685775936,1739981387686790573
8674,1739981387686654354,1739981387687237991
8675,1739981387686983642,1739981387687640205
8676,1739981387687426656,1739981387688570512
8677,1739981387688003369,1739981387689046933
8678,1739981387688879442,1739981387689392518
8679,1739981387689250231,1739981387690605984
8680,1739981387689605663,1739981387691015496
8681,1739981387690860531,1739981387691460458
8682,1739981387691219536,1739981387692330069
8683,1739981387691818616,1739981387692861466
8684,1739981387692650783,1739981387693246094
8685,1739981387693089237,1739981387694166752
8686,1739981387693459924,1739981387694704390
8687,1739981387694422487,1739981387695057913
8688,1739981387694913383,1739981387695444751
8689,1739981387695201063,1739981387696164483
8690,1739981387695637777,1739981387696710694
8691,1739981387696422750,1739981387697215295
8692,1739981387696990566,1739981387697592359
8693,1739981387697446535,1739981387697971106
8694,1739981387697760290,1739981387698777544
8695,1739981387698157551,1739981387699336629
8696,1739981387699101708,1739981387699699598
8697,1739981387699556148,1739981387700147238
8698,1739981387699884771,1739981387701201070
8699,1739981387700350593,1739981387701560178
8700,1739981387701407409,1739981387701952863
8701,1739981387701766297,1739981387702373712
8702,1739981387702131720,1739981387703266719
8703,1739981387702553391,1739981387703958079
8704,1739981387703459991,1739981387704474395
8705,1739981387704144696,1739981387704880795
8706,1739981387704681020,1739981387705227698
8707,1739981387705065643,1739981387706113588
8708,1739981387705421552,1739981387706603716
8709,1739981387706437384,1739981387706958838
8710,1739981387706870187,1739981387707402001
8711,1739981387707109004,1739981387708222644
8712,1739981387707598382,1739981387708693118
8713,1739981387708560530,1739981387709238083
8714,1739981387708940542,1739981387710115186
8715,1739981387709442323,1739981387710661333
8716,1739981387710405692,1739981387711020551
8717,1739981387710876751,1739981387711711896
8718,1739981387711218844,1739981387712567979
8719,1739981387711999330,1739981387712975953
8720,1739981387712832012,1739981387713332423
8721,1739981387713190432,1739981387714520238
8722,1739981387713517827,1739981387714942326
8723,1739981387714768910,1739981387715360751
8724,1739981387715196772,1739981387716513441
8725,1739981387715583854,1739981387716964348
8726,1739981387716741605,1739981387717365101
8727,1739981387717156510,1739981387718466023
8728,1739981387717544190,1739981387718814557
8729,1739981387718619663,1739981387719160825
8730,1739981387719018301,1739981387719619221
8731,1739981387719372911,1739981387720290155
8732,1739981387719895740,1739981387721001079
8733,1739981387720534466,1739981387721485016
8734,1739981387721209588,1739981387721821559
8735,1739981387721726005,1739981387722242148
8736,1739981387722028558,1739981387723023806
8737,1739981387722410111,1739981387723515687
8738,1739981387723390486,1739981387723930078
8739,1739981387723741707,1739981387724460170
8740,1739981387724201092,1739981387724803512
8741,1739981387724640784,1739981387726000543
8742,1739981387724990935,1739981387726420442
8743,1739981387726236744,1739981387726808564
8744,1739981387726624448,1739981387727699137
8745,1739981387727002448,1739981387728272174
8746,1739981387728046743,1739981387728631258
8747,1739981387728440330,1739981387729455143
8748,1739981387728881285,1739981387729939228
8749,1739981387729757697,1739981387730290056
8750,1739981387730111334,1739981387730739806
8751,1739981387730465011,1739981387731534644
8752,1739981387730944121,1739981387732006054
8753,1739981387731843298,1739981387732373497
8754,1739981387732228919,1739981387732802647
8755,1739981387732562066,1739981387733652852
8756,1739981387733011148,1739981387734175955
8757,1739981387733937520,1739981387734505630
8758,1739981387734415190,1739981387734896313
8759,1739981387734653534,1739981387735897587
8760,1739981387735100461,1739981387736254698
8761,1739981387736184462,1739981387736669529
8762,1739981387736434206,1739981387737292736
8763,1739981387736868461,1739981387738010145
8764,1739981387737573447,1739981387738474084
8765,1739981387738264961,1739981387738802541
8766,1739981387738683211,1739981387739605951
8767,1739981387739007296,1739981387740065330
8768,1739981387739958442,1739981387740429004
8769,1739981387740186327,1739981387740946764
8770,1739981387740631046,1739981387741730214
8771,1739981387741155331,1739981387742126007
8772,1739981387742004895,1739981387742485229
8773,1739981387742345198,1739981387742846363
8774,1739981387742663296,1739981387743919387
8775,1739981387743019389,1739981387744490190
8776,1739981387744157889,1739981387744905817
8777,1739981387744731243,1739981387745662596
8778,1739981387745104505,1739981387746359135
8779,1739981387745844757,1739981387746698246
8780,1739981387746558260,1739981387747112169
8781,1739981387746869950,1739981387747993469
8782,1739981387747298089,1739981387748462138
8783,1739981387748242212,1739981387748855028
8784,1739981387748631187,1739981387749965819
8785,1739981387749032325,1739981387750418625
8786,1739981387750204955,1739981387750799479
8787,1739981387750614931,1739981387751741443
8788,1739981387750990321,1739981387752153184
8789,1739981387752013031,1739981387752490957
8790,1739981387752327932,1739981387752865659
8791,1739981387752662241,1739981387753200729
8792,1739981387753032958,1739981387753983939
8793,1739981387753655896,1739981387754643115
8794,1739981387754136147,1739981387755184798
8795,1739981387754840164,1739981387755536354
8796,1739981387755377287,1739981387756665435
8797,1739981387755732933,1739981387757050380
8798,1739981387756922228,1739981387757365819
8799,1739981387757198342,1739981387758047099
8800,1739981387757542939,1739981387758756266
8801,1739981387758264565,1739981387759195925
8802,1739981387758983202,1739981387759599983
8803,1739981387759421532,1739981387760301850
8804,1739981387759808616,1739981387761140352
8805,1739981387760491339,1739981387761531382
8806,1739981387761380574,1739981387761941035
8807,1739981387761752235,1739981387762784129
8808,1739981387762145503,1739981387763289079
8809,1739981387763148934,1739981387763649461
8810,1739981387763497279,1739981387764137576
8811,1739981387763849286,1739981387764491482
8812,1739981387764379295,1739981387765584133
8813,1739981387764695492,1739981387766034364
8814,1739981387765794345,1739981387766429710
8815,1739981387766274785,1739981387766817553
8816,1739981387766658959,1739981387767902620
8817,1739981387767014486,1739981387768360099
8818,1739981387768124958,1739981387768748323
8819,1739981387768558944,1739981387769414327
8820,1739981387768948959,1739981387770178556
8821,1739981387769615049,1739981387770619001
8822,1739981387770399667,1739981387771062296
8823,1739981387770796568,1739981387772128432
8824,1739981387771232908,1739981387772617595
8825,1739981387772407609,1739981387773058721
8826,1739981387772844152,1739981387773805522
8827,1739981387773228851,1739981387774743625
8828,1739981387773975414,1739981387775211269
8829,1739981387775003883,1739981387775581717
8830,1739981387775451509,1739981387776421157
8831,1739981387775782426,1739981387776955232
8832,1739981387776608275,1739981387777304640
8833,1739981387777204220,1739981387777719724
8834,1739981387777514502,1739981387778032055
8835,1739981387777897324,1739981387778320114
8836,1739981387778224372,1739981387778873975
8837,1739981387778506508,1739981387779804855
8838,1739981387779128339,1739981387780239338
8839,1739981387780056951,1739981387780696783
8840,1739981387780474870,1739981387781486543
8841,1739981387780915001,1739981387782069850
8842,1739981387781654703,1739981387782459888
8843,1739981387782476890,1739981387783433838
8844,1739981387782707494,1739981387784113896
8845,1739981387783611934,1739981387784564066
8846,1739981387784373080,1739981387785073773
8847,1739981387784759464,1739981387786093950
8848,1739981387785212979,1739981387786565418
8849,1739981387786354631,1739981387786956787
8850,1739981387786820562,1739981387787814957
8851,1739981387787158670,1739981387788398307
8852,1739981387788063273,1739981387788752055
8853,1739981387788609271,1739981387789193565
8854,1739981387788937641,1739981387789517548
8855,1739981387789391565,1739981387790316168
8856,1739981387789755193,1739981387790807640
8857,1739981387790633976,1739981387791349229
8858,1739981387791020524,1739981387792470014
8859,1739981387791600835,1739981387792972358
8860,1739981387792777432,1739981387793486224
8861,1739981387793189604,1739981387794382294
8862,1739981387793733992,1739981387795000438
8863,1739981387794613316,1739981387795414070
8864,1739981387795260357,1739981387796423101
8865,1739981387795614536,1739981387796938637
8866,1739981387796691668,1739981387797324428
8867,1739981387797161103,1739981387798107070
8868,1739981387797561121,1739981387798755440
8869,1739981387798263052,1739981387799193663
8870,1739981387798958528,1739981387799933112
8871,1739981387799367597,1739981387800664176
8872,1739981387800184185,1739981387800999156
8873,1739981387800883465,1739981387801352280
8874,1739981387801234113,1739981387801787314
8875,1739981387801566406,1739981387802076466
8876,1739981387801995690,1739981387802823558
8877,1739981387802205184,1739981387803445372
8878,1739981387803047215,1739981387803898433
8879,1739981387803628655,1739981387804417510
8880,1739981387804112807,1739981387804875443
8881,1739981387804618451,1739981387805933769
8882,1739981387805248250,1739981387806394945
8883,1739981387806211086,1739981387806891231
8884,1739981387806595846,1739981387807854883
8885,1739981387807069789,1739981387808361816
8886,1739981387808185053,1739981387808731220
8887,1739981387808590812,1739981387809637323
8888,1739981387808967596,1739981387810296492
8889,1739981387809975747,1739981387810791316
8890,1739981387810543868,1739981387812083519
8891,1739981387811008037,1739981387812641644
8892,1739981387812326379,1739981387813146507
8893,1739981387812868680,1739981387814273685
8894,1739981387813340089,1739981387814711034
8895,1739981387814535333,1739981387815258303
8896,1739981387814913643,1739981387816447202
8897,1739981387815441466,1739981387816933178
8898,1739981387816711757,1739981387817669304
8899,1739981387817145554,1739981387818319378
8900,1739981387817898693,1739981387818680266
8901,1739981387818558816,1739981387819127010
8902,1739981387818913532,1739981387819453477
8903,1739981387819322925,1739981387820218011
8904,1739981387819631982,1739981387820766616
8905,1739981387820632455,1739981387821238615
8906,1739981387820996995,1739981387821697655
8907,1739981387821447551,1739981387822524864
8908,1739981387821916775,1739981387822949434
8909,1739981387822790455,1739981387823304253
8910,1739981387823171631,1739981387823655661
8911,1739981387823498213,1739981387824786373
8912,1739981387823913323,1739981387825220480
8913,1739981387825038784,1739981387825604092
8914,1739981387825411799,1739981387826507939
8915,1739981387825842675,1739981387827055547
8916,1739981387826909160,1739981387827431332
8917,1739981387827217270,1739981387828544697
8918,1739981387827620240,1739981387828942397
8919,1739981387828792209,1739981387829263073
8920,1739981387829161891,1739981387829672839
8921,1739981387829468547,1739981387830473562
8922,1739981387829854033,1739981387830950938
8923,1739981387830813162,1739981387831303219
8924,1739981387831158825,1739981387831739876
8925,1739981387831500530,1739981387832522166
8926,1739981387831959440,1739981387833068542
8927,1739981387832894829,1739981387833562122
8928,1739981387833305785,1739981387834153509
8929,1739981387833767911,1739981387834951724
8930,1739981387834615757,1739981387835332089
8931,1739981387835198421,1739981387835785350
8932,1739981387835554522,1739981387836130597
8933,1739981387836018323,1739981387837128925
8934,1739981387836409229,1739981387837613023
8935,1739981387837379363,1739981387837976829
8936,1739981387837827839,1739981387838856116
8937,1739981387838185351,1739981387839354284
8938,1739981387839147278,1739981387839685296
8939,1739981387839586002,1739981387839963565
8940,1739981387839903781,1739981387841024534
8941,1739981387840324015,1739981387841433622
8942,1739981387841290662,1739981387841827476
8943,1739981387841621492,1739981387842194539
8944,1739981387842027384,1739981387843012290
8945,1739981387842386926,1739981387843567762
8946,1739981387843204678,1739981387844048777
8947,1739981387843868982,1739981387844466831
8948,1739981387844252369,1739981387845298377
8949,1739981387844661171,1739981387845878512
8950,1739981387845519523,1739981387846446101
8951,1739981387846185518,1739981387846915607
8952,1739981387846654688,1739981387847751645
8953,1739981387847105210,1739981387848295629
8954,1739981387848112718,1739981387848693004
8955,1739981387848523256,1739981387849643917
8956,1739981387848916719,1739981387850254511
8957,1739981387850026486,1739981387850670475
8958,1739981387850492489,1739981387851548737
8959,1739981387850863060,1739981387852225937
8960,1739981387851890702,1739981387852762297
8961,1739981387852480995,1739981387853608798
8962,1739981387853016938,1739981387854070595
8963,1739981387853830434,1739981387854555064
8964,1739981387854233280,1739981387854860766
8965,1739981387854739608,1739981387855624688
8966,1739981387855095947,1739981387856208218
8967,1739981387855889574,1739981387856544702
8968,1739981387856441747,1739981387856930801
8969,1739981387856723100,1739981387857382903
8970,1739981387857104412,1739981387858205157
8971,1739981387857580146,1739981387858734199
8972,1739981387858501561,1739981387859119147
8973,1739981387858901250,1739981387859848043
8974,1739981387859300343,1739981387860519999
8975,1739981387860099756,1739981387861044467
8976,1739981387860775173,1739981387861426067
8977,1739981387861213553,1739981387862110826
8978,1739981387861591076,1739981387863084605
8979,1739981387862394106,1739981387863489383
8980,1739981387863319274,1739981387863863144
8981,1739981387863692400,1739981387865006050
8982,1739981387864055639,1739981387865397333
8983,1739981387865239368,1739981387865705072
8984,1739981387865597551,1739981387866153616
8985,1739981387865913126,1739981387867113524
8986,1739981387866384823,1739981387867444580
8987,1739981387867353278,1739981387868011320
8988,1739981387867582249,1739981387868322168
8989,1739981387868216674,1739981387869383594
8990,1739981387868504092,1739981387869760681
8991,1739981387869643788,1739981387870291124
8992,1739981387870008225,1739981387871206632
8993,1739981387870517820,1739981387871736113
8994,1739981387871534580,1739981387872313022
8995,1739981387871945944,1739981387873212934
8996,1739981387872512448,1739981387873727076
8997,1739981387873455501,1739981387874145028
8998,1739981387873965637,1739981387874686486
8999,1739981387874309970,1739981387875789425
9000,1739981387874892724,1739981387876364482
9001,1739981387876033375,1739981387876837055
9002,1739981387876613141,1739981387877893953
9003,1739981387877021323,1739981387878319356
9004,1739981387878104754,1739981387878827580
9005,1739981387878491072,1739981387879759904
9006,1739981387879029771,1739981387880301165
9007,1739981387880086043,1739981387880685713
9008,1739981387880529664,1739981387881387278
9009,1739981387880890593,1739981387882030379
9010,1739981387881585181,1739981387882454018
9011,1739981387882247424,1739981387882836963
9012,1739981387882704113,1739981387883149718
9013,1739981387883053752,1739981387884011831
9014,1739981387883356561,1739981387884495761
9015,1739981387884306238,1739981387884923480
9016,1739981387884710365,1739981387885774936
9017,1739981387885129321,1739981387886276654
9018,1739981387886061605,1739981387886663907
9019,1739981387886494825,1739981387887393269
9020,1739981387886895164,1739981387888105521
9021,1739981387887672039,1739981387888545435
9022,1739981387888284103,1739981387888969843
9023,1739981387888766375,1739981387889691807
9024,1739981387889165216,1739981387890545185
9025,1739981387889925055,1739981387890969115
9026,1739981387890787970,1739981387891367332
9027,1739981387891205227,1739981387892630956
9028,1739981387891555651,1739981387893061491
9029,1739981387892896295,1739981387893508580
9030,1739981387893271694,1739981387894687843
9031,1739981387893698144,1739981387895043220
9032,1739981387894916532,1739981387895336586
9033,1739981387895218641,1739981387895752238
9034,1739981387895510779,1739981387896519332
9035,1739981387895952863,1739981387897096812
9036,1739981387896805810,1739981387897425147
9037,1739981387897354276,1739981387897913344
9038,1739981387897581536,1739981387898699324
9039,1739981387898104051,1739981387899227812
9040,1739981387899079791,1739981387899647321
9041,1739981387899445400,1739981387900594315
9042,1739981387899829799,1739981387901103535
9043,1739981387900737270,1739981387901660644
9044,1739981387901455119,1739981387902058605
9045,1739981387901887584,1739981387902532067
9046,1739981387902222193,1739981387903151412
9047,1739981387902732137,1739981387903749194
9048,1739981387903467081,1739981387904268638
9049,1739981387903934563,1739981387904711103
9050,1739981387904460371,1739981387905774059
9051,1739981387904897425,1739981387906284499
9052,1739981387906074095,1739981387906676115
9053,1739981387906478981,1739981387907570434
9054,1739981387906887036,1739981387908005680
9055,1739981387907938939,1739981387908350793
9056,1739981387908170499,1739981387908800782
9057,1739981387908539303,1739981387909607851
9058,1739981387908983929,1739981387910306385
9059,1739981387909748589,1739981387910681541
9060,1739981387910494592,1739981387911080272
9061,1739981387910877125,1739981387911386013
9062,1739981387911281306,1739981387912468612
9063,1739981387911561991,1739981387912858907
9064,1739981387912722714,1739981387913292500
9065,1739981387913052515,1739981387914133649
9066,1739981387913472773,1739981387915196572
9067,1739981387914475890,1739981387915722625
9068,1739981387915406918,1739981387916069042
9069,1739981387915938228,1739981387916900622
9070,1739981387916211006,1739981387917438096
9071,1739981387917221511,1739981387917908208
9072,1739981387917681962,1739981387919090736
9073,1739981387918125034,1739981387919670927
9074,1739981387919329977,1739981387920757600
9075,1739981387919907727,1739981387921502407
9076,1739981387920980865,1739981387921983064
9077,1739981387921742899,1739981387922476471
9078,1739981387922204920,1739981387923628608
9079,1739981387922697029,1739981387924100018
9080,1739981387923879031,1739981387924621234
9081,1739981387924309104,1739981387924961344
9082,1739981387924848393,1739981387925677550
9083,1739981387925291993,1739981387926340071
9084,1739981387925847790,1739981387926685417
9085,1739981387926618397,1739981387926987439
9086,1739981387926836109,1739981387927459622
9087,1739981387927193140,1739981387928407263
9088,1739981387927629680,1739981387928802771
9089,1739981387928636792,1739981387929269475
9090,1739981387929007658,1739981387929695445
9091,1739981387929457355,1739981387930697232
9092,1739981387930152271,1739981387931178639
9093,1739981387930962551,1739981387931558816
9094,1739981387931367196,1739981387932448987
9095,1739981387931766785,1739981387932944101
9096,1739981387932798287,1739981387933441600
9097,1739981387933168788,1739981387934619452
9098,1739981387933630320,1739981387935013659
9099,1739981387934802554,1739981387935505048
9100,1739981387935238013,1739981387936616589
9101,1739981387935721520,1739981387936972209
9102,1739981387936874369,1739981387937350391
9103,1739981387937161692,1739981387937805180
9104,1739981387937530885,1739981387938608246
9105,1739981387938015340,1739981387939053693
9106,1739981387938852665,1739981387939372562
9107,1739981387939239771,1739981387939667373
9108,1739981387939634892,1739981387940844482
9109,1739981387939846206,1739981387941213961
9110,1739981387941071726,1739981387941686922
9111,1739981387941390714,1739981387942528656
9112,1739981387941861812,1739981387942956639
9113,1739981387942831834,1739981387943318534
9114,1739981387943180455,1739981387944170266
9115,1739981387943515521,1739981387944791318
9116,1739981387944447016,1739981387945349280
9117,1739981387945348060,1739981387946460319
9118,1739981387945605848,1739981387947011136
9119,1739981387946735350,1739981387947467948
9120,1739981387947192189,1739981387948291878
9121,1739981387947656390,1739981387948898043
9122,1739981387948665824,1739981387949307040
9123,1739981387949097756,1739981387950140473
9124,1739981387949497549,1739981387950716601
9125,1739981387950327590,1739981387951045969
9126,1739981387950937642,1739981387951472875
9127,1739981387951224448,1739981387952111644
9128,1739981387951703392,1739981387952632332
9129,1739981387952495089,1739981387952969773
9130,1739981387952899136,1739981387953290723
9131,1739981387953113268,1739981387954482570
9132,1739981387953497793,1739981387954861109
9133,1739981387954716771,1739981387955384498
9134,1739981387955101991,1739981387956148887
9135,1739981387955576151,1739981387956824671
9136,1739981387956361439,1739981387957225286
9137,1739981387957043317,1739981387957596381
9138,1739981387957439326,1739981387958022411
9139,1739981387957830052,1739981387958933084
9140,1739981387958369385,1739981387959441810
9141,1739981387959249431,1739981387959845942
9142,1739981387959640627,1739981387960967736
9143,1739981387960026024,1739981387961384578
9144,1739981387961213305,1739981387961777650
9145,1739981387961635325,1739981387962610709
9146,1739981387961990448,1739981387963039138
9147,1739981387962895743,1739981387963439547
9148,1739981387963284666,1739981387963761165
9149,1739981387963678062,1739981387964655958
9150,1739981387963975480,1739981387965265385
9151,1739981387964878789,1739981387965640345
9152,1739981387965521675,1739981387966538549
9153,1739981387965862488,1739981387967054139
9154,1739981387966919649,1739981387967491284
9155,1739981387967235235,1739981387968177753
9156,1739981387967685054,1739981387968934922
9157,1739981387968445521,1739981387969407557
9158,1739981387969165451,1739981387969845224
9159,1739981387969644653,1739981387970281949
9160,1739981387970056533,1739981387971488092
9161,1739981387970558462,1739981387972092555
9162,1739981387971758296,1739981387972624093
9163,1739981387972329169,1739981387973768486
9164,1739981387972861055,1739981387974326772
9165,1739981387973979820,1739981387974816432
9166,1739981387974522295,1739981387975630712
9167,1739981387975019257,1739981387976362890
9168,1739981387975881345,1739981387976825911
9169,1739981387976600821,1739981387977150580
9170,1739981387977026922,1739981387977461717
9171,1739981387977311280,1739981387978345483
9172,1739981387977651049,1739981387978820352
9173,1739981387978684184,1739981387979157058
9174,1739981387979082131,1739981387979788121
9175,1739981387979290018,1739981387980679885
9176,1739981387979992516,1739981387981048525
9177,1739981387980896784,1739981387981414082
9178,1739981387981214164,1739981387982151274
9179,1739981387981598306,1739981387982745740
9180,1739981387982411204,1739981387983175804
9181,1739981387983036172,1739981387983553256
9182,1739981387983380588,1739981387983956690
9183,1739981387983761285,1739981387984767289
9184,1739981387984162384,1739981387985400360
9185,1739981387984968807,1739981387985913877
9186,1739981387985623471,1739981387986774815
9187,1739981387986148517,1739981387987301060
9188,1739981387987150691,1739981387987688326
9189,1739981387987484295,1739981387988538229
9190,1739981387987888880,1739981387989008082
9191,1739981387988934740,1739981387989463784
9192,1739981387989211994,1739981387989822015
9193,1739981387989681229,1739981387990602659
9194,1739981387990015539,1739981387991054705
9195,1739981387990954412,1739981387991557183
9196,1739981387991218768,1739981387991887588
9197,1739981387991758894,1739981387992715387
9198,1739981387992080255,1739981387993316367
9199,1739981387993054384,1739981387993728274
9200,1739981387993538643,1739981387994090904
9201,1739981387993959660,1739981387994813936
9202,1739981387994377386,1739981387995621673
9203,1739981387994986854,1739981387996104828
9204,1739981387995847458,1739981387996467245
9205,1739981387996336658,1739981387997361194
9206,1739981387996660903,1739981387998301071
9207,1739981387997578942,1739981387998696569
9208,1739981387998503862,1739981387999015417
9209,1739981387998864376,1739981387999949364
9210,1739981387999181502,1739981388000439035
9211,1739981388000279277,1739981388000777658
9212,1739981388000654189,1739981388001219297
9213,1739981388000995065,1739981388002049273
9214,1739981388001408122,1739981388002557386
9215,1739981388002422106,1739981388002987233
9216,1739981388002762045,1739981388003365477
9217,1739981388003174702,1739981388004529307
9218,1739981388003601469,1739981388004926732
9219,1739981388004785280,1739981388005454147
9220,1739981388005133286,1739981388006361725
9221,1739981388005665974,1739981388006999142
9222,1739981388006764619,1739981388007405517
9223,1739981388007199990,1739981388008403625
9224,1739981388007615707,1739981388008864989
9225,1739981388008697060,1739981388009310050
9226,1739981388009070720,1739981388010492444
9227,1739981388009505970,1739981388011021991
9228,1739981388010722056,1739981388011390248
9229,1739981388011269806,1739981388012339581
9230,1739981388011566048,1739981388012946683
9231,1739981388012719878,1739981388013350527
9232,1739981388013156463,1739981388014408147
9233,1739981388013556406,1739981388014986490
9234,1739981388014625683,1739981388015349991
9235,1739981388015209290,1739981388016279210
9236,1739981388015588671,1739981388016888328
9237,1739981388016523804,1739981388017255805
9238,1739981388017126027,1739981388018172777
9239,1739981388017479948,1739981388018675721
9240,1739981388018529837,1739981388019217496
9241,1739981388018907658,1739981388020030317
9242,1739981388019420201,1739981388020660264
9243,1739981388020227732,1739981388021076904
9244,1739981388020884543,1739981388021433071
9245,1739981388021253652,1739981388022199316
9246,1739981388021604876,1739981388022810958
9247,1739981388022511629,1739981388023173973
9248,1739981388023027140,1739981388024042668
9249,1739981388023351960,1739981388024677206
9250,1739981388024400701,1739981388025093497
9251,1739981388024879822,1739981388025896326
9252,1739981388025272245,1739981388026450494
9253,1739981388026107502,1739981388026804124
9254,1739981388026695932,1739981388027100007
9255,1739981388027020380,1739981388027832403
9256,1739981388027262230,1739981388028603227
9257,1739981388028009055,1739981388028949090
9258,1739981388028812895,1739981388029298020
9259,1739981388029155962,1739981388029735717
9260,1739981388029476498,1739981388030341830
9261,1739981388029915458,1739981388031094181
9262,1739981388030592625,1739981388031455626
9263,1739981388031336807,1739981388032345774
9264,1739981388031660701,1739981388033223572
9265,1739981388032939850,1739981388033698429
9266,1739981388033416155,1739981388034966747
9267,1739981388033883227,1739981388035404106
9268,1739981388035223249,1739981388036238240
9269,1739981388035624513,1739981388036748627
9270,1739981388036421842,1739981388037410911
9271,1739981388037113765,1739981388037875647
9272,1739981388037673977,1739981388038409055
9273,1739981388038082851,1739981388039423437
9274,1739981388038838704,1739981388039812214
9275,1739981388039710779,1739981388040230337
9276,1739981388040041991,1739981388041240912
9277,1739981388040540434,1739981388041589063
9278,1739981388041465692,1739981388041924811
9279,1739981388041793615,1739981388042358279
9280,1739981388042112885,1739981388043169459
9281,1739981388042528204,1739981388043610819
9282,1739981388043447501,1739981388043959897
9283,1739981388043805007,1739981388044484263
9284,1739981388044137891,1739981388044871022
9285,1739981388044676320,1739981388045875061
9286,1739981388045063391,1739981388046309710
9287,1739981388046114933,1739981388046693669
9288,1739981388046524006,1739981388047595280
9289,1739981388046896897,1739981388048114108
9290,1739981388047743543,1739981388048660132
9291,1739981388048376335,1739981388049025338
9292,1739981388048866838,1739981388049503321
9293,1739981388049226143,1739981388050372915
9294,1739981388049726851,1739981388050802026
9295,1739981388050638975,1739981388051190770
9296,1739981388051051775,1739981388052065870
9297,1739981388051375291,1739981388052563091
9298,1739981388052421764,1739981388052961783
9299,1739981388052886636,1739981388053425869
9300,1739981388053138718,1739981388054415637
9301,1739981388053617807,1739981388054875739
9302,1739981388054680253,1739981388055235912
9303,1739981388055091974,1739981388056384961
9304,1739981388055398030,1739981388056770063
9305,1739981388056624169,1739981388057303389
9306,1739981388056916193,1739981388058189396
9307,1739981388057500016,1739981388058662042
9308,1739981388058517405,1739981388059039047
9309,1739981388058914839,1739981388060097428
9310,1739981388059222531,1739981388060637826
9311,1739981388060356638,1739981388061090522
9312,1739981388060892580,1739981388062012476
9313,1739981388061284163,1739981388062494604
9314,1739981388062351787,1739981388062917439
9315,1739981388062685642,1739981388063354941
9316,1739981388063165761,1739981388064498316
9317,1739981388063542872,1739981388064975398
9318,1739981388064761184,1739981388065444632
9319,1739981388065204614,1739981388065820602
9320,1739981388065671826,1739981388066740322
9321,1739981388066027366,1739981388067336954
9322,1739981388067096133,1739981388067777676
9323,1739981388067595928,1739981388068238780
9324,1739981388068050151,1739981388068983540
9325,1739981388068475791,1739981388069797437
9326,1739981388069353869,1739981388070239321
9327,1739981388069990998,1739981388070644253
9328,1739981388070444593,1739981388071048783
9329,1739981388070826206,1739981388072078356
9330,1739981388071181848,1739981388072549905
9331,1739981388072326173,1739981388072982126
9332,1739981388072772496,1739981388074146384
9333,1739981388073214812,1739981388074568551
9334,1739981388074415734,1739981388074979256
9335,1739981388074801747,1739981388075838007
9336,1739981388075181239,1739981388076526307
9337,1739981388076099629,1739981388076867570
9338,1739981388076714099,1739981388077299781
9339,1739981388077058982,1739981388077629661
9340,1739981388077541846,1739981388078555924
9341,1739981388077746485,1739981388079364357
9342,1739981388078847915,1739981388079791125
9343,1739981388079607001,1739981388080770556
9344,1739981388080015328,1739981388081292175
9345,1739981388081106030,1739981388081681506
9346,1739981388081526967,1739981388081992052
9347,1739981388081916963,1739981388083057175
9348,1739981388082514363,1739981388083545315
9349,1739981388083324100,1739981388083960324
9350,1739981388083753613,1739981388084390778
9351,1739981388084179762,1739981388085361382
9352,1739981388084580075,1739981388086080223
9353,1739981388085511919,1739981388086516792
9354,1739981388086326233,1739981388087330784
9355,1739981388086734752,1739981388088042081
9356,1739981388087511714,1739981388088468238
9357,1739981388088222660,1739981388088948995
9358,1739981388088688488,1739981388089356057
9359,1739981388089161827,1739981388089988052
9360,1739981388089541997,1739981388090890246
9361,1739981388090194012,1739981388091291334
9362,1739981388091151365,1739981388091717735
9363,1739981388091514861,1739981388092080058
9364,1739981388091928156,1739981388093037910
9365,1739981388092391208,1739981388093447872
9366,1739981388093234119,1739981388093839187
9367,1739981388093667926,1739981388094784814
9368,1739981388094078755,1739981388095353888
9369,1739981388095055968,1739981388095875861
9370,1739981388095606457,1739981388096732194
9371,1739981388096103494,1739981388097362830
9372,1739981388097119573,1739981388097859555
9373,1739981388097570621,1739981388098955010
9374,1739981388098033601,1739981388099365649
9375,1739981388099134522,1739981388099751150
9376,1739981388099623676,1739981388100336107
9377,1739981388099972816,1739981388101024707
9378,1739981388100668859,1739981388101447420
9379,1739981388101246288,1739981388101791499
9380,1739981388101672212,1739981388102271001
9381,1739981388101977650,1739981388103131427
9382,1739981388102416868,1739981388103558460
9383,1739981388103408924,1739981388104016215
9384,1739981388103754035,1739981388104523646
9385,1739981388104237448,1739981388105347879
9386,1739981388104725229,1739981388105915472
9387,1739981388105604466,1739981388106399513
9388,1739981388106233352,1739981388106795175
9389,1739981388106659739,1739981388107292128
9390,1739981388107012380,1739981388108207329
9391,1739981388107520098,1739981388108726624
9392,1739981388108546601,1739981388109373373
9393,1739981388108973818,1739981388110291885
9394,1739981388109607116,1739981388110899937
9395,1739981388110683172,1739981388111337613
9396,1739981388111135617,1739981388112101383
9397,1739981388111555443,1739981388112559439
9398,1739981388112269590,1739981388113120545
9399,1739981388112866432,1739981388113517986
9400,1739981388113345355,1739981388113881028
9401,1739981388113742876,1739981388114365562
9402,1739981388114083081,1739981388114871875
9403,1739981388114594194,1739981388115651823
9404,1739981388115077199,1739981388116451397
9405,1739981388116186030,1739981388116968917
9406,1739981388116731581,1739981388118156461
9407,1739981388117194640,1739981388118598198
9408,1739981388118443563,1739981388119129570
9409,1739981388118821954,1739981388120029588
9410,1739981388119373564,1739981388120639910
9411,1739981388120445503,1739981388121210733
9412,1739981388120847047,1739981388122173188
9413,1739981388121461770,1739981388122738647
9414,1739981388122574388,1739981388123275875
9415,1739981388122938938,1739981388124044162
9416,1739981388123477653,1739981388124877093
9417,1739981388124236977,1739981388125317878
9418,1739981388125128025,1739981388126168383
9419,1739981388125517884,1739981388126619238
9420,1739981388126495746,1739981388127262605
9421,1739981388126841536,1739981388127983035
9422,1739981388127469057,1739981388128686092
9423,1739981388128252664,1739981388129078099
9424,1739981388128957047,1739981388129604506
9425,1739981388129337149,1739981388130014344
9426,1739981388129819728,1739981388131090967
9427,1739981388130238678,1739981388131555738
9428,1739981388131353614,1739981388131954619
9429,1739981388131794268,1739981388132396123
9430,1739981388132192094,1739981388133525451
9431,1739981388132596062,1739981388134230875
9432,1739981388133805027,1739981388134652722
9433,1739981388134427626,1739981388135556438
9434,1739981388134894076,1739981388136261296
9435,1739981388135928332,1739981388136784842
9436,1739981388136522784,1739981388137968199
9437,1739981388137008388,1739981388138447212
9438,1739981388138253090,1739981388138801389
9439,1739981388138676617,1739981388139163828
9440,1739981388138985358,1739981388140103796
9441,1739981388139351924,1739981388140542413
9442,1739981388140441040,1739981388140915031
9443,1739981388140685490,1739981388141394681
9444,1739981388141113945,1739981388142450786
9445,1739981388141616874,1739981388142939521
9446,1739981388142730540,1739981388143359680
9447,1739981388143180575,1739981388144440873
9448,1739981388143624717,1739981388145008387
9449,1739981388144796063,1739981388145433890
9450,1739981388145230244,1739981388146260094
9451,1739981388145808033,1739981388146870692
9452,1739981388146577930,1739981388147394053
9453,1739981388147062229,1739981388148774984
9454,1739981388147628638,1739981388149284470
9455,1739981388149049663,1739981388149831023
9456,1739981388149475569,1739981388150658035
9457,1739981388150022385,1739981388151416743
9458,1739981388150854568,1739981388151960823
9459,1739981388151656505,1739981388152399851
9460,1739981388152158699,1739981388153087686
9461,1739981388152615944,1739981388154077628
9462,1739981388153445994,1739981388154622219
9463,1739981388154381869,1739981388154982782
9464,1739981388154864397,1739981388155405081
9465,1739981388155191583,1739981388156388735
9466,1739981388155643743,1739981388156904942
9467,1739981388156683272,1739981388157401767
9468,1739981388157189597,1739981388158121014
9469,1739981388157658706,1739981388158842646
9470,1739981388158394080,1739981388159240317
9471,1739981388159039585,1739981388159608736
9472,1739981388159427119,1739981388159953554
9473,1739981388159805623,1739981388160847781
9474,1739981388160128868,1739981388161345535
9475,1739981388161094261,1739981388161848847
9476,1739981388161590931,1739981388162550130
9477,1739981388162111063,1739981388163310998
9478,1739981388162822608,1739981388163813115
9479,1739981388163553305,1739981388164375918
9480,1739981388164029521,1739981388164764928
9481,1739981388164565900,1739981388165634033
9482,1739981388164938422,1739981388166130769
9483,1739981388165973980,1739981388166505134
9484,1739981388166338065,1739981388166906140
9485,1739981388166683215,1739981388167730786
9486,1739981388167085098,1739981388168238796
9487,1739981388168053775,1739981388168654677
9488,1739981388168515692,1739981388169790655
9489,1739981388168919791,1739981388170223888
9490,1739981388170062884,1739981388170688986
9491,1739981388170455512,1739981388171520057
9492,1739981388170876618,1739981388172001545
9493,1739981388171833827,1739981388172430388
9494,1739981388172202504,1739981388173517149
9495,1739981388172648516,1739981388173919248
9496,1739981388173770095,1739981388174422623
9497,1739981388174123637,1739981388174869536
9498,1739981388174613707,1739981388175862040
9499,1739981388175077208,1739981388176303447
9500,1739981388176151245,1739981388176669085
9501,1739981388176543655,1739981388177696655
9502,1739981388176889026,1739981388178087082
9503,1739981388177953119,1739981388178574446
9504,1739981388178299811,1739981388178954595
9505,1739981388178777407,1739981388179701976
9506,1739981388179159998,1739981388180310686
9507,1739981388180069667,1739981388180712959
9508,1739981388180534737,1739981388181162328
9509,1739981388180923481,1739981388181969993
9510,1739981388181370378,1739981388182438330
9511,1739981388182251553,1739981388182921171
9512,1739981388182716904,1739981388183849006
9513,1739981388183099297,1739981388184406192
9514,1739981388184165400,1739981388184832995
9515,1739981388184594805,1739981388185425751
9516,1739981388185027919,1739981388186184864
9517,1739981388185599790,1739981388186712622
9518,1739981388186411300,1739981388187092152
9519,1739981388186917471,1739981388187831278
9520,1739981388187321267,1739981388188614526
9521,1739981388188082966,1739981388188998159
9522,1739981388188841668,1739981388189406229
9523,1739981388189235744,1739981388190404769
9524,1739981388189593589,1739981388190752419
9525,1739981388190628340,1739981388191098120
9526,1739981388190960087,1739981388191520664
9527,1739981388191307576,1739981388192318855
9528,1739981388191710478,1739981388193022134
9529,1739981388192479773,1739981388193428019
9530,1739981388193246859,1739981388193772719
9531,1739981388193648963,1739981388194132975
9532,1739981388193950983,1739981388194497952
9533,1739981388194327596,1739981388195248492
9534,1739981388194681823,1739981388195985274
9535,1739981388195384389,1739981388196452103
9536,1739981388196253087,1739981388196914706
9537,1739981388196655907,1739981388197256286
9538,1739981388197102909,1739981388198152777
9539,1739981388197460133,1739981388198803223
9540,1739981388198532553,1739981388199225456
9541,1739981388199047835,1739981388200361990
9542,1739981388199432660,1739981388200767982
9543,1739981388200563531,1739981388201077950
9544,1739981388200987673,1739981388201613909
9545,1739981388201230331,1739981388202351707
9546,1739981388201825333,1739981388202716325
9547,1739981388202547962,1739981388203049957
9548,1739981388202901975,1739981388203473662
9549,1739981388203212205,1739981388204614110
9550,1739981388203655823,1739981388205067688
9551,1739981388204877655,1739981388205393915
9552,1739981388205239411,1739981388206590961
9553,1739981388205605950,1739981388206955512
9554,1739981388206800002,1739981388207333254
9555,1739981388207194520,1739981388208226579
9556,1739981388207532412,1739981388208838061
9557,1739981388208584713,1739981388209198555
9558,1739981388209073448,1739981388210085462
9559,1739981388209448649,1739981388210629746
9560,1739981388210427258,1739981388211012171
9561,1739981388210855116,1739981388211780241
9562,1739981388211222322,1739981388212508158
9563,1739981388212019973,1739981388212887151
9564,1739981388212747954,1739981388213624161
9565,1739981388213102195,1739981388214448166
9566,1739981388213919116,1739981388214829964
9567,1739981388214685783,1739981388215161643
9568,1739981388215061345,1739981388215582760
9569,1739981388215376096,1739981388216316517
9570,1739981388215806378,1739981388216839805
9571,1739981388216534542,1739981388217346798
9572,1739981388217158260,1739981388217789611
9573,1739981388217546771,1739981388218219523
9574,1739981388217992657,1739981388219068824
9575,1739981388218410091,1739981388219652991
9576,1739981388219426300,1739981388220099043
9577,1739981388219848881,1739981388220910192
9578,1739981388220284707,1739981388221429400
9579,1739981388221277930,1739981388221865325
9580,1739981388221631965,1739981388222796552
9581,1739981388222065683,1739981388223360582
9582,1739981388223166657,1739981388223883346
9583,1739981388223562793,1739981388224883020
9584,1739981388224108219,1739981388225426381
9585,1739981388225076162,1739981388225873091
9586,1739981388225658316,1739981388226632572
9587,1739981388226066923,1739981388227127433
9588,1739981388226980412,1739981388227529545
9589,1739981388227344575,1739981388227898034
9590,1739981388227734427,1739981388228681784
9591,1739981388228110643,1739981388229327701
9592,1739981388228980169,1739981388229668003
9593,1739981388229546070,1739981388230473300
9594,1739981388229882543,1739981388231309671
9595,1739981388230740409,1739981388231787843
9596,1739981388231537878,1739981388232221020
9597,1739981388231981941,1739981388232749702
9598,1739981388232434553,1739981388233910756
9599,1739981388232943974,1739981388234474130
9600,1739981388234137912,1739981388234855285
9601,1739981388234719926,1739981388235728390
9602,1739981388235079214,1739981388236355427
9603,1739981388236077981,1739981388236791659
9604,1739981388236572937,1739981388237938261
9605,1739981388236966434,1739981388238474174
9606,1739981388238203343,1739981388238900999
9607,1739981388238684986,1739981388239734693
9608,1739981388239100413,1739981388240258634
9609,1739981388240008689,1739981388240619148
9610,1739981388240486203,1739981388240946598
9611,1739981388240825026,1739981388242024999
9612,1739981388241191712,1739981388242416177
9613,1739981388242202475,1739981388242730354
9614,1739981388242648337,1739981388243127507
9615,1739981388242936239,1739981388243948205
9616,1739981388243327543,1739981388244556787
9617,1739981388244276147,1739981388244880684
9618,1739981388244767016,1739981388245452695
9619,1739981388245063489,1739981388246300000
9620,1739981388245831175,1739981388246733297
9621,1739981388246605142,1739981388247134318
9622,1739981388246992970,1739981388247970209
9623,1739981388247343981,1739981388248451408
9624,1739981388248278466,1739981388248819517
9625,1739981388248719079,1739981388249659664
9626,1739981388249126233,1739981388250393831
9627,1739981388249895442,1739981388250792860
9628,1739981388250619355,1739981388251204392
9629,1739981388251002075,1739981388251529078
9630,1739981388251414281,1739981388252316416
9631,1739981388251713438,1739981388252873143
9632,1739981388252611842,1739981388253233807
9633,1739981388253132454,1739981388254041071
9634,1739981388253456182,1739981388254533588
9635,1739981388254423277,1739981388255046661
9636,1739981388254720149,1739981388255629268
9637,1739981388255252349,1739981388256470010
9638,1739981388255990235,1739981388256909411
9639,1739981388256733584,1739981388257266515
9640,1739981388257105235,1739981388257943570
9641,1739981388257483915,1739981388258578932
9642,1739981388258188747,1739981388259055104
9643,1739981388258783242,1739981388259471176
9644,1739981388259262279,1739981388260306327
9645,1739981388259668993,1739981388260804439
9646,1739981388260662096,1739981388261303402
9647,1739981388261016270,1739981388262196534
9648,1739981388261526838,1739981388262801907
9649,1739981388262523874,1739981388263554385
9650,1739981388263023947,1739981388264441244
9651,1739981388264111532,1739981388264801453
9652,1739981388264686467,1739981388265208139
9653,1739981388265001227,1739981388265958083
9654,1739981388265391936,1739981388266514075
9655,1739981388266366830,1739981388266916353
9656,1739981388266712012,1739981388267321745
9657,1739981388267120637,1739981388268485014
9658,1739981388267542578,1739981388268942397
9659,1739981388268763495,1739981388269427668
9660,1739981388269140690,1739981388270022416
9661,1739981388269668637,1739981388270860332
9662,1739981388270349911,1739981388271213186
9663,1739981388271093811,1739981388271741661
9664,1739981388271434480,1739981388272641718
9665,1739981388271953010,1739981388273177018
9666,1739981388272973764,1739981388273690438
9667,1739981388273419813,1739981388274904656
9668,1739981388273888933,1739981388275324375
9669,1739981388275151282,1739981388275746281
9670,1739981388275511665,1739981388276083989
9671,1739981388275956491,1739981388277017272
9672,1739981388276449526,1739981388277451628
9673,1739981388277275556,1739981388277777526
9674,1739981388277687885,1739981388278121070
9675,1739981388277981324,1739981388278701209
9676,1739981388278316327,1739981388279576265
9677,1739981388278997127,1739981388279968503
9678,1739981388279824208,1739981388280388797
9679,1739981388280182627,1739981388281180247
9680,1739981388280571269,1739981388281792759
9681,1739981388281523762,1739981388282266312
9682,1739981388281983821,1739981388283385393
9683,1739981388282514540,1739981388283834550
9684,1739981388283650079,1739981388284376087
9685,1739981388284046024,1739981388284744398
9686,1739981388284554038,1739981388285655495
9687,1739981388284916037,1739981388286237931
9688,1739981388285982560,1739981388286638054
9689,1739981388286448227,1739981388287600785
9690,1739981388286840903,1739981388288341708
9691,1739981388288060489,1739981388289270998
9692,1739981388288606611,1739981388289825193
9693,1739981388289648673,1739981388290246237
9694,1739981388290030643,1739981388291304487
9695,1739981388290447350,1739981388291632273
9696,1739981388291578033,1739981388292075017
9697,1739981388291802084,1739981388292415540
9698,1739981388292319236,1739981388293308462
9699,1739981388292637997,1739981388293811401
9700,1739981388293630690,1739981388294439628
9701,1739981388294026562,1739981388294877000
9702,1739981388294660539,1739981388295741903
9703,1739981388295098023,1739981388296233998
9704,1739981388296004568,1739981388296643169
9705,1739981388296446021,1739981388297483944
9706,1739981388296856763,1739981388298021382
9707,1739981388297850743,1739981388298507315
9708,1739981388298221289,1739981388299376809
9709,1739981388298721110,1739981388300215490
9710,1739981388299538583,1739981388300609748
9711,1739981388300444848,1739981388301046253
9712,1739981388300813914,1739981388301809751
9713,1739981388301223326,1739981388302564799
9714,1739981388301991971,1739981388302982317
9715,1739981388302761362,1739981388303329998
9716,1739981388303171228,1739981388303658462
9717,1739981388303520656,1739981388304620266
9718,1739981388303841910,1739981388305067260
9719,1739981388304854957,1739981388305519605
9720,1739981388305377399,1739981388305999011
9721,1739981388305781080,1739981388306754826
9722,1739981388306221079,1739981388307493008
9723,1739981388306964573,1739981388307881090
9724,1739981388307774289,1739981388308244623
9725,1739981388308083638,1739981388308814879
9726,1739981388308480744,1739981388309562275
9727,1739981388308992440,1739981388309908263
9728,1739981388309813247,1739981388310365007
9729,1739981388310041532,1739981388311245365
9730,1739981388310566047,1739981388311736743
9731,1739981388311520501,1739981388312195891
9732,1739981388311941893,1739981388312947354
9733,1739981388312367628,1739981388313541683
9734,1739981388313293664,1739981388313929474
9735,1739981388313824591,1739981388314378950
9736,1739981388314060123,1739981388314709041
9737,1739981388314601423,1739981388315649578
9738,1739981388314973225,1739981388316044269
9739,1739981388315965949,1739981388316449565
9740,1739981388316231017,1739981388317106187
9741,1739981388316640323,1739981388317974366
9742,1739981388317304784,1739981388318361739
9743,1739981388318233329,1739981388318774537
9744,1739981388318559650,1739981388319192307
9745,1739981388318975191,1739981388319975872
9746,1739981388319563573,1739981388320489052
9747,1739981388320334078,1739981388320849384
9748,1739981388320708116,1739981388321290420
9749,1739981388321038011,1739981388322213995
9750,1739981388321488208,1739981388322719268
9751,1739981388322562959,1739981388323077000
9752,1739981388322917776,1739981388324030720
9753,1739981388323281874,1739981388324640924
9754,1739981388324385528,1739981388325007987
9755,1739981388324868915,1739981388326114257
9756,1739981388325220933,1739981388326504684
9757,1739981388326418526,1739981388326790277
9758,1739981388326642118,1739981388327181257
9759,1739981388326999364,1739981388328040418
9760,1739981388327398237,1739981388328514612
9761,1739981388328417256,1739981388328866316
9762,1739981388328733672,1739981388329289465
9763,1739981388329057637,1739981388330178516
9764,1739981388329473727,1739981388330710104
9765,1739981388330535137,1739981388331145445
9766,1739981388330973012,1739981388331513843
9767,1739981388331332976,1739981388332420599
9768,1739981388331700487,1739981388332930921
9769,1739981388332687824,1739981388333345557
9770,1739981388333114543,1739981388333752626
9771,1739981388333544561,1739981388334721195
9772,1739981388333966715,1739981388335362455
9773,1739981388335055901,1739981388335849907
9774,1739981388335575256,1739981388336230801
9775,1739981388336086648,1739981388337386547
9776,1739981388336425842,1739981388337903625
9777,1739981388337621429,1739981388338338755
9778,1739981388338110964,1739981388339190434
9779,1739981388338526238,1739981388339901114
9780,1739981388339447739,1739981388340235788
9781,1739981388340112639,1739981388340572372
9782,1739981388340429799,1739981388340980421
9783,1739981388340770414,1739981388341329310
9784,1739981388341160618,1739981388342068490
9785,1739981388341520164,1739981388342781443
9786,1739981388342310286,1739981388343161554
9787,1739981388342999895,1739981388343552057
9788,1739981388343401406,1739981388344489533
9789,1739981388343888885,1739981388344927299
9790,1739981388344756772,1739981388345308876
9791,1739981388345186861,1739981388346179214
9792,1739981388345551737,1739981388346840196
9793,1739981388346342980,1739981388347325887
9794,1739981388347037242,1739981388348161363
9795,1739981388347536307,1739981388348687369
9796,1739981388348512334,1739981388349220680
9797,1739981388348876081,1739981388350239511
9798,1739981388349445702,1739981388350744622
9799,1739981388350590021,1739981388351168323
9800,1739981388350963367,1739981388351950845
9801,1739981388351344810,1739981388352407138
9802,1739981388352227839,1739981388352895468
9803,1739981388352648283,1739981388353721548
9804,1739981388353094413,1739981388354325563
9805,1739981388354065468,1739981388354715788
9806,1739981388354541382,1739981388355167085
9807,1739981388354950721,1739981388356108407
9808,1739981388355370793,1739981388356696832
9809,1739981388356368333,1739981388357058879
9810,1739981388356907388,1739981388357856529
9811,1739981388357212017,1739981388358332217
9812,1739981388358085906,1739981388358767572
9813,1739981388358584244,1739981388359147117
9814,1739981388358981399,1739981388360354137
9815,1739981388359337837,1739981388360877808
9816,1739981388360617568,1739981388361422278
9817,1739981388361110603,1739981388362167465
9818,1739981388361613351,1739981388362694482
9819,1739981388362566274,1739981388363035156
9820,1739981388362824490,1739981388363491836
9821,1739981388363226681,1739981388364450029
9822,1739981388363706383,1739981388364876591
9823,1739981388364692236,1739981388365243474
9824,1739981388365085667,1739981388365575701
9825,1739981388365412808,1739981388366625969
9826,1739981388365754074,1739981388366995482
9827,1739981388366872731,1739981388367403215
9828,1739981388367193170,1739981388368021988
9829,1739981388367588664,1739981388368856175
9830,1739981388368287160,1739981388369254924
9831,1739981388369090975,1739981388369636531
9832,1739981388369485234,1739981388370587423
9833,1739981388369851589,1739981388371088731
9834,1739981388370898233,1739981388371499117
9835,1739981388371278372,1739981388372598693
9836,1739981388371687255,1739981388372991384
9837,1739981388372832862,1739981388373348237
9838,1739981388373247635,1739981388374345162
9839,1739981388373466446,1739981388374807599
9840,1739981388374607670,1739981388375204805
9841,1739981388375027820,1739981388375599489
9842,1739981388375400126,1739981388376291427
9843,1739981388375792037,1739981388376887215
9844,1739981388376450858,1739981388377420622
9845,1739981388377132743,1739981388377757150
9846,1739981388377625255,1739981388378170517
9847,1739981388377956516,1739981388378985152
9848,1739981388378365291,1739981388379523968
9849,1739981388379337170,1739981388379881996
9850,1739981388379746949,1739981388380266762
9851,1739981388380109868,1739981388381342992
9852,1739981388380465656,1739981388381791153
9853,1739981388381566953,1739981388382262176
9854,1739981388381990608,1739981388383180468
9855,1739981388382448056,1739981388383817487
9856,1739981388383549169,1739981388384349144
9857,1739981388384005959,1739981388384730276
9858,1739981388384553546,1739981388385611281
9859,1739981388384930940,1739981388386105379
9860,1739981388385972845,1739981388386513575
9861,1739981388386397088,1739981388386949339
9862,1739981388386703348,1739981388387831623
9863,1739981388387157400,1739981388388284994
9864,1739981388388152546,1739981388388710413
9865,1739981388388461607,1739981388389379822
9866,1739981388388909854,1739981388390171167
9867,1739981388389616313,1739981388390614680
9868,1739981388390412697,1739981388391076541
9869,1739981388390810786,1739981388391387123
9870,1739981388391212846,1739981388392278001
9871,1739981388391603710,1739981388392873701
9872,1739981388392495424,1739981388393349392
9873,1739981388393108319,1739981388394139650
9874,1739981388393571766,1739981388394774998
9875,1739981388394387712,1739981388395391359
9876,1739981388395055718,1739981388395740219
9877,1739981388395605667,1739981388396303497
9878,1739981388395929544,1739981388397127434
9879,1739981388396682737,1739981388397489591
9880,1739981388397346758,1739981388397829375
9881,1739981388397701836,1739981388398235648
9882,1739981388398050042,1739981388399049306
9883,1739981388398439808,1739981388399544357
9884,1739981388399404122,1739981388399984241
9885,1739981388399769607,1739981388400629553
9886,1739981388400181852,1739981388401553589
9887,1739981388400948897,1739981388401965592
9888,1739981388401799684,1739981388402433505
9889,1739981388402166174,1739981388403309187
9890,1739981388402658070,1739981388403885227
9891,1739981388403618964,1739981388404538087
9892,1739981388404088002,1739981388404974630
9893,1739981388404725208,1739981388406051662
9894,1739981388405165005,1739981388406455283
9895,1739981388406210407,1739981388406847822
9896,1739981388406641801,1739981388407985026
9897,1739981388407012069,1739981388408438366
9898,1739981388408257832,1739981388408826085
9899,1739981388408641090,1739981388410000863
9900,1739981388409037829,1739981388410364398
9901,1739981388410202496,1739981388410736743
9902,1739981388410552755,1739981388411654691
9903,1739981388410967765,1739981388412143507
9904,1739981388412055049,1739981388412511364
9905,1739981388412298887,1739981388412911434
9906,1739981388412749996,1739981388413738841
9907,1739981388413219720,1739981388414371044
9908,1739981388414139536,1739981388414750278
9909,1739981388414597924,1739981388415234773
9910,1739981388414953522,1739981388416061592
9911,1739981388415456793,1739981388416876168
9912,1739981388416261105,1739981388417247306
9913,1739981388417093574,1739981388417595236
9914,1739981388417457988,1739981388418227079
9915,1739981388417809758,1739981388418977537
9916,1739981388418471776,1739981388419453877
9917,1739981388419215365,1739981388419811571
9918,1739981388419672325,1739981388420402866
9919,1739981388420003281,1739981388421241771
9920,1739981388420640951,1739981388421637808
9921,1739981388421493474,1739981388422308142
9922,1739981388421877577,1739981388423234861
9923,1739981388422626227,1739981388423591289
9924,1739981388423423550,1739981388423909191
9925,1739981388423785145,1739981388424819096
9926,1739981388424079868,1739981388425399654
9927,1739981388425205176,1739981388425785663
9928,1739981388425621926,1739981388426702069
9929,1739981388426035141,1739981388427212164
9930,1739981388427047696,1739981388427695317
9931,1739981388427416410,1739981388428593468
9932,1739981388427881471,1739981388429100416
9933,1739981388428913630,1739981388429499049
9934,1739981388429350600,1739981388430331420
9935,1739981388429756282,1739981388430763185
9936,1739981388430487392,1739981388431401116
9937,1739981388431136718,1739981388431865327
9938,1739981388431606171,1739981388432796462
9939,1739981388432046271,1739981388433256706
9940,1739981388433099687,1739981388433668670
9941,1739981388433481497,1739981388434320471
9942,1739981388433891027,1739981388435104189
9943,1739981388434721528,1739981388435507906
9944,1739981388435367729,1739981388435819390
9945,1739981388435720359,1739981388436364342
9946,1739981388436014759,1739981388437086957
9947,1739981388436590881,1739981388437473921
9948,1739981388437324363,1739981388437802079
9949,1739981388437672481,1739981388438108926
9950,1739981388438011238,1739981388439283225
9951,1739981388438461886,1739981388439651773
9952,1739981388439507876,1739981388440123206
9953,1739981388439894070,1739981388440754496
9954,1739981388440347814,1739981388441426564
9955,1739981388440977156,1739981388441787255
9956,1739981388441613304,1739981388442137215
9957,1739981388442032450,1739981388442486882
9958,1739981388442360648,1739981388443701414
9959,1739981388442708108,1739981388444123688
9960,1739981388443973037,1739981388444571140
9961,1739981388444299202,1739981388445114741
9962,1739981388444793528,1739981388445980546
9963,1739981388445397191,1739981388446379161
9964,1739981388446249518,1739981388446780491
9965,1739981388446611418,1739981388447081864
9966,1739981388446981795,1739981388448152188
9967,1739981388447481839,1739981388448626149
9968,1739981388448430641,1739981388448939619
9969,1739981388448814369,1739981388449264056
9970,1739981388449161431,1739981388450393229
9971,1739981388449454622,1739981388450774183
9972,1739981388450604903,1739981388451211000
9973,1739981388450978890,1739981388451975289
9974,1739981388451404139,1739981388452583251
9975,1739981388452313493,1739981388452959927
9976,1739981388452835991,1739981388453746465
9977,1739981388453371662,1739981388454387423
9978,1739981388454046132,1739981388454896718
9979,1739981388454742724,1739981388455423451
9980,1739981388455179354,1739981388456530242
9981,1739981388455635504,1739981388457048047
9982,1739981388456868757,1739981388457432522
9983,1739981388457263632,1739981388458428735
9984,1739981388457659023,1739981388458942123
9985,1739981388458699947,1739981388459307326
9986,1739981388459132294,1739981388460368411
9987,1739981388459483969,1739981388460688285
9988,1739981388460556024,1739981388460998850
9989,1739981388460878308,1739981388461462433
9990,1739981388461201084,1739981388462104398
9991,1739981388461682675,1739981388462696232
9992,1739981388462358528,1739981388463084763
9993,1739981388462910496,1739981388463517958
9994,1739981388463272158,1739981388464544775
9995,1739981388463710185,1739981388465258175
9996,1739981388464715859,1739981388465667043
9997,1739981388465495964,1739981388466050162
9998,1739981388465872552,1739981388466397553
9999,1739981388466204634,1739981388467262036
10000,1739981388466589269,1739981388467892472
10001,1739981388467649135,1739981388468311191
10002,1739981388468099766,1739981388469072800
10003,1739981388468553188,1739981388469827088
10004,1739981388469305335,1739981388470204252
10005,1739981388470049373,1739981388470916291
10006,1739981388470397956,1739981388471688704
10007,1739981388471131469,1739981388472037004
10008,1739981388471955523,1739981388472451019
10009,1739981388472212942,1739981388472908127
10010,1739981388472693131,1739981388473462304
10011,1739981388473128649,1739981388474221828
10012,1739981388473696141,1739981388474615374
10013,1739981388474471602,1739981388475035779
10014,1739981388474838130,1739981388475330119
10015,1739981388475275214,1739981388476407497
10016,1739981388475690461,1739981388476912722
10017,1739981388476657154,1739981388477360865
10018,1739981388477146215,1739981388478251372
10019,1739981388477572461,1739981388478715724
10020,1739981388478587650,1739981388479077213
10021,1739981388478961817,1739981388479961922
10022,1739981388479313551,1739981388480639426
10023,1739981388480337097,1739981388481015690
10024,1739981388480828354,1739981388482165318
10025,1739981388481210173,1739981388482664825
10026,1739981388482381830,1739981388483030583
10027,1739981388482913011,1739981388484099376
10028,1739981388483239306,1739981388484580791
10029,1739981388484378039,1739981388484898072
10030,1739981388484799105,1739981388485204888
10031,1739981388485078291,1739981388486221655
10032,1739981388485520128,1739981388486570644
10033,1739981388486441726,1739981388486936227
10034,1739981388486783155,1739981388487407709
10035,1739981388487121490,1739981388488171766
10036,1739981388487592725,1739981388488749671
10037,1739981388488402027,1739981388489186997
10038,1739981388488962814,1739981388489989969
10039,1739981388489393027,1739981388490712593
10040,1739981388490214299,1739981388491130178
10041,1739981388490951825,1739981388491583349
10042,1739981388491333828,1739981388492570224
10043,1739981388491782334,1739981388493182324
10044,1739981388492919126,1739981388493592694
10045,1739981388493419713,1739981388494839869
10046,1739981388493969669,1739981388495307867
10047,1739981388495056999,1739981388495685161
10048,1739981388495511564,1739981388496654831
10049,1739981388495872127,1739981388497189098
10050,1739981388496969188,1739981388497542098
10051,1739981388497402269,1739981388497902220
10052,1739981388497739114,1739981388498950568
10053,1739981388498105815,1739981388499349164
10054,1739981388499167901,1739981388499683836
10055,1739981388499587352,1739981388500128228
10056,1739981388499880284,1739981388501044847
10057,1739981388500309468,1739981388501609161
10058,1739981388501427995,1739981388502037834
10059,1739981388501800144,1739981388502456581
10060,1739981388502230782,1739981388503514245
10061,1739981388502639192,1739981388503994281
10062,1739981388503709654,1739981388504442753
10063,1739981388504215310,1739981388505409116
10064,1739981388504669683,1739981388505930041
10065,1739981388505753530,1739981388506457718
10066,1739981388506139195,1739981388507590125
10067,1739981388506642623,1739981388508005958
10068,1739981388507857600,1739981388508405043
10069,1739981388508203316,1739981388509646685
10070,1739981388508598051,1739981388510170205
10071,1739981388509921038,1739981388510564027
10072,1739981388510371066,1739981388511548069
10073,1739981388510809369,1739981388512078798
10074,1739981388511976577,1739981388512425548
10075,1739981388512229317,1739981388512892630
10076,1739981388512678381,1739981388513685849
10077,1739981388513096109,1739981388514266622
10078,1739981388514065142,1739981388514766467
10079,1739981388514539213,1739981388515183181
10080,1739981388514992115,1739981388516158640
10081,1739981388515400038,1739981388516674993
10082,1739981388516502911,1739981388517057332
10083,1739981388516929842,1739981388517740072
10084,1739981388517260865,1739981388518423335
10085,1739981388517994180,1739981388518862238
10086,1739981388518673631,1739981388519663166
10087,1739981388519067037,1739981388520145937
10088,1739981388519894224,1739981388520696692
10089,1739981388520448493,1739981388521089066
10090,1739981388520892799,1739981388521842338
10091,1739981388521266095,1739981388522454118
10092,1739981388522260488,1739981388522813199
10093,1739981388522649668,1739981388523307927
10094,1739981388523026575,1739981388524120618
10095,1739981388523738097,1739981388524501300
10096,1739981388524335428,1739981388524860184
10097,1739981388524768515,1739981388525192439
10098,1739981388525070983,1739981388526282817
10099,1739981388525399123,1739981388526666368
10100,1739981388526503374,1739981388527095729
10101,1739981388526846505,1739981388528022784
10102,1739981388527285144,1739981388528576555
10103,1739981388528427988,1739981388528981778
10104,1739981388528789710,1739981388529638699
10105,1739981388529241658,1739981388530587134
10106,1739981388529802090,1739981388530984828
10107,1739981388530830113,1739981388531319937
10108,1739981388531187873,1739981388532220702
10109,1739981388531544903,1739981388532783120
10110,1739981388532592760,1739981388533515872
10111,1739981388532982851,1739981388534067517
10112,1739981388533788627,1739981388534527250
10113,1739981388534434096,1739981388534906785
10114,1739981388534704897,1739981388535515133
10115,1739981388535140711,1739981388535857262
10116,1739981388535694063,1739981388536633918
10117,1739981388536032272,1739981388537097851
10118,1739981388536798105,1739981388537715611
10119,1739981388537458619,1739981388538107991
10120,1739981388537955312,1739981388538513441
10121,1739981388538328651,1739981388539576491
10122,1739981388538721445,1739981388539963834
10123,1739981388539847488,1739981388540390543
10124,1739981388540178055,1739981388540862412
10125,1739981388540625925,1739981388541652183
10126,1739981388541167848,1739981388542228111
10127,1739981388541905871,1739981388542736743
10128,1739981388542502371,1739981388543638057
10129,1739981388542939572,1739981388544335216
10130,1739981388543790056,1739981388544719979
10131,1739981388544544828,1739981388545039405
10132,1739981388544896403,1739981388545294878
10133,1739981388545200125,1739981388546318575
10134,1739981388545504767,1739981388546661639
10135,1739981388546490690,1739981388546977588
10136,1739981388546898060,1739981388547344768
10137,1739981388547127604,1739981388548563968
10138,1739981388547565826,1739981388548952155
10139,1739981388548789729,1739981388549416620
10140,1739981388549167498,1739981388549913124
10141,1739981388549634060,1739981388550964720
10142,1739981388550104502,1739981388551390037
10143,1739981388551183567,1739981388551803212
10144,1739981388551595298,1739981388552269246
10145,1739981388551994062,1739981388553204858
10146,1739981388552557811,1739981388553599287
10147,1739981388553464475,1739981388553989047
10148,1739981388553799086,1739981388555102614
10149,1739981388554156684,1739981388555588761
10150,1739981388555309542,1739981388556041812
10151,1739981388555830377,1739981388556580934
10152,1739981388556228534,1739981388557142742
10153,1739981388556864210,1739981388557550309
10154,1739981388557472511,1739981388558044944
10155,1739981388557697929,1739981388558434963
10156,1739981388558220463,1739981388559037237
10157,1739981388558657095,1739981388559713675
10158,1739981388559403398,1739981388560093192
10159,1739981388559947256,1739981388560501992
10160,1739981388560322773,1739981388561231753
10161,1739981388560697297,1739981388561888517
10162,1739981388561417085,1739981388562272540
10163,1739981388562088512,1739981388562663670
10164,1739981388562488402,1739981388562960522
10165,1739981388562844317,1739981388563661575
10166,1739981388563141286,1739981388564354739
10167,1739981388563861299,1739981388564756512
10168,1739981388564581734,1739981388565220936
10169,1739981388564979729,1739981388566320122
10170,1739981388565438061,1739981388566717102
10171,1739981388566525181,1739981388567077439
10172,1739981388566906562,1739981388567738182
10173,1739981388567294088,1739981388568423414
10174,1739981388568011940,1739981388568871776
10175,1739981388568660493,1739981388569242371
10176,1739981388569094920,1739981388569564443
10177,1739981388569456800,1739981388570399064
10178,1739981388569743255,1739981388570954843
10179,1739981388570728010,1739981388571347169
10180,1739981388571167852,1739981388572216462
10181,1739981388571588350,1739981388572759823
10182,1739981388572572411,1739981388573147421
10183,1739981388572944790,1739981388573835417
10184,1739981388573336527,1739981388574737081
10185,1739981388574086422,1739981388575258679
10186,1739981388574963639,1739981388575651462
10187,1739981388575479784,1739981388576386989
10188,1739981388575867709,1739981388577194664
10189,1739981388576610366,1739981388577781161
10190,1739981388577418511,1739981388578692663
10191,1739981388578250163,1739981388579127197
10192,1739981388578906231,1739981388579476483
10193,1739981388579329048,1739981388580215689
10194,1739981388579699990,1739981388580951916
10195,1739981388580511212,1739981388581292657
10196,1739981388581155254,1739981388581614479
10197,1739981388581499877,1739981388582009889
10198,1739981388581819013,1739981388583118599
10199,1739981388582237691,1739981388583521383
10200,1739981388583377922,1739981388583949030
10201,1739981388583707842,1739981388584368967
10202,1739981388584136096,1739981388584971147
10203,1739981388584554452,1739981388585817548
10204,1739981388585215737,1739981388586286034
10205,1739981388586071027,1739981388586723965
10206,1739981388586545396,1739981388587203001
10207,1739981388586952718,1739981388587924538
10208,1739981388587419290,1739981388588490461
10209,1739981388588281088,1739981388588880084
10210,1739981388588704941,1739981388589720929
10211,1739981388589100951,1739981388590346845
10212,1739981388590146958,1739981388590696761
10213,1739981388590540133,1739981388591028785
10214,1739981388590919955,1739981388592109829
10215,1739981388591204835,1739981388592433664
10216,1739981388592368588,1739981388592783844
10217,1739981388592597467,1739981388593219217
10218,1739981388592992906,1739981388593881195
10219,1739981388593412765,1739981388594630620
10220,1739981388594051788,1739981388595049533
10221,1739981388594886727,1739981388595396675
10222,1739981388595263780,1739981388595731751
10223,1739981388595603646,1739981388596665885
10224,1739981388595960965,1739981388597142312
10225,1739981388597011759,1739981388597623045
10226,1739981388597343774,1739981388598452799
10227,1739981388597839427,1739981388598986789
10228,1739981388598805725,1739981388599531001
10229,1739981388599241557,1739981388600707068
10230,1739981388599753421,1739981388601114322
10231,1739981388600958859,1739981388601501728
10232,1739981388601361667,1739981388602336200
10233,1739981388601704404,1739981388602778699
10234,1739981388602659601,1739981388603214902
10235,1739981388603025383,1739981388603565743
10236,1739981388603426541,1739981388604605521
10237,1739981388603905481,1739981388605006825
10238,1739981388604837347,1739981388605500304
10239,1739981388605264143,1739981388606278181
10240,1739981388605709641,1739981388607090031
10241,1739981388606542196,1739981388607462721
10242,1739981388607320212,1739981388607821636
10243,1739981388607684615,1739981388608187264
10244,1739981388608045432,1739981388609228144
10245,1739981388608371166,1739981388609593185
10246,1739981388609490185,1739981388609932529
10247,1739981388609728488,1739981388610780534
10248,1739981388610149474,1739981388611576775
10249,1739981388610977752,1739981388612010493
10250,1739981388611792084,1739981388612370909
10251,1739981388612211592,1739981388612983204
10252,1739981388612595253,1739981388613763231
10253,1739981388613200777,1739981388614243124
10254,1739981388613999709,1739981388614605288
10255,1739981388614440310,1739981388615001526
10256,1739981388614840161,1739981388615700783
10257,1739981388615206419,1739981388616532060
10258,1739981388615971201,1739981388616963676
10259,1739981388616766860,1739981388617353759
10260,1739981388617168427,1739981388618044195
10261,1739981388617543967,1739981388618645606
10262,1739981388618243307,1739981388619036153
10263,1739981388618867160,1739981388619525964
10264,1739981388619221461,1739981388620342931
10265,1739981388619733058,1739981388620832048
10266,1739981388620656371,1739981388621272522
10267,1739981388621015629,1739981388622376381
10268,1739981388621473635,1739981388622784295
10269,1739981388622836382,1739981388623329634
10270,1739981388623091157,1739981388624012182
10271,1739981388623537231,1739981388624801275
10272,1739981388624229210,1739981388625251728
10273,1739981388625052439,1739981388625575803
10274,1739981388625488456,1739981388626111008
10275,1739981388625788942,1739981388627015645
10276,1739981388626345253,1739981388627403387
10277,1739981388627221647,1739981388627794564
10278,1739981388627623683,1739981388628193617
10279,1739981388627968695,1739981388629226932
10280,1739981388628403123,1739981388629619173
10281,1739981388629371991,1739981388629972300
10282,1739981388629834101,1739981388630655967
10283,1739981388630075377,1739981388631434036
10284,1739981388630881861,1739981388631925021
10285,1739981388631677442,1739981388633082024
10286,1739981388632147641,1739981388633507633
10287,1739981388633390034,1739981388634111324
10288,1739981388633657022,1739981388635122275
10289,1739981388634546611,1739981388635566832
10290,1739981388635327601,1739981388635982685
10291,1739981388635771324,1739981388636975446
10292,1739981388636304246,1739981388637328587
10293,1739981388637232198,1739981388637670974
10294,1739981388637565553,1739981388638085138
10295,1739981388637925029,1739981388638739730
10296,1739981388638308705,1739981388639391547
10297,1739981388638972544,1739981388639740821
10298,1739981388639654096,1739981388640153912
10299,1739981388639998892,1739981388640518119
10300,1739981388640401074,1739981388641595157
10301,1739981388640730565,1739981388641970414
10302,1739981388641812664,1739981388642313438
10303,1739981388642173372,1739981388642683784
10304,1739981388642533052,1739981388643782211
10305,1739981388643082331,1739981388644446171
10306,1739981388644046118,1739981388644935824
10307,1739981388644650925,1739981388645721983
10308,1739981388645147772,1739981388646510131
10309,1739981388646071250,1739981388646971592
10310,1739981388646745143,1739981388647979976
10311,1739981388647206971,1739981388648447038
10312,1739981388648275889,1739981388648807878
10313,1739981388648638107,1739981388649532628
10314,1739981388649000995,1739981388650199272
10315,1739981388649699590,1739981388650707809
10316,1739981388650442123,1739981388651080641
10317,1739981388650946486,1739981388651426401
10318,1739981388651306626,1739981388652378655
10319,1739981388651625098,1739981388652780970
10320,1739981388652637936,1739981388653223485
10321,1739981388653010245,1739981388653643735
10322,1739981388653435474,1739981388654787585
10323,1739981388653826292,1739981388655250640
10324,1739981388655068669,1739981388655635713
10325,1739981388655502818,1739981388655983497
10326,1739981388655864330,1739981388657020258
10327,1739981388656425980,1739981388657484465
10328,1739981388657246598,1739981388657890158
10329,1739981388657705397,1739981388658668686
10330,1739981388658106645,1739981388659463871
10331,1739981388658917701,1739981388659840784
10332,1739981388659699951,1739981388660250776
10333,1739981388660034185,1739981388660990241
10334,1739981388660462645,1739981388661658683
10335,1739981388661144490,1739981388661975945
10336,1739981388661862605,1739981388662355782
10337,1739981388662159733,1739981388662666598
10338,1739981388662540138,1739981388663212606
10339,1739981388662903925,1739981388664108324
10340,1739981388663427045,1739981388664561795
10341,1739981388664400745,1739981388665048428
10342,1739981388664810746,1739981388665912935
10343,1739981388665203795,1739981388666512131
10344,1739981388666245600,1739981388666993020
10345,1739981388666732748,1739981388668002874
10346,1739981388667211889,1739981388668430020
10347,1739981388668281154,1739981388668818274
10348,1739981388668629521,1739981388669588876
10349,1739981388669180925,1739981388670436444
10350,1739981388669759536,1739981388670844968
10351,1739981388670645538,1739981388671188762
10352,1739981388671036546,1739981388671634256
10353,1739981388671386999,1739981388672660038
10354,1739981388671995677,1739981388673038015
10355,1739981388672890392,1739981388673456662
10356,1739981388673221128,1739981388674499927
10357,1739981388673656455,1739981388674946446
10358,1739981388674649453,1739981388675438658
10359,1739981388675218617,1739981388675784773
10360,1739981388675660623,1739981388676589693
10361,1739981388675964765,1739981388677283426
10362,1739981388676905140,1739981388677727367
10363,1739981388677473766,1739981388678817185
10364,1739981388677911812,1739981388679251449
10365,1739981388679046955,1739981388679746366
10366,1739981388679470293,1739981388680533657
10367,1739981388679945920,1739981388681325722
10368,1739981388680759796,1739981388681733734
10369,1739981388681549646,1739981388682176651
10370,1739981388681953345,1739981388683326732
10371,1739981388682389417,1739981388683755455
10372,1739981388683598689,1739981388684129347
10373,1739981388683957268,1739981388684652065
10374,1739981388684305809,1739981388685786500
10375,1739981388684851289,1739981388686205760
10376,1739981388686042324,1739981388686568380
10377,1739981388686394282,1739981388686880826
10378,1739981388686756640,1739981388687491500
10379,1739981388687314016,1739981388688197476
10380,1739981388687674873,1739981388688570051
10381,1739981388688400755,1739981388688902756
10382,1739981388688757297,1739981388689258062
10383,1739981388689078717,1739981388690294629
10384,1739981388689441410,1739981388690691917
10385,1739981388690479465,1739981388691105022
10386,1739981388690901031,1739981388691876091
10387,1739981388691293822,1739981388692592261
10388,1739981388692007184,1739981388692963094
10389,1739981388692818220,1739981388693333541
10390,1739981388693178812,1739981388693773475
10391,1739981388693524423,1739981388694759118
10392,1739981388693976275,1739981388695291870
10393,1739981388695011755,1739981388695761458
10394,1739981388695546933,1739981388696594194
10395,1739981388695996275,1739981388697134022
10396,1739981388696895966,1739981388697518716
10397,1739981388697334900,1739981388698331015
10398,1739981388697705684,1739981388698795116
10399,1739981388698580166,1739981388699358546
10400,1739981388699129827,1739981388699667846
10401,1739981388699563822,1739981388699973541
10402,1739981388699870588,1739981388700844600
10403,1739981388700185507,1739981388701500777
10404,1739981388701025776,1739981388701984926
10405,1739981388701801144,1739981388702355608
10406,1739981388702218714,1739981388702730824
10407,1739981388702570315,1739981388703588618
10408,1739981388702889600,1739981388704302616
10409,1739981388703757401,1739981388704670565
10410,1739981388704528957,1739981388705050922
10411,1739981388704850202,1739981388705752925
10412,1739981388705235271,1739981388706436015
10413,1739981388705953337,1739981388706918682
10414,1739981388706583482,1739981388707302110
10415,1739981388707106070,1739981388707705159
10416,1739981388707578883,1739981388708562297
10417,1739981388707940512,1739981388709007130
10418,1739981388708912531,1739981388709338053
10419,1739981388709181919,1739981388709831479
10420,1739981388709591781,1739981388710647316
10421,1739981388710048282,1739981388711256848
10422,1739981388710824694,1739981388711583477
10423,1739981388711473911,1739981388712007430
10424,1739981388711775123,1739981388712399311
10425,1739981388712213281,1739981388713268952
10426,1739981388712582022,1739981388713835137
10427,1739981388713643501,1739981388714379595
10428,1739981388714044621,1739981388714744366
10429,1739981388714597032,1739981388715539555
10430,1739981388714938781,1739981388716159107
10431,1739981388715697246,1739981388716741227
10432,1739981388716470147,1739981388717179105
10433,1739981388716966492,1739981388718042063
10434,1739981388717429707,1739981388718632040
10435,1739981388718239165,1739981388719172839
10436,1739981388718834152,1739981388719595689
10437,1739981388719371676,1739981388720542944
10438,1739981388719790750,1739981388721055078
10439,1739981388720918066,1739981388721414111
10440,1739981388721269118,1739981388722062079
10441,1739981388721621687,1739981388722798669
10442,1739981388722261331,1739981388723177319
10443,1739981388723032792,1739981388723522521
10444,1739981388723360904,1739981388724005436
10445,1739981388723717096,1739981388724444644
10446,1739981388724211269,1739981388725551652
10447,1739981388724654233,1739981388725944224
10448,1739981388725757753,1739981388726320849
10449,1739981388726153640,1739981388727136219
10450,1739981388726576352,1739981388727574439
10451,1739981388727449437,1739981388727991825
10452,1739981388727809558,1739981388728792800
10453,1739981388728188657,1739981388729466682
10454,1739981388728976584,1739981388729966469
10455,1739981388729699280,1739981388730674404
10456,1739981388730163299,1739981388731221840
10457,1739981388730850113,1739981388731822383
10458,1739981388731536390,1739981388732259215
10459,1739981388732005741,1739981388733203219
10460,1739981388732448845,1739981388733707006
10461,1739981388733536228,1739981388734065642
10462,1739981388733911867,1739981388734487991
10463,1739981388734188934,1739981388734930181
10464,1739981388734716530,1739981388735641611
10465,1739981388735276415,1739981388736305211
10466,1739981388736243891,1739981388736720335
10467,1739981388736520459,1739981388737228682
10468,1739981388736964807,1739981388738081375
10469,1739981388737425227,1739981388738615747
10470,1739981388738414213,1739981388739027619
10471,1739981388738851368,1739981388739386198
10472,1739981388739210378,1739981388740195205
10473,1739981388739693187,1739981388740824681
10474,1739981388740574280,1739981388741316276
10475,1739981388741076692,1739981388742433463
10476,1739981388741504074,1739981388742817206
10477,1739981388742654274,1739981388743227901
10478,1739981388743028729,1739981388744137301
10479,1739981388743427530,1739981388744803617
10480,1739981388744651888,1739981388745240594
10481,1739981388745004322,1739981388746107020
10482,1739981388745419262,1739981388746646605
10483,1739981388746344974,1739981388747052558
10484,1739981388746915700,1739981388747502059
10485,1739981388747231054,1739981388747860076
10486,1739981388747779880,1739981388748689149
10487,1739981388748069035,1739981388749357595
10488,1739981388749032852,1739981388749706083
10489,1739981388749550059,1739981388750090791
10490,1739981388749906601,1739981388750832340
10491,1739981388750292737,1739981388751619135
10492,1739981388751004187,1739981388752052657
10493,1739981388751854059,1739981388752337845
10494,1739981388752203025,1739981388752667302
10495,1739981388752513012,1739981388753519479
10496,1739981388752856164,1739981388754085082
10497,1739981388753799383,1739981388754636192
10498,1739981388754329492,1739981388755483492
10499,1739981388754840762,1739981388756069817
10500,1739981388755877552,1739981388756502841
10501,1739981388756303640,1739981388757778209
10502,1739981388756733462,1739981388758162922
10503,1739981388758025106,1739981388758535774
10504,1739981388758395891,1739981388759362218
10505,1739981388758748536,1739981388759960696
10506,1739981388759556940,1739981388760318381
10507,1739981388760178665,1739981388760730789
10508,1739981388760503390,1739981388761062145
10509,1739981388760939570,1739981388761803430
10510,1739981388761217864,1739981388762636434
10511,1739981388762350434,1739981388763000645
10512,1739981388762858390,1739981388763448116
10513,1739981388763188086,1739981388764369831
10514,1739981388763640629,1739981388764984664
10515,1739981388764654931,1739981388765499736
10516,1739981388765224788,1739981388766342978
10517,1739981388765720397,1739981388766870079
10518,1739981388766675300,1739981388767249925
10519,1739981388767090786,1739981388768228781
10520,1739981388767445457,1739981388768753319
10521,1739981388768491973,1739981388769281385
10522,1739981388768994774,1739981388770206764
10523,1739981388769506326,1739981388770687353
10524,1739981388770498161,1739981388771075203
10525,1739981388770916508,1739981388772046643
10526,1739981388771286879,1739981388772508169
10527,1739981388772427449,1739981388772852491
10528,1739981388772673879,1739981388773256572
10529,1739981388773032547,1739981388774292747
10530,1739981388773471093,1739981388774721308
10531,1739981388774571105,1739981388775063124
10532,1739981388774916067,1739981388775508689
10533,1739981388775271326,1739981388776380394
10534,1739981388775732073,1739981388776961983
10535,1739981388776733419,1739981388777456932
10536,1739981388777180229,1739981388778351193
10537,1739981388777672702,1739981388779106943
10538,1739981388778543139,1739981388779476261
10539,1739981388779386898,1739981388779900029
10540,1739981388779716306,1739981388781169661
10541,1739981388780130757,1739981388781710060
10542,1739981388781453990,1739981388782101873
10543,1739981388781893544,1739981388782509930
10544,1739981388782293091,1739981388783729100
10545,1739981388782685128,1739981388784058202
10546,1739981388783935766,1739981388784463189
10547,1739981388784215828,1739981388784838402
10548,1739981388784653380,1739981388785504641
10549,1739981388785124742,1739981388786055166
10550,1739981388785744334,1739981388786465279
10551,1739981388786245123,1739981388786828629
10552,1739981388786685099,1739981388787551877
10553,1739981388787025789,1739981388788093907
10554,1739981388787711757,1739981388788574184
10555,1739981388788343133,1739981388788975028
10556,1739981388788776965,1739981388789451639
10557,1739981388789188668,1739981388790344931
10558,1739981388789651764,1739981388790921890
10559,1739981388790491748,1739981388791290819
10560,1739981388791203448,1739981388792136479
10561,1739981388791439485,1739981388792841534
10562,1739981388792344854,1739981388793242387
10563,1739981388793132674,1739981388794023675
10564,1739981388793432141,1739981388794859655
10565,1739981388794233563,1739981388795296647
10566,1739981388795076047,1739981388795643167
10567,1739981388795485636,1739981388796681448
10568,1739981388795854093,1739981388797065896
10569,1739981388796938737,1739981388797357544
10570,1739981388797222536,1739981388798129672
10571,1739981388797541549,1739981388798768937
10572,1739981388798599776,1739981388799146227
10573,1739981388798980359,1739981388799955369
10574,1739981388799386692,1739981388800555364
10575,1739981388800255067,1739981388800958019
10576,1739981388800751962,1739981388802155040
10577,1739981388801168280,1739981388802545139
10578,1739981388802413307,1739981388802951857
10579,1739981388802815182,1739981388803343365
10580,1739981388803159882,1739981388804539032
10581,1739981388803530480,1739981388805064700
10582,1739981388804739898,1739981388805481503
10583,1739981388805227939,1739981388806450789
10584,1739981388805655036,1739981388806977309
10585,1739981388806817752,1739981388807458196
10586,1739981388807178484,1739981388808334584
10587,1739981388807706399,1739981388808890807
10588,1739981388808684562,1739981388809341371
10589,1739981388809111170,1739981388810334011
10590,1739981388809533952,1739981388810681041
10591,1739981388810579465,1739981388811137400
10592,1739981388810843129,1739981388811472837
10593,1739981388811355281,1739981388812129660
10594,1739981388811667398,1739981388812959370
10595,1739981388812382947,1739981388813357962
10596,1739981388813218518,1739981388813817657
10597,1739981388813565975,1739981388814318504
10598,1739981388814038833,1739981388814801160
10599,1739981388814502962,1739981388815581765
10600,1739981388814990883,1739981388816433796
10601,1739981388815753902,1739981388816838598
10602,1739981388816678515,1739981388817182622
10603,1739981388817031000,1739981388817538389
10604,1739981388817384193,1739981388818580738
10605,1739981388817721010,1739981388819044297
10606,1739981388818830990,1739981388819461105
10607,1739981388819257823,1739981388820396350
10608,1739981388819674839,1739981388820982092
10609,1739981388820700670,1739981388821356398
10610,1739981388821213393,1739981388822324118
10611,1739981388821577404,1739981388822853283
10612,1739981388822676777,1739981388823173393
10613,1739981388823111494,1739981388824008563
10614,1739981388823360975,1739981388824603118
10615,1739981388824300225,1739981388824977272
10616,1739981388824870674,1739981388825406532
10617,1739981388825183672,1739981388825767365
10618,1739981388825580578,1739981388826938427
10619,1739981388825998950,1739981388827317242
10620,1739981388827212804,1739981388827750098
10621,1739981388827457323,1739981388828545949
10622,1739981388827925083,1739981388829182416
10623,1739981388828716637,1739981388829561422
10624,1739981388829386441,1739981388830002395
10625,1739981388829804819,1739981388830342347
10626,1739981388830218784,1739981388831341154
10627,1739981388830560663,1739981388831743072
10628,1739981388831537110,1739981388832110184
10629,1739981388831956728,1739981388832772415
10630,1739981388832303986,1739981388833470951
10631,1739981388833066224,1739981388833829215
10632,1739981388833731614,1739981388834139942
10633,1739981388833983946,1739981388834562938
10634,1739981388834381713,1739981388835395110
10635,1739981388834779434,1739981388835920188
10636,1739981388835569941,1739981388836284241
10637,1739981388836164653,1739981388836714288
10638,1739981388836531192,1739981388837540846
10639,1739981388836918224,1739981388838073702
10640,1739981388837838999,1739981388838475331
10641,1739981388838297254,1739981388839617399
10642,1739981388838657075,1739981388840039779
10643,1739981388839891223,1739981388840377041
10644,1739981388840209409,1739981388840709315
10645,1739981388840624522,1739981388841833233
10646,1739981388840838075,1739981388842328080
10647,1739981388842099122,1739981388842706162
10648,1739981388842550063,1739981388843511052
10649,1739981388842907104,1739981388844061674
10650,1739981388843681760,1739981388844656772
10651,1739981388844431809,1739981388845025423
10652,1739981388844857056,1739981388845509097
10653,1739981388845221047,1739981388845850034
10654,1739981388845698267,1739981388846748070
10655,1739981388846166790,1739981388847279232
10656,1739981388847027628,1739981388847626872
10657,1739981388847528291,1739981388848491289
10658,1739981388847848971,1739981388849100551
10659,1739981388848861115,1739981388849437504
10660,1739981388849317041,1739981388850216742
10661,1739981388849657827,1739981388850888346
10662,1739981388850515080,1739981388851782006
10663,1739981388851098521,1739981388852340583
10664,1739981388852101051,1739981388853014054
10665,1739981388852555816,1739981388853800645
10666,1739981388853340473,1739981388854411809
10667,1739981388854033470,1739981388854949575
10668,1739981388854672187,1739981388855848098
10669,1739981388855149911,1739981388856511599
10670,1739981388856205794,1739981388856964824
10671,1739981388856729176,1739981388858192428
10672,1739981388857197944,1739981388858752688
10673,1739981388858404756,1739981388859197258
10674,1739981388858976847,1739981388859975320
10675,1739981388859388678,1739981388860574743
10676,1739981388860143442,1739981388860932760
10677,1739981388860800237,1739981388861243951
10678,1739981388861127246,1739981388861870141
10679,1739981388861469112,1739981388862547772
10680,1739981388862369747,1739981388862898606
10681,1739981388862800030,1739981388864096325
10682,1739981388863101508,1739981388864517908
10683,1739981388864388485,1739981388864946818
10684,1739981388864722892,1739981388865348385
10685,1739981388865151984,1739981388866004308
10686,1739981388865626666,1739981388866671305
10687,1739981388866169449,1739981388867089293
10688,1739981388866908389,1739981388867503010
10689,1739981388867278760,1739981388867923734
10690,1739981388867706996,1739981388868782807
10691,1739981388868326708,1739981388869360979
10692,1739981388869141274,1739981388869774845
10693,1739981388869557282,1739981388870842583
10694,1739981388869952690,1739981388871345827
10695,1739981388871154136,1739981388871765079
10696,1739981388871551361,1739981388872540092
10697,1739981388871958450,1739981388873004829
10698,1739981388872752477,1739981388873463220
10699,1739981388873261851,1739981388873895133
10700,1739981388873692618,1739981388874228623
10701,1739981388874101667,1739981388874575315
10702,1739981388874358538,1739981388875370270
10703,1739981388874786538,1739981388876157856
10704,1739981388875535800,1739981388876567361
10705,1739981388876377392,1739981388876941296
10706,1739981388876807686,1739981388877351153
10707,1739981388877158455,1739981388878419173
10708,1739981388877540819,1739981388878845761
10709,1739981388878665112,1739981388879239109
10710,1739981388879078109,1739981388879948920
10711,1739981388879447812,1739981388880941475
10712,1739981388880273658,1739981388881399958
10713,1739981388881158139,1739981388881811304
10714,1739981388881633503,1739981388883034603
10715,1739981388882012131,1739981388883400875
10716,1739981388883236967,1739981388883783935
10717,1739981388883639028,1739981388885081094
10718,1739981388884032767,1739981388885601185
10719,1739981388885345294,1739981388886043840
10720,1739981388885815177,1739981388886957229
10721,1739981388886202217,1739981388887558154
10722,1739981388887352733,1739981388887883637
10723,1739981388887747661,1739981388888306760
10724,1739981388888086375,1739981388888903191
10725,1739981388888494455,1739981388889574825
10726,1739981388889058255,1739981388889924937
10727,1739981388889840229,1739981388890422438
10728,1739981388890095852,1739981388890799501
10729,1739981388890654043,1739981388891622444
10730,1739981388891142153,1739981388892196076
10731,1739981388891979165,1739981388892621026
10732,1739981388892443485,1739981388893013460
10733,1739981388892816858,1739981388893709312
10734,1739981388893226965,1739981388894530295
10735,1739981388893920930,1739981388894866991
10736,1739981388894699234,1739981388895213564
10737,1739981388895121257,1739981388896364601
10738,1739981388895428011,1739981388896796749
10739,1739981388896611471,1739981388897223374
10740,1739981388897009707,1739981388897912087
10741,1739981388897421889,1739981388898674280
10742,1739981388898201736,1739981388899012272
10743,1739981388898930332,1739981388899469522
10744,1739981388899156695,1739981388899791351
10745,1739981388899687361,1739981388900658114
10746,1739981388900003667,1739981388901289698
10747,1739981388901059730,1739981388901705359
10748,1739981388901524284,1739981388902167042
10749,1739981388901896065,1739981388902899270
10750,1739981388902456975,1739981388903374697
10751,1739981388903241690,1739981388903804014
10752,1739981388903558933,1739981388904705566
10753,1739981388904004036,1739981388905272069
10754,1739981388904891025,1739981388905677398
10755,1739981388905505252,1739981388906844289
10756,1739981388905879545,1739981388907279097
10757,1739981388907090814,1739981388907669929
10758,1739981388907539425,1739981388908530161
10759,1739981388907874519,1739981388909164131
10760,1739981388908846206,1739981388909542182
10761,1739981388909383018,1739981388910323925
10762,1739981388909731100,1739981388911096336
10763,1739981388910482266,1739981388911424509
10764,1739981388911307097,1739981388911722470
10765,1739981388911618677,1739981388912095535
10766,1739981388911901429,1739981388912442485
10767,1739981388912277390,1739981388913038225
10768,1739981388912641656,1739981388913994946
10769,1739981388913269312,1739981388914418126
10770,1739981388914218132,1739981388914826745
10771,1739981388914625174,1739981388915221505
10772,1739981388915085920,1739981388916415253
10773,1739981388915434146,1739981388916855522
10774,1739981388916651338,1739981388917266832
10775,1739981388917067785,1739981388917917449
10776,1739981388917476341,1739981388918777551
10777,1739981388918093515,1739981388919259314
10778,1739981388919036515,1739981388919726921
10779,1739981388919461109,1739981388920835317
10780,1739981388919929841,1739981388921241125
10781,1739981388921096235,1739981388921651041
10782,1739981388921477699,1739981388922430772
10783,1739981388921850709,1739981388923144898
10784,1739981388922676404,1739981388923533938
10785,1739981388923359793,1739981388924549331
10786,1739981388923743117,1739981388925083945
10787,1739981388924761240,1739981388925433257
10788,1739981388925325007,1739981388926242125
10789,1739981388925626197,1739981388926756750
10790,1739981388926629311,1739981388927106270
10791,1739981388926972799,1739981388927906174
10792,1739981388927332148,1739981388928500327
10793,1739981388928246908,1739981388928876414
10794,1739981388928743212,1739981388929306780
10795,1739981388929096188,1739981388930265554
10796,1739981388929513395,1739981388930732095
10797,1739981388930526091,1739981388931129997
10798,1739981388930973550,1739981388931747439
10799,1739981388931324829,1739981388932558988
10800,1739981388932025089,1739981388932989473
10801,1739981388932838002,1739981388933381559
10802,1739981388933214015,1739981388934033286
10803,1739981388933582905,1739981388934941313
10804,1739981388934243226,1739981388935375451
10805,1739981388935156027,1739981388935758789
10806,1739981388935620451,1739981388936649757
10807,1739981388935949858,1739981388937106726
10808,1739981388937006858,1739981388937465195
10809,1739981388937256489,1739981388937905169
10810,1739981388937661349,1739981388938778807
10811,1739981388938078135,1739981388939264100
10812,1739981388939093696,1739981388939597534
10813,1739981388939457422,1739981388940032631
10814,1739981388939804690,1739981388940700057
10815,1739981388940217170,1739981388941457601
10816,1739981388940883857,1739981388941867801
10817,1739981388941725923,1739981388942197208
10818,1739981388942082022,1739981388942684302
10819,1739981388942396916,1739981388943483660
10820,1739981388942917547,1739981388943971966
10821,1739981388943735163,1739981388944571925
10822,1739981388944193910,1739981388945041327
10823,1739981388944827050,1739981388946191501
10824,1739981388945266792,1739981388946699903
10825,1739981388946470859,1739981388947106444
10826,1739981388946950077,1739981388948029879
10827,1739981388947439092,1739981388948618136
10828,1739981388948387202,1739981388949030556
10829,1739981388948844471,1739981388949743628
10830,1739981388949228636,1739981388950502910
10831,1739981388949981368,1739981388950876997
10832,1739981388950721235,1739981388951462734
10833,1739981388951073161,1739981388952271803
10834,1739981388951689338,1739981388952632278
10835,1739981388952503311,1739981388952982917
10836,1739981388952865465,1739981388953291076
10837,1739981388953202870,1739981388954452583
10838,1739981388953574360,1739981388954815561
10839,1739981388954636856,1739981388955276911
10840,1739981388955058520,1739981388955605990
10841,1739981388955514525,1739981388956461954
10842,1739981388955723715,1739981388956971833
10843,1739981388956808226,1739981388957387455
10844,1739981388957180874,1739981388957758164
10845,1739981388957590651,1739981388958776867
10846,1739981388957947923,1739981388959208432
10847,1739981388959084129,1739981388959615268
10848,1739981388959449600,1739981388960414010
10849,1739981388959847568,1739981388961111715
10850,1739981388960592579,1739981388961540318
10851,1739981388961350344,1739981388961910798
10852,1739981388961732926,1739981388962245588
10853,1739981388962088939,1739981388963146219
10854,1739981388962423022,1739981388963579767
10855,1739981388963372241,1739981388963922705
10856,1739981388963801819,1739981388964407351
10857,1739981388964154209,1739981388964716536
10858,1739981388964622968,1739981388965735776
10859,1739981388965023350,1739981388966133762
10860,1739981388966001593,1739981388966579950
10861,1739981388966369028,1739981388966944040
10862,1739981388966798611,1739981388968053374
10863,1739981388967142264,1739981388968379778
10864,1739981388968233992,1739981388968787158
10865,1739981388968555539,1739981388969370602
10866,1739981388968978406,1739981388970218520
10867,1739981388969561449,1739981388970727042
10868,1739981388970471963,1739981388971074583
10869,1739981388970921213,1739981388971881254
10870,1739981388971190270,1739981388972705389
10871,1739981388972056160,1739981388973089813
10872,1739981388972925919,1739981388973481941
10873,1739981388973296513,1739981388973905458
10874,1739981388973694630,1739981388974728361
10875,1739981388974148176,1739981388975262370
10876,1739981388974991196,1739981388975709775
10877,1739981388975460980,1739981388976426171
10878,1739981388975953823,1739981388977131940
10879,1739981388976694163,1739981388977680370
10880,1739981388977370164,1739981388978040786
10881,1739981388977889684,1739981388978408552
10882,1739981388978213772,1739981388979450124
10883,1739981388978634637,1739981388979872620
10884,1739981388979682529,1739981388980307972
10885,1739981388980081779,1739981388981091782
10886,1739981388980549562,1739981388981627989
10887,1739981388981497925,1739981388982068653
10888,1739981388981850531,1739981388983048108
10889,1739981388982293872,1739981388983557048
10890,1739981388983251124,1739981388984442794
10891,1739981388983783696,1739981388985211241
10892,1739981388984619790,1739981388985677219
10893,1739981388985416889,1739981388986101708
10894,1739981388985864265,1739981388986913118
10895,1739981388986282563,1739981388987683179
10896,1739981388987151044,1739981388988011221
10897,1739981388987901440,1739981388988347665
10898,1739981388988228005,1739981388989233260
10899,1739981388988524752,1739981388989733259
10900,1739981388989620496,1739981388990068207
10901,1739981388989949192,1739981388990609614
10902,1739981388990288694,1739981388991327644
10903,1739981388990864891,1739981388991824836
10904,1739981388991560813,1739981388992221082
10905,1739981388992083874,1739981388992609398
10906,1739981388992437465,1739981388993476715
10907,1739981388992808886,1739981388993970762
10908,1739981388993839023,1739981388994476356
10909,1739981388994188162,1739981388994905220
10910,1739981388994679592,1739981388995822773
10911,1739981388995131193,1739981388996464757
10912,1739981388996184581,1739981388996893430
10913,1739981388996743558,1739981388997719650
10914,1739981388997091759,1739981388998419199
10915,1739981388998120059,1739981388998823529
10916,1739981388998673969,1739981388999733758
10917,1739981388999040339,1739981389000267185
10918,1739981389000075264,1739981389000610759
10919,1739981389000502806,1739981389000918667
10920,1739981389000838559,1739981389002010042
10921,1739981389001094429,1739981389002358863
10922,1739981389002276673,1739981389002715383
10923,1739981389002522469,1739981389003106510
10924,1739981389002945012,1739981389004344673
10925,1739981389003313752,1739981389004753635
10926,1739981389004587940,1739981389005240057
10927,1739981389004991118,1739981389006017729
10928,1739981389005453789,1739981389006785364
10929,1739981389006265722,1739981389007265081
10930,1739981389007057337,1739981389007664073
10931,1739981389007508333,1739981389008831129
10932,1739981389007907969,1739981389009292943
10933,1739981389009088549,1739981389009672194
10934,1739981389009483195,1739981389010591391
10935,1739981389009885711,1739981389011200037
10936,1739981389010908151,1739981389011616826
10937,1739981389011402059,1739981389012531018
10938,1739981389011813515,1739981389013080573
10939,1739981389012851320,1739981389013431573
10940,1739981389013286202,1739981389013787589
10941,1739981389013637944,1739981389014976943
10942,1739981389014149495,1739981389015370904
10943,1739981389015245382,1739981389015732462
10944,1739981389015580581,1739981389016696325
10945,1739981389015911057,1739981389017210080
10946,1739981389017026119,1739981389017660853
10947,1739981389017452238,1739981389018368015
10948,1739981389017876401,1739981389019150653
10949,1739981389018656673,1739981389019593983
10950,1739981389019381443,1739981389019976462
10951,1739981389019799548,1739981389020624457
10952,1739981389020185087,1739981389021452503
10953,1739981389020915272,1739981389021934436
10954,1739981389021668034,1739981389022405098
10955,1739981389022155235,1739981389023541777
10956,1739981389022611246,1739981389024078256
10957,1739981389023817387,1739981389024730970
10958,1739981389024304381,1739981389025121981
10959,1739981389024947494,1739981389026360477
10960,1739981389025366314,1739981389026821324
10961,1739981389026633545,1739981389027227278
10962,1739981389027063357,1739981389028200901
10963,1739981389027439554,1739981389028671903
10964,1739981389028601325,1739981389029016069
10965,1739981389028797181,1739981389029472064
10966,1739981389029231119,1739981389030252425
10967,1739981389029699659,1739981389030721108
10968,1739981389030606086,1739981389031218744
10969,1739981389030964413,1739981389031666737
10970,1739981389031439594,1739981389032360737
10971,1739981389031793046,1739981389032801335
10972,1739981389032681664,1739981389033208260
10973,1739981389033008767,1739981389033935270
10974,1739981389033388937,1739981389034653734
10975,1739981389034218686,1739981389035065627
10976,1739981389034925950,1739981389035438073
10977,1739981389035197716,1739981389036424919
10978,1739981389035610737,1739981389037050678
10979,1739981389036771724,1739981389037457714
10980,1739981389037245301,1739981389038342394
10981,1739981389037699015,1739981389038897747
10982,1739981389038615842,1739981389039277037
10983,1739981389039158861,1739981389040105375
10984,1739981389039434846,1739981389040629082
10985,1739981389040494549,1739981389040966997
10986,1739981389040847582,1739981389041530456
10987,1739981389041173982,1739981389042512585
10988,1739981389041859002,1739981389042873059
10989,1739981389042798856,1739981389043258978
10990,1739981389043021029,1739981389043614123
10991,1739981389043467893,1739981389044698342
10992,1739981389043810299,1739981389045100055
10993,1739981389044966147,1739981389045492470
10994,1739981389045309190,1739981389046345040
10995,1739981389045728968,1739981389046833887
10996,1739981389046661594,1739981389047254381
10997,1739981389047059438,1739981389047915527
10998,1739981389047468121,1739981389048814412
10999,1739981389048267835,1739981389049218403
11000,1739981389049086671,1739981389049573536
11001,1739981389049427032,1739981389050734173
11002,1739981389049793060,1739981389051100964
11003,1739981389050983597,1739981389051453582
11004,1739981389051313511,1739981389052189213
11005,1739981389051663125,1739981389052685058
11006,1739981389052433288,1739981389053111748
11007,1739981389053035244,1739981389053620707
11008,1739981389053307829,1739981389053998175
11009,1739981389053852694,1739981389054448824
11010,1739981389054241939,1739981389054931397
11011,1739981389054656144,1739981389055807130
11012,1739981389055350996,1739981389056322307
11013,1739981389056131264,1739981389056709746
11014,1739981389056511694,1739981389057201453
11015,1739981389056956939,1739981389058100064
11016,1739981389057415987,1739981389058726292
11017,1739981389058447443,1739981389059247544
11018,1739981389058954387,1739981389060211448
11019,1739981389059435857,1739981389060790231
11020,1739981389060546587,1739981389061178601
11021,1739981389060991563,1739981389062307495
11022,1739981389061409533,1739981389062856997
11023,1739981389062557239,1739981389063292056
11024,1739981389063084273,1739981389064144559
11025,1739981389063488107,1739981389064997225
11026,1739981389064443453,1739981389065424080
11027,1739981389065250513,1739981389065829833
11028,1739981389065642183,1739981389066733312
11029,1739981389066050020,1739981389067244688
11030,1739981389067083875,1739981389067550647
11031,1739981389067437191,1739981389067925887
11032,1739981389067670609,1739981389068623284
11033,1739981389068105242,1739981389069290273
11034,1739981389068834923,1739981389069679728
11035,1739981389069526238,1739981389070161387
11036,1739981389069904536,1739981389070828980
11037,1739981389070390425,1739981389071685217
11038,1739981389071078532,1739981389072125807
11039,1739981389071953485,1739981389072483304
11040,1739981389072343148,1739981389073382253
11041,1739981389072669010,1739981389073963073
11042,1739981389073545172,1739981389074524506
11043,1739981389074222757,1739981389075307183
11044,1739981389074758687,1739981389076131651
11045,1739981389075551710,1739981389076528300
11046,1739981389076355406,1739981389077093008
11047,1739981389076744342,1739981389078293256
11048,1739981389077352950,1739981389078714676
11049,1739981389078545671,1739981389079110816
11050,1739981389078942308,1739981389079670025
11051,1739981389079340006,1739981389080501956
11052,1739981389079943491,1739981389080970887
11053,1739981389080736083,1739981389081328508
11054,1739981389081198593,1739981389081665899
11055,1739981389081516617,1739981389082720932
11056,1739981389081861828,1739981389083235939
11057,1739981389082963697,1739981389083624281
11058,1739981389083428032,1739981389084014732
11059,1739981389083824616,1739981389084902656
11060,1739981389084221959,1739981389085380094
11061,1739981389085256994,1739981389085809662
11062,1739981389085593037,1739981389086604870
11063,1739981389086026984,1739981389087261879
11064,1739981389086812711,1739981389087746532
11065,1739981389087449179,1739981389088367417
11066,1739981389087949925,1739981389089191802
11067,1739981389088548870,1739981389089734069
11068,1739981389089463240,1739981389090164347
11069,1739981389089977294,1739981389090987962
11070,1739981389090390703,1739981389091645046
11071,1739981389091176203,1739981389092031099
11072,1739981389091921764,1739981389092362212
11073,1739981389092214554,1739981389092783813
11074,1739981389092547203,1739981389093459014
11075,1739981389092958431,1739981389094141481
11076,1739981389093711441,1739981389094634246
11077,1739981389094401988,1739981389095082700
11078,1739981389094829408,1739981389095469336
11079,1739981389095325438,1739981389096508606
11080,1739981389095848607,1739981389096952788
11081,1739981389096746286,1739981389097360863
11082,1739981389097207906,1739981389098037922
11083,1739981389097590697,1739981389098944743
11084,1739981389098337377,1739981389099367932
11085,1739981389099220561,1739981389099735786
11086,1739981389099563606,1739981389100879145
11087,1739981389099954082,1739981389101266236
11088,1739981389101087681,1739981389101633601
11089,1739981389101499112,1739981389102407967
11090,1739981389101819717,1739981389103102889
11091,1739981389102756281,1739981389103457818
11092,1739981389103302342,1739981389103890303
11093,1739981389103649089,1739981389104377736
11094,1739981389104112148,1739981389104714352
11095,1739981389104591805,1739981389105584190
11096,1739981389104908637,1739981389106062823
11097,1739981389105925915,1739981389106498508
11098,1739981389106203384,1739981389106902577
11099,1739981389106696511,1739981389107717208
11100,1739981389107104389,1739981389108407378
11101,1739981389107904260,1739981389108809090
11102,1739981389108651888,1739981389109149916
11103,1739981389109026028,1739981389109586687
11104,1739981389109343326,1739981389110390263
11105,1739981389110030523,1739981389111046749
11106,1739981389110785442,1739981389111512459
11107,1739981389111224648,1739981389112404575
11108,1739981389111726567,1739981389112970884
11109,1739981389112821785,1739981389113458057
11110,1739981389113241918,1739981389114732240
11111,1739981389113678238,1739981389115175781
11112,1739981389114983999,1739981389115600976
11113,1739981389115395613,1739981389116746770
11114,1739981389115822580,1739981389117124113
11115,1739981389116985958,1739981389117512531
11116,1739981389117380326,1739981389117986734
11117,1739981389117714361,1739981389118361788
11118,1739981389118176961,1739981389119190273
11119,1739981389118533096,1739981389119818054
11120,1739981389119555866,1739981389120176358
11121,1739981389120093994,1739981389121059547
11122,1739981389120313631,1739981389121550474
11123,1739981389121374443,1739981389121961559
11124,1739981389121766895,1739981389122764387
11125,1739981389122170985,1739981389123210336
11126,1739981389122986654,1739981389123841741
11127,1739981389123591951,1739981389124353033
11128,1739981389124028513,1739981389124690802
11129,1739981389124567311,1739981389125707142
11130,1739981389124890628,1739981389126072208
11131,1739981389125945914,1739981389126447122
11132,1739981389126313261,1739981389127227709
11133,1739981389126641994,1739981389127770406
11134,1739981389127465656,1739981389128093910
11135,1739981389127992544,1739981389128991509
11136,1739981389128314196,1739981389129475671
11137,1739981389129391975,1739981389129836608
11138,1739981389129634936,1739981389130252356
11139,1739981389130027656,1739981389131006795
11140,1739981389130606289,1739981389131619568
11141,1739981389131308262,1739981389132013329
11142,1739981389131815086,1739981389132482047
11143,1739981389132230773,1739981389133108591
11144,1739981389132757395,1739981389133651335
11145,1739981389133465035,1739981389134069243
11146,1739981389133931562,1739981389134605383
11147,1739981389134433852,1739981389135450714
11148,1739981389134813195,1739981389136090407
11149,1739981389135672559,1739981389136950327
11150,1739981389136340909,1739981389137586504
11151,1739981389137340921,1739981389138325140
11152,1739981389137826649,1739981389139074970
11153,1739981389138650917,1739981389139461600
11154,1739981389139240530,1739981389139813350
11155,1739981389139669787,1739981389140532667
11156,1739981389140027460,1739981389141177680
11157,1739981389140869340,1739981389141632033
11158,1739981389141467332,1739981389141991273
11159,1739981389141860714,1739981389142375148
11160,1739981389142194959,1739981389143431007
11161,1739981389142710426,1739981389143897886
11162,1739981389143640617,1739981389144490283
11163,1739981389144178384,1739981389144925476
11164,1739981389144699366,1739981389146015314
11165,1739981389145121578,1739981389146486419
11166,1739981389146184068,1739981389146973980
11167,1739981389146695489,1739981389147848782
11168,1739981389147158968,1739981389148424570
11169,1739981389148191695,1739981389148810231
11170,1739981389148643181,1739981389150001281
11171,1739981389149024490,1739981389150568394
11172,1739981389150264568,1739981389150993717
11173,1739981389150788018,1739981389152136712
11174,1739981389151215576,1739981389152719364
11175,1739981389152405299,1739981389153074773
11176,1739981389152957877,1739981389154006055
11177,1739981389153226770,1739981389154600603
11178,1739981389154325649,1739981389154975729
11179,1739981389154809177,1739981389155597045
11180,1739981389155175347,1739981389156397919
11181,1739981389155872107,1739981389156776523
11182,1739981389156650914,1739981389157108631
11183,1739981389157058759,1739981389157495668
11184,1739981389157322146,1739981389158584592
11185,1739981389157738461,1739981389159004708
11186,1739981389158829179,1739981389159422358
11187,1739981389159202253,1739981389160431542
11188,1739981389159638094,1739981389161005943
11189,1739981389160775292,1739981389161391849
11190,1739981389161213313,1739981389162571888
11191,1739981389161571419,1739981389162962983
11192,1739981389162816742,1739981389163429177
11193,1739981389163171016,1739981389164709972
11194,1739981389163640968,1739981389165406248
11195,1739981389165018674,1739981389166614673
11196,1739981389165703552,1739981389167080692
11197,1739981389166891828,1739981389167590739
11198,1739981389167294035,1739981389168434003
11199,1739981389167817679,1739981389169187271
11200,1739981389168591693,1739981389169651843
11201,1739981389169382433,1739981389170028104
11202,1739981389169858442,1739981389170367754
11203,1739981389170217878,1739981389171542679
11204,1739981389170559249,1739981389171937268
11205,1739981389171807606,1739981389172274747
11206,1739981389172201044,1739981389172587209
11207,1739981389172427355,1739981389173523732
11208,1739981389172796527,1739981389174302241
11209,1739981389173695973,1739981389174750346
11210,1739981389174558278,1739981389175271256
11211,1739981389174977936,1739981389175618926
11212,1739981389175470782,1739981389176452045
11213,1739981389175827675,1739981389177004111
11214,1739981389176599826,1739981389177595831
11215,1739981389177368883,1739981389178028381
11216,1739981389177823400,1739981389178703954
11217,1739981389178212435,1739981389179478214
11218,1739981389178895897,1739981389179969810
11219,1739981389179708771,1739981389180320542
11220,1739981389180204040,1739981389180720584
11221,1739981389180552122,1739981389181481380
11222,1739981389181084870,1739981389182027931
11223,1739981389181938885,1739981389182543830
11224,1739981389182224484,1739981389182910642
11225,1739981389182809563,1739981389183714185
11226,1739981389183154715,1739981389184615383
11227,1739981389183875592,1739981389185022780
11228,1739981389184879302,1739981389185426617
11229,1739981389185246703,1739981389185781656
11230,1739981389185618024,1739981389186715115
11231,1739981389186021480,1739981389187268633
11232,1739981389187022800,1739981389187747797
11233,1739981389187496714,1739981389188597779
11234,1739981389187982253,1739981389189137589
11235,1739981389188919558,1739981389189559472
11236,1739981389189313973,1739981389190801581
11237,1739981389189750254,1739981389191323993
11238,1739981389191066554,1739981389191836192
11239,1739981389191587103,1739981389192936459
11240,1739981389192049210,1739981389193393550
11241,1739981389193188608,1739981389193935659
11242,1739981389193618127,1739981389195008151
11243,1739981389194140745,1739981389195462185
11244,1739981389195240957,1739981389195922068
11245,1739981389195687777,1739981389196733783
11246,1739981389196113032,1739981389197182931
11247,1739981389197042692,1739981389197625551
11248,1739981389197432407,1739981389198015623
11249,1739981389197816534,1739981389198335454
11250,1739981389198227678,1739981389199170267
11251,1739981389198520267,1739981389199792718
11252,1739981389199472336,1739981389200169031
11253,1739981389200042191,1739981389200557570
11254,1739981389200315259,1739981389201389739
11255,1739981389200754780,1739981389201895571
11256,1739981389201617492,1739981389202363181
11257,1739981389202243248,1739981389202683455
11258,1739981389202575211,1739981389203138472
11259,1739981389202914803,1739981389203856985
11260,1739981389203359993,1739981389204516772
11261,1739981389204064419,1739981389204992486
11262,1739981389204743110,1739981389205844269
11263,1739981389205178792,1739981389206347016
11264,1739981389206174242,1739981389206738152
11265,1739981389206570022,1739981389207541642
11266,1739981389206928719,1739981389208012149
11267,1739981389207860626,1739981389208462062
11268,1739981389208212423,1739981389208815439
11269,1739981389208659121,1739981389209665699
11270,1739981389209016613,1739981389210328629
11271,1739981389209871149,1739981389210688105
11272,1739981389210583699,1739981389211503199
11273,1739981389210891945,1739981389212210655
11274,1739981389211714021,1739981389212600175
11275,1739981389212456010,1739981389212948362
11276,1739981389212832485,1739981389213496585
11277,1739981389213164046,1739981389214392512
11278,1739981389213761925,1739981389214796711
11279,1739981389214639022,1739981389215262229
11280,1739981389214990603,1739981389215726766
11281,1739981389215457480,1739981389216808481
11282,1739981389216013042,1739981389217374132
11283,1739981389217091873,1739981389217800418
11284,1739981389217668555,1739981389218609863
11285,1739981389218045838,1739981389219318731
11286,1739981389218813572,1739981389219689933
11287,1739981389219541533,1739981389220665944
11288,1739981389219895841,1739981389221179521
11289,1739981389220953881,1739981389221523340
11290,1739981389221380192,1739981389221825378
11291,1739981389221724172,1739981389222881920
11292,1739981389222145052,1739981389223283986
11293,1739981389223138937,1739981389223609850
11294,1739981389223533653,1739981389224068049
11295,1739981389223737689,1739981389224445416
11296,1739981389224222297,1739981389225602157
11297,1739981389224654193,1739981389225993020
11298,1739981389225875202,1739981389226348743
11299,1739981389226113264,1739981389227054619
11300,1739981389226522946,1739981389227766741
11301,1739981389227295934,1739981389228185309
11302,1739981389228007924,1739981389228673613
11303,1739981389228387093,1739981389229108353
11304,1739981389228861928,1739981389230194986
11305,1739981389229311610,1739981389230598961
11306,1739981389230406348,1739981389231151757
11307,1739981389230792458,1739981389232024984
11308,1739981389231342428,1739981389232590326
11309,1739981389232407649,1739981389232996445
11310,1739981389232860410,1739981389233687033
11311,1739981389233231088,1739981389234347659
11312,1739981389233960298,1739981389234768113
11313,1739981389234583412,1739981389235088698
11314,1739981389234955646,1739981389235419478
11315,1739981389235296161,1739981389236635552
11316,1739981389235769417,1739981389237003957
11317,1739981389236871437,1739981389237431818
11318,1739981389237227131,1739981389237995471
11319,1739981389237712373,1739981389238652148
11320,1739981389238217851,1739981389239207342
11321,1739981389238979613,1739981389239618725
11322,1739981389239467694,1739981389240186776
11323,1739981389239805184,1739981389241058483
11324,1739981389240413659,1739981389241463625
11325,1739981389241223682,1739981389241957186
11326,1739981389241656070,1739981389242718918
11327,1739981389242134417,1739981389243360633
11328,1739981389242959190,1739981389243843208
11329,1739981389243588971,1739981389244769627
11330,1739981389244025124,1739981389245353533
11331,1739981389244945860,1739981389245745640
11332,1739981389245589768,1739981389246101091
11333,1739981389245954940,1739981389246432920
11334,1739981389246292451,1739981389246848625
11335,1739981389246614458,1739981389247574879
11336,1739981389246999191,1739981389248010715
11337,1739981389247920350,1739981389248461197
11338,1739981389248146930,1739981389248826788
11339,1739981389248652061,1739981389249916249
11340,1739981389249022499,1739981389250345777
11341,1739981389250130390,1739981389250756388
11342,1739981389250549097,1739981389251181743
11343,1739981389250943814,1739981389251968624
11344,1739981389251358556,1739981389252501269
11345,1739981389252279243,1739981389252850525
11346,1739981389252683242,1739981389253277999
11347,1739981389253093907,1739981389254346622
11348,1739981389253462104,1739981389254913488
11349,1739981389254647750,1739981389255545492
11350,1739981389255170618,1739981389255924192
11351,1739981389255792318,1739981389257027827
11352,1739981389256315095,1739981389257611225
11353,1739981389257241663,1739981389258315432
11354,1739981389257838943,1739981389259113570
11355,1739981389258619403,1739981389259676936
11356,1739981389259366020,1739981389260538968
11357,1739981389260007472,1739981389260897380
11358,1739981389260783984,1739981389261312068
11359,1739981389261022797,1739981389261669915
11360,1739981389261543719,1739981389262474847
11361,1739981389261853412,1739981389263008700
11362,1739981389262822899,1739981389263542391
11363,1739981389263267824,1739981389263973551
11364,1739981389263762124,1739981389265291386
11365,1739981389264166020,1739981389265761898
11366,1739981389265523684,1739981389266211433
11367,1739981389265967380,1739981389267047882
11368,1739981389266421961,1739981389267579798
11369,1739981389267353520,1739981389267966089
11370,1739981389267789192,1739981389268816034
11371,1739981389268165236,1739981389269553944
11372,1739981389269033446,1739981389269988267
11373,1739981389269767885,1739981389270440894
11374,1739981389270196398,1739981389271321804
11375,1739981389270649028,1739981389271893496
11376,1739981389271702235,1739981389272315488
11377,1739981389272109460,1739981389272769184
11378,1739981389272489336,1739981389273418559
11379,1739981389273138706,1739981389273965913
11380,1739981389273733101,1739981389274416849
11381,1739981389274200334,1739981389274765691
11382,1739981389274633469,1739981389275223013
11383,1739981389274971288,1739981389276130556
11384,1739981389275461426,1739981389276479349
11385,1739981389276383781,1739981389276898942
11386,1739981389276632161,1739981389277286277
11387,1739981389277149622,1739981389278321842
11388,1739981389277499468,1739981389278756320
11389,1739981389278541232,1739981389279210314
11390,1739981389278938626,1739981389279909777
11391,1739981389279389724,1739981389280759827
11392,1739981389280235512,1739981389281136190
11393,1739981389281022553,1739981389281478783
11394,1739981389281268801,1739981389282547736
11395,1739981389281661148,1739981389283079082
11396,1739981389282813880,1739981389283504386
11397,1739981389283308116,1739981389284457491
11398,1739981389283705699,1739981389285043518
11399,1739981389284674446,1739981389285469952
11400,1739981389285239833,1739981389286330101
11401,1739981389285822487,1739981389286913123
11402,1739981389286716999,1739981389287234120
11403,1739981389287181083,1739981389287780049
11404,1739981389287378813,1739981389288692853
11405,1739981389288094882,1739981389289077898
11406,1739981389288921039,1739981389289462189
11407,1739981389289260780,1739981389290311817
11408,1739981389289615970,1739981389290752109
11409,1739981389290572403,1739981389291214259
11410,1739981389290981138,1739981389292017700
11411,1739981389291412174,1739981389292491841
11412,1739981389292360831,1739981389292847236
11413,1739981389292705289,1739981389293252038
11414,1739981389293045153,1739981389294051053
11415,1739981389293743119,1739981389294545771
11416,1739981389294216735,1739981389295149371
11417,1739981389295011532,1739981389295561603
11418,1739981389295374984,1739981389296011842
11419,1739981389295750794,1739981389296745429
11420,1739981389296233888,1739981389297487186
11421,1739981389296940810,1739981389297917986
11422,1739981389297744371,1739981389298305434
11423,1739981389298226422,1739981389298649896
11424,1739981389298463490,1739981389299703171
11425,1739981389298831407,1739981389300091649
11426,1739981389299928595,1739981389300439342
11427,1739981389300322682,1739981389300818982
11428,1739981389300697170,1739981389301706926
11429,1739981389301022610,1739981389302193171
11430,1739981389302061839,1739981389302564995
11431,1739981389302352962,1739981389303413815
11432,1739981389302743599,1739981389303989262
11433,1739981389303811130,1739981389304439019
11434,1739981389304229121,1739981389304820759
11435,1739981389304656639,1739981389305850481
11436,1739981389305012441,1739981389306303871
11437,1739981389306137335,1739981389306701059
11438,1739981389306511515,1739981389307643124
11439,1739981389306907574,1739981389308178558
11440,1739981389307967225,1739981389308505969
11441,1739981389308363130,1739981389309376231
11442,1739981389308688167,1739981389309828175
11443,1739981389309727739,1739981389310172492
11444,1739981389310047093,1739981389310642213
11445,1739981389310366062,1739981389311361419
11446,1739981389310834071,1739981389312055265
11447,1739981389311604513,1739981389312401321
11448,1739981389312220655,1739981389312908455
11449,1739981389312629263,1739981389313317702
11450,1739981389313143488,1739981389314575067
11451,1739981389313529950,1739981389315087332
11452,1739981389314824298,1739981389315532589
11453,1739981389315328137,1739981389316628673
11454,1739981389315722236,1739981389317063746
11455,1739981389316808615,1739981389317453960
11456,1739981389317251519,1739981389318359526
11457,1739981389317673690,1739981389318919072
11458,1739981389318765961,1739981389319425249
11459,1739981389319170264,1739981389320343419
11460,1739981389319652546,1739981389320861587
11461,1739981389320665658,1739981389321380406
11462,1739981389321121423,1739981389322255506
11463,1739981389321596262,1739981389322804568
11464,1739981389322581602,1739981389323227489
11465,1739981389322994324,1739981389324042644
11466,1739981389323439450,1739981389324518377
11467,1739981389324355253,1739981389324946968
11468,1739981389324769928,1739981389325594074
11469,1739981389325136413,1739981389326340502
11470,1739981389325899565,1739981389326701473
11471,1739981389326611595,1739981389327124440
11472,1739981389326836114,1739981389327821956
11473,1739981389327370684,1739981389328542503
11474,1739981389328082351,1739981389328990247
11475,1739981389328796624,1739981389329368864
11476,1739981389329248599,1739981389330119829
11477,1739981389329571414,1739981389330844211
11478,1739981389330435614,1739981389331257508
11479,1739981389331054431,1739981389331673565
11480,1739981389331467684,1739981389332038893
11481,1739981389331884852,1739981389332847599
11482,1739981389332218600,1739981389333611525
11483,1739981389333056086,1739981389333974261
11484,1739981389333829854,1739981389334424586
11485,1739981389334173190,1739981389334783160
11486,1739981389334615547,1739981389335400113
11487,1739981389334955443,1739981389336084259
11488,1739981389335690771,1739981389336539656
11489,1739981389336308151,1739981389336943442
11490,1739981389336739111,1739981389337291472
11491,1739981389337111998,1739981389338305836
11492,1739981389337471689,1739981389338852315
11493,1739981389338520065,1739981389339265222
11494,1739981389339077693,1739981389339736325
11495,1739981389339462398,1739981389340655153
11496,1739981389339906454,1739981389341473179
11497,1739981389341275565,1739981389341803129
11498,1739981389341677813,1739981389342433957
11499,1739981389341981207,1739981389343202243
11500,1739981389342549536,1739981389343668732
11501,1739981389343465449,1739981389344138106
11502,1739981389343853524,1739981389344576390
11503,1739981389344375861,1739981389345621956
11504,1739981389345024664,1739981389345994964
11505,1739981389345835102,1739981389346491811
11506,1739981389346229435,1739981389347224513
11507,1739981389346710097,1739981389348135430
11508,1739981389347455908,1739981389348557462
11509,1739981389348371253,1739981389348888273
11510,1739981389348747612,1739981389349205591
11511,1739981389349139579,1739981389350241664
11512,1739981389349583267,1739981389350627707
11513,1739981389350475561,1739981389351000346
11514,1739981389350834855,1739981389351432117
11515,1739981389351227734,1739981389352457484
11516,1739981389351625929,1739981389352913022
11517,1739981389352695500,1739981389353294764
11518,1739981389353131227,1739981389353674200
11519,1739981389353557426,1739981389354845281
11520,1739981389353864524,1739981389355269848
11521,1739981389355101917,1739981389355700710
11522,1739981389355485960,1739981389356641663
11523,1739981389355910162,1739981389357225041
11524,1739981389357045543,1739981389357732036
11525,1739981389357460927,1739981389358906483
11526,1739981389357952897,1739981389359316414
11527,1739981389359167810,1739981389359669942
11528,1739981389359538076,1739981389360629755
11529,1739981389359879167,1739981389361137805
11530,1739981389360972901,1739981389361545769
11531,1739981389361346272,1739981389362412566
11532,1739981389361737520,1739981389362918183
11533,1739981389362816196,1739981389363237688
11534,1739981389363062284,1739981389363654569
11535,1739981389363424598,1739981389364602480
11536,1739981389363839863,1739981389365101250
11537,1739981389364861584,1739981389365469818
11538,1739981389365295585,1739981389366052677
11539,1739981389365654007,1739981389366694679
11540,1739981389366497470,1739981389367301842
11541,1739981389366991099,1739981389367695089
11542,1739981389367528856,1739981389368401074
11543,1739981389367933663,1739981389369305772
11544,1739981389368827205,1739981389369762230
11545,1739981389369514585,1739981389370135308
11546,1739981389370003541,1739981389370978787
11547,1739981389370322203,1739981389371520277
11548,1739981389371275765,1739981389371927647
11549,1739981389371732637,1739981389372808062
11550,1739981389372123353,1739981389373380782
11551,1739981389373202241,1739981389373735125
11552,1739981389373634175,1739981389374463645
11553,1739981389373954288,1739981389375208961
11554,1739981389374724515,1739981389375577227
11555,1739981389375443982,1739981389375911543
11556,1739981389375750627,1739981389376259589
11557,1739981389376077343,1739981389377420327
11558,1739981389376439644,1739981389377786853
11559,1739981389377685974,1739981389378186662
11560,1739981389378024118,1739981389378549121
11561,1739981389378431632,1739981389379191851
11562,1739981389378903434,1739981389380107370
11563,1739981389379428696,1739981389380581627
11564,1739981389380378344,1739981389381013219
11565,1739981389380798052,1739981389381710568
11566,1739981389381236736,1739981389382642119
11567,1739981389382057541,1739981389383015946
11568,1739981389382898426,1739981389384008244
11569,1739981389383406487,1739981389384589047
11570,1739981389384272602,1739981389385037233
11571,1739981389384816830,1739981389385937202
11572,1739981389385209528,1739981389386821742
11573,1739981389386081830,1739981389387200757
11574,1739981389387066472,1739981389387574399
11575,1739981389387429851,1739981389388574812
11576,1739981389387796496,1739981389389090698
11577,1739981389388933317,1739981389389436796
11578,1739981389389359632,1739981389389966957
11579,1739981389389585376,1739981389390954106
11580,1739981389390196629,1739981389391348216
11581,1739981389391195012,1739981389391808917
11582,1739981389391532567,1739981389392711169
11583,1739981389391983454,1739981389393358040
11584,1739981389393028752,1739981389393779897
11585,1739981389393608278,1739981389394739064
11586,1739981389393974585,1739981389395187524
11587,1739981389395014847,1739981389395677327
11588,1739981389395367195,1739981389396882179
11589,1739981389395887049,1739981389397455424
11590,1739981389397162410,1739981389397821965
11591,1739981389397707982,1739981389398667760
11592,1739981389398047361,1739981389399299789
11593,1739981389399047475,1739981389399685923
11594,1739981389399519703,1739981389400494764
11595,1739981389399927455,1739981389400994725
11596,1739981389400861909,1739981389401317343
11597,1739981389401220557,1739981389401714022
11598,1739981389401512837,1739981389402678394
11599,1739981389402025429,1739981389403055367
11600,1739981389402914218,1739981389403412004
11601,1739981389403296512,1739981389403778100
11602,1739981389403654941,1739981389405042518
11603,1739981389403892659,1739981389405391169
11604,1739981389405270231,1739981389405868643
11605,1739981389405521358,1739981389406732858
11606,1739981389406062989,1739981389407339121
11607,1739981389406993855,1739981389407775872
11608,1739981389407553091,1739981389408960744
11609,1739981389407965035,1739981389409331275
11610,1739981389409175632,1739981389409726497
11611,1739981389409565233,1739981389410742457
11612,1739981389409920137,1739981389411513880
11613,1739981389411020042,1739981389411959847
11614,1739981389411737249,1739981389412760507
11615,1739981389412310029,1739981389413397140
11616,1739981389413142573,1739981389413843612
11617,1739981389413656788,1739981389414875349
11618,1739981389414035368,1739981389415411487
11619,1739981389415165742,1739981389415772714
11620,1739981389415655152,1739981389416609121
11621,1739981389415973972,1739981389417160639
11622,1739981389416882221,1739981389417512672
11623,1739981389417364134,1739981389418395858
11624,1739981389417762863,1739981389419000092
11625,1739981389418712235,1739981389419353748
11626,1739981389419230813,1739981389420262128
11627,1739981389419557164,1739981389420747827
11628,1739981389420585888,1739981389421114408
11629,1739981389420934981,1739981389421948145
11630,1739981389421311209,1739981389422480881
11631,1739981389422329661,1739981389422872797
11632,1739981389422692368,1739981389423888514
11633,1739981389423057919,1739981389424581760
11634,1739981389424205643,1739981389425051680
11635,1739981389424822137,1739981389425970149
11636,1739981389425228766,1739981389426617135
11637,1739981389426210490,1739981389427028764
11638,1739981389426816693,1739981389427760575
11639,1739981389427241178,1739981389428616257
11640,1739981389428099851,1739981389428967102
11641,1739981389428854264,1739981389429357529
11642,1739981389429220943,1739981389430440774
11643,1739981389429621554,1739981389430819181
11644,1739981389430732458,1739981389431201655
11645,1739981389430985025,1739981389431652145
11646,1739981389431416342,1739981389432469535
11647,1739981389431859909,1739981389433063862
11648,1739981389432815151,1739981389433426523
11649,1739981389433214182,1739981389434294683
11650,1739981389433679400,1739981389434920049
11651,1739981389434542804,1739981389435292483
11652,1739981389435141337,1739981389435781798
11653,1739981389435523165,1739981389436130169
11654,1739981389436030666,1739981389436925982
11655,1739981389436284080,1739981389437581450
11656,1739981389437093402,1739981389437958377
11657,1739981389437773301,1739981389438302985
11658,1739981389438168321,1739981389439220694
11659,1739981389438702068,1739981389439675382
11660,1739981389439520388,1739981389440004323
11661,1739981389439870802,1739981389440501967
11662,1739981389440281086,1739981389441397089
11663,1739981389440728991,1739981389441881604
11664,1739981389441739883,1739981389442421577
11665,1739981389442087198,1739981389443290781
11666,1739981389442618192,1739981389444061284
11667,1739981389443446057,1739981389444450392
11668,1739981389444268618,1739981389444786041
11669,1739981389444678985,1739981389445391254
11670,1739981389444992909,1739981389446142241
11671,1739981389445626484,1739981389446629126
11672,1739981389446385557,1739981389447014558
11673,1739981389446867808,1739981389447676519
11674,1739981389447199548,1739981389448649286
11675,1739981389447985582,1739981389449064461
11676,1739981389448888067,1739981389449447849
11677,1739981389449273759,1739981389450597681
11678,1739981389449626421,1739981389451020830
11679,1739981389450870014,1739981389451337178
11680,1739981389451265181,1739981389451755485
11681,1739981389451472938,1739981389452529307
11682,1739981389451948590,1739981389453203389
11683,1739981389452682848,1739981389453666204
11684,1739981389453430367,1739981389453995083
11685,1739981389453875160,1739981389454474106
11686,1739981389454193370,1739981389454817981
11687,1739981389454672856,1739981389455917502
11688,1739981389455124222,1739981389456440078
11689,1739981389456156224,1739981389456904933
11690,1739981389456640003,1739981389457769939
11691,1739981389457111142,1739981389458318416
11692,1739981389458005976,1739981389458846210
11693,1739981389458575777,1739981389459714971
11694,1739981389459109992,1739981389460400548
11695,1739981389459915926,1739981389460957218
11696,1739981389460610989,1739981389461343967
11697,1739981389461164480,1739981389461696752
11698,1739981389461556012,1739981389462724602
11699,1739981389461808406,1739981389463066456
11700,1739981389462990424,1739981389463397609
11701,1739981389463212982,1739981389463802687
11702,1739981389463605458,1739981389464714886
11703,1739981389464029505,1739981389465223529
11704,1739981389464989847,1739981389465669652
11705,1739981389465481985,1739981389466514187
11706,1739981389465921684,1739981389467155233
11707,1739981389466806016,1739981389467500215
11708,1739981389467356294,1739981389468365266
11709,1739981389467680636,1739981389468901506
11710,1739981389468711032,1739981389469283231
11711,1739981389469127553,1739981389469720686
11712,1739981389469475044,1739981389470807507
11713,1739981389469914128,1739981389471243180
11714,1739981389471052003,1739981389471644830
11715,1739981389471424287,1739981389472766104
11716,1739981389471832700,1739981389473166948
11717,1739981389473037579,1739981389473596797
11718,1739981389473401218,1739981389474668031
11719,1739981389473780596,1739981389475060137
11720,1739981389474944030,1739981389475342777
11721,1739981389475225539,1739981389475757101
11722,1739981389475589978,1739981389476618873
11723,1739981389475954283,1739981389477111677
11724,1739981389476958334,1739981389477545056
11725,1739981389477351774,1739981389477879288
11726,1739981389477770597,1739981389478660125
11727,1739981389478086177,1739981389479426457
11728,1739981389478969729,1739981389479790512
11729,1739981389479640703,1739981389480138122
11730,1739981389479968741,1739981389480821593
11731,1739981389480337788,1739981389481552123
11732,1739981389481013342,1739981389482066534
11733,1739981389481814729,1739981389482474669
11734,1739981389482263948,1739981389483653301
11735,1739981389482679459,1739981389484095604
11736,1739981389483953191,1739981389484617427
11737,1739981389484352131,1739981389485695012
11738,1739981389484846422,1739981389486207616
11739,1739981389486014540,1739981389486552791
11740,1739981389486431283,1739981389487423888
11741,1739981389486745304,1739981389488104938
11742,1739981389487587762,1739981389488465533
11743,1739981389488305497,1739981389488835583
11744,1739981389488678282,1739981389489218892
11745,1739981389489073122,1739981389489565416
11746,1739981389489443648,1739981389490625046
11747,1739981389489750721,1739981389491009186
11748,1739981389490873471,1739981389491379521
11749,1739981389491268476,1739981389491766493
11750,1739981389491569036,1739981389492634520
11751,1739981389491960033,1739981389493138488
11752,1739981389492935734,1739981389493603574
11753,1739981389493352761,1739981389494684181
11754,1739981389493802096,1739981389495277679
11755,1739981389494963029,1739981389495703199
11756,1739981389495530708,1739981389496734107
11757,1739981389495908195,1739981389497226400
11758,1739981389496970668,1739981389497721226
11759,1739981389497418022,1739981389498806236
11760,1739981389497921698,1739981389499482348
11761,1739981389499188518,1739981389499975496
11762,1739981389499699462,1739981389500854018
11763,1739981389500175997,1739981389501438962
11764,1739981389501215532,1739981389501975161
11765,1739981389501654907,1739981389502831358
11766,1739981389502154948,1739981389503455068
11767,1739981389503200787,1739981389503911985
11768,1739981389503696898,1739981389504366626
11769,1739981389504099676,1739981389505011517
11770,1739981389504622011,1739981389505763667
11771,1739981389505164125,1739981389506150766
11772,1739981389506029968,1739981389506565629
11773,1739981389506321593,1739981389507303006
11774,1739981389506800910,1739981389508054789
11775,1739981389507597615,1739981389508514055
11776,1739981389508225641,1739981389508957390
11777,1739981389508761026,1739981389509717979
11778,1739981389509171148,1739981389510340134
11779,1739981389509934502,1739981389510747200
11780,1739981389510559822,1739981389511134459
11781,1739981389510989877,1739981389511974694
11782,1739981389511344729,1739981389512577619
11783,1739981389512329987,1739981389513061384
11784,1739981389512826319,1739981389514106587
11785,1739981389513233931,1739981389514708579
11786,1739981389514367814,1739981389515102805
11787,1739981389514912863,1739981389516019823
11788,1739981389515315057,1739981389516648682
11789,1739981389516405946,1739981389517396377
11790,1739981389516904313,1739981389518335001
11791,1739981389517619364,1739981389518775414
11792,1739981389518549966,1739981389519104211
11793,1739981389518981209,1739981389519917793
11794,1739981389519314904,1739981389520701528
11795,1739981389520148320,1739981389521097998
11796,1739981389520938748,1739981389521448303
11797,1739981389521309883,1739981389521750557
11798,1739981389521634802,1739981389522602276
11799,1739981389521941036,1739981389523280440
11800,1739981389522744083,1739981389523791147
11801,1739981389523464717,1739981389524266482
11802,1739981389523986738,1739981389524612511
11803,1739981389524446062,1739981389524949300
11804,1739981389524793588,1739981389526125625
11805,1739981389525166918,1739981389526603282
11806,1739981389526345896,1739981389526994735
11807,1739981389526860778,1739981389527903520
11808,1739981389527254227,1739981389528488086
11809,1739981389528239518,1739981389529280320
11810,1739981389528695043,1739981389530087439
11811,1739981389529489883,1739981389530558928
11812,1739981389530332152,1739981389530895123
11813,1739981389530747597,1739981389531594527
11814,1739981389531071049,1739981389532413080
11815,1739981389531814149,1739981389532791006
11816,1739981389532641357,1739981389533143387
11817,1739981389532999858,1739981389534259255
11818,1739981389533316186,1739981389534708821
11819,1739981389534546994,1739981389535137691
11820,1739981389534941600,1739981389535469909
11821,1739981389535314858,1739981389536638522
11822,1739981389535642077,1739981389537164494
11823,1739981389536843945,1739981389537534014
11824,1739981389537405511,1739981389538128161
11825,1739981389537739101,1739981389538991600
11826,1739981389538388647,1739981389539550542
11827,1739981389539235631,1739981389539952363
11828,1739981389539758963,1739981389540889715
11829,1739981389540380282,1739981389541561042
11830,1739981389541233651,1739981389541946361
11831,1739981389541781561,1739981389542785692
11832,1739981389542165903,1739981389543353486
11833,1739981389543122858,1739981389543708676
11834,1739981389543535690,1739981389544033443
11835,1739981389543982849,1739981389544527259
11836,1739981389544211922,1739981389545355642
11837,1739981389544705339,1739981389545957815
11838,1739981389545507859,1739981389546276338
11839,1739981389546199466,1739981389546808259
11840,1739981389546439457,1739981389547190804
11841,1739981389547020635,1739981389548021379
11842,1739981389547413866,1739981389548679661
11843,1739981389548207306,1739981389549168741
11844,1739981389548909822,1739981389550074968
11845,1739981389549403827,1739981389550789817
11846,1739981389550395796,1739981389551217152
11847,1739981389551012772,1739981389552163772
11848,1739981389551356169,1739981389552712829
11849,1739981389552546614,1739981389553130109
11850,1739981389552931411,1739981389554057948
11851,1739981389553341753,1739981389554700003
11852,1739981389554512810,1739981389555201264
11853,1739981389554925503,1739981389556053727
11854,1739981389555388352,1739981389556694064
11855,1739981389556282925,1739981389557181077
11856,1739981389556962468,1739981389557531167
11857,1739981389557358176,1739981389557822762
11858,1739981389557710791,1739981389558879567
11859,1739981389558003878,1739981389559286280
11860,1739981389559158154,1739981389559599280
11861,1739981389559527365,1739981389560113267
11862,1739981389559718903,1739981389560857167
11863,1739981389560308804,1739981389561432336
11864,1739981389561075965,1739981389561789017
11865,1739981389561649908,1739981389562448303
11866,1739981389562001493,1739981389563205465
11867,1739981389562711364,1739981389563544805
11868,1739981389563460110,1739981389563898600
11869,1739981389563732136,1739981389564453063
11870,1739981389564108515,1739981389564913519
11871,1739981389564648307,1739981389565802821
11872,1739981389565228235,1739981389566345740
11873,1739981389566186315,1739981389566846806
11874,1739981389566531559,1739981389567919696
11875,1739981389567039743,1739981389568302496
11876,1739981389568230289,1739981389568731290
11877,1739981389568462487,1739981389569369606
11878,1739981389568943569,1739981389569995471
11879,1739981389569550569,1739981389570473336
11880,1739981389570293044,1739981389570791236
11881,1739981389570678339,1739981389571138438
11882,1739981389570985692,1739981389572009437
11883,1739981389571339945,1739981389572493931
11884,1739981389572345008,1739981389572885874
11885,1739981389572692391,1739981389573499767
11886,1739981389573076113,1739981389574337597
11887,1739981389573851562,1739981389574779027
11888,1739981389574604930,1739981389575150879
11889,1739981389575036344,1739981389576044749
11890,1739981389575387814,1739981389576634589
11891,1739981389576383727,1739981389576984305
11892,1739981389576855094,1739981389577869041
11893,1739981389577196926,1739981389578493104
11894,1739981389578192502,1739981389578904912
11895,1739981389578732823,1739981389579788960
11896,1739981389579110225,1739981389580274232
11897,1739981389580107951,1739981389580618955
11898,1739981389580516325,1739981389580913516
11899,1739981389580809853,1739981389581973729
11900,1739981389581099097,1739981389582354163
11901,1739981389582220440,1739981389582719014
11902,1739981389582570048,1739981389583061552
11903,1739981389582909669,1739981389584091627
11904,1739981389583222972,1739981389584485660
11905,1739981389584277467,1739981389584928228
11906,1739981389584693272,1739981389585267601
11907,1739981389585153695,1739981389586496647
11908,1739981389585484687,1739981389586942419
11909,1739981389586741971,1739981389587353494
11910,1739981389587173390,1739981389587677090
11911,1739981389587542189,1739981389588776697
11912,1739981389587886682,1739981389589184024
11913,1739981389588965715,1739981389589573506
11914,1739981389589377747,1739981389590520970
11915,1739981389589748070,1739981389591092950
11916,1739981389590698757,1739981389591487348
11917,1739981389591328635,1739981389592326607
11918,1739981389591708290,1739981389592817040
11919,1739981389592714313,1739981389593123959
11920,1739981389593050331,1739981389593491383
11921,1739981389593320820,1739981389594580591
11922,1739981389593679552,1739981389594937195
11923,1739981389594806862,1739981389595387589
11924,1739981389595179402,1739981389595741150
11925,1739981389595627413,1739981389596516595
11926,1739981389595921974,1739981389597030714
11927,1739981389596918366,1739981389597464996
11928,1739981389597236260,1739981389598195340
11929,1739981389597684788,1739981389598990040
11930,1739981389598454126,1739981389599447241
11931,1739981389599262029,1739981389599819073
11932,1739981389599647828,1739981389600312029
11933,1739981389600052851,1739981389601287297
11934,1739981389600506701,1739981389601795092
11935,1739981389601619084,1739981389602752764
11936,1739981389602048088,1739981389603321085
11937,1739981389603100147,1739981389603690962
11938,1739981389603527912,1739981389604634089
11939,1739981389603879898,1739981389605244722
11940,1739981389604813341,1739981389605542088
11941,1739981389605485244,1739981389605947558
11942,1739981389605690885,1739981389606291970
11943,1739981389606128469,1739981389606868090
11944,1739981389606480165,1739981389607602721
11945,1739981389607256358,1739981389608131605
11946,1739981389607830710,1739981389608505812
11947,1739981389608365506,1739981389609352276
11948,1739981389608716307,1739981389610301296
11949,1739981389609612126,1739981389610707126
11950,1739981389610564085,1739981389611069914
11951,1739981389610932982,1739981389611897091
11952,1739981389611206915,1739981389612495325
11953,1739981389612248896,1739981389612880119
11954,1739981389612695922,1739981389613692638
11955,1739981389613080968,1739981389614375800
11956,1739981389614017767,1739981389614741428
11957,1739981389614581051,1739981389615254063
11958,1739981389614963073,1739981389615938203
11959,1739981389615498607,1739981389616366301
11960,1739981389616255082,1739981389616752747
11961,1739981389616517783,1739981389617180983
11962,1739981389616960082,1739981389618055597
11963,1739981389617569890,1739981389618485626
11964,1739981389618390337,1739981389618960242
11965,1739981389618714180,1739981389619754893
11966,1739981389619150111,1739981389620567558
11967,1739981389619925834,1739981389620993769
11968,1739981389620852100,1739981389621416365
11969,1739981389621195430,1739981389622334089
11970,1739981389621625965,1739981389622923609
11971,1739981389622681668,1739981389623381329
11972,1739981389623144888,1739981389624140615
11973,1739981389623590788,1739981389624825545
11974,1739981389624474361,1739981389625190333
11975,1739981389625084827,1739981389626231433
11976,1739981389625412664,1739981389626621380
11977,1739981389626475876,1739981389627042379
11978,1739981389626825780,1739981389627855347
11979,1739981389627222796,1739981389628603438
11980,1739981389628089545,1739981389629054600
11981,1739981389628814789,1739981389629823792
11982,1739981389629198233,1739981389630433728
11983,1739981389630017932,1739981389630717847
11984,1739981389630570605,1739981389631104500
11985,1739981389630914799,1739981389631439275
11986,1739981389631278849,1739981389632166399
11987,1739981389631616294,1739981389632604622
11988,1739981389632303431,1739981389633161246
11989,1739981389632900032,1739981389633573015
11990,1739981389633433204,1739981389634027702
11991,1739981389633816279,1739981389635023321
11992,1739981389634215305,1739981389635479819
11993,1739981389635302098,1739981389635865005
11994,1739981389635703108,1739981389636259109
11995,1739981389636035737,1739981389637305584
11996,1739981389636455456,1739981389637680441
11997,1739981389637569044,1739981389638107443
11998,1739981389637899386,1739981389639120669
11999,1739981389638382551,1739981389639671375
12000,1739981389639479985,1739981389640121578
12001,1739981389639868863,1739981389640932160
12002,1739981389640323195,1739981389641394232
12003,1739981389641296179,1739981389641764958
12004,1739981389641623613,1739981389642234312
12005,1739981389641980770,1739981389642902073
12006,1739981389642451530,1739981389643613753
12007,1739981389643162002,1739981389644139128
12008,1739981389643832869,1739981389644511368
12009,1739981389644357895,1739981389644959435
12010,1739981389644692245,1739981389645806727
12011,1739981389645155298,1739981389646454451
12012,1739981389646099136,1739981389646993266
12013,1739981389646693355,1739981389648096978
12014,1739981389647178364,1739981389648516332
12015,1739981389648342049,1739981389648912565
12016,1739981389648722336,1739981389649327236
12017,1739981389649128403,1739981389650515172
12018,1739981389649571030,1739981389650968456
12019,1739981389650743087,1739981389651400043
12020,1739981389651188253,1739981389652659294
12021,1739981389651608833,1739981389653105806
12022,1739981389652940562,1739981389653935661
12023,1739981389653363866,1739981389654656086
12024,1739981389654193099,1739981389655021899
12025,1739981389654914812,1739981389655587113
12026,1739981389655228336,1739981389656375587
12027,1739981389655851180,1739981389656749787
12028,1739981389656626071,1739981389657099006
12029,1739981389656993423,1739981389657596100
12030,1739981389657281084,1739981389658434932
12031,1739981389657776461,1739981389659017180
12032,1739981389658752363,1739981389659415735
12033,1739981389659222066,1739981389660221113
12034,1739981389659652315,1739981389660724115
12035,1739981389660404710,1739981389661223264
12036,1739981389661039387,1739981389661661058
12037,1739981389661482395,1739981389661965580
12038,1739981389661856325,1739981389662788237
12039,1739981389662160976,1739981389663441178
12040,1739981389663112649,1739981389663826107
12041,1739981389663695793,1739981389664786944
12042,1739981389664161019,1739981389665276177
12043,1739981389665075078,1739981389665608166
12044,1739981389665534219,1739981389666446374
12045,1739981389665724930,1739981389667021420
12046,1739981389666798840,1739981389667396573
12047,1739981389667257359,1739981389668064154
12048,1739981389667627466,1739981389668810716
12049,1739981389668346347,1739981389669249384
12050,1739981389669063564,1739981389669596068
12051,1739981389669463233,1739981389670358207
12052,1739981389669819661,1739981389671140103
12053,1739981389670660115,1739981389671480962
12054,1739981389671328549,1739981389671809950
12055,1739981389671663860,1739981389672193759
12056,1739981389672023466,1739981389673274443
12057,1739981389672363574,1739981389673792209
12058,1739981389673511351,1739981389674309880
12059,1739981389673991874,1739981389674824442
12060,1739981389674493649,1739981389676124653
12061,1739981389675072753,1739981389676490762
12062,1739981389676358794,1739981389676851776
12063,1739981389676678506,1739981389678032343
12064,1739981389677020083,1739981389678456443
12065,1739981389678255698,1739981389678858594
12066,1739981389678625771,1739981389680088514
12067,1739981389679060404,1739981389680492671
12068,1739981389680390934,1739981389680791241
12069,1739981389680610112,1739981389681277341
12070,1739981389680991685,1739981389681900259
12071,1739981389681475652,1739981389682415732
12072,1739981389682126697,1739981389682960120
12073,1739981389682711168,1739981389683358204
12074,1739981389683166059,1739981389683776965
12075,1739981389683555262,1739981389685003239
12076,1739981389683955578,1739981389685451988
12077,1739981389685219039,1739981389685862989
12078,1739981389685675555,1739981389686556836
12079,1739981389686089542,1739981389687275557
12080,1739981389686760041,1739981389687763219
12081,1739981389687499691,1739981389688258783
12082,1739981389687970426,1739981389689451771
12083,1739981389688459000,1739981389689849048
12084,1739981389689680940,1739981389690267918
12085,1739981389690082645,1739981389691252996
12086,1739981389690482844,1739981389691834082
12087,1739981389691623290,1739981389692239164
12088,1739981389692030778,1739981389693279264
12089,1739981389692452435,1739981389693669549
12090,1739981389693517216,1739981389694030359
12091,1739981389693887849,1739981389694496118
12092,1739981389694162674,1739981389694835328
12093,1739981389694691960,1739981389695526257
12094,1739981389695022959,1739981389696243687
12095,1739981389695740453,1739981389696706957
12096,1739981389696493327,1739981389697127915
12097,1739981389696936834,1739981389697549023
12098,1739981389697311587,1739981389698630701
12099,1739981389697727729,1739981389699107609
12100,1739981389698899859,1739981389699536566
12101,1739981389699331139,1739981389699936568
12102,1739981389699738450,1739981389700663355
12103,1739981389700125450,1739981389701203232
12104,1739981389700824033,1739981389701649783
12105,1739981389701505457,1739981389702056640
12106,1739981389701845758,1739981389702448211
12107,1739981389702213902,1739981389703366205
12108,1739981389702624678,1739981389703894791
12109,1739981389703710811,1739981389704366955
12110,1739981389704017191,1739981389704731716
12111,1739981389704561285,1739981389705508655
12112,1739981389704934677,1739981389706291536
12113,1739981389705849792,1739981389706683632
12114,1739981389706507044,1739981389707019598
12115,1739981389706870281,1739981389707319917
12116,1739981389707210645,1739981389708362361
12117,1739981389707497896,1739981389708733538
12118,1739981389708641402,1739981389709128089
12119,1739981389708939498,1739981389709490795
12120,1739981389709321653,1739981389710450802
12121,1739981389709684671,1739981389710824815
12122,1739981389710714170,1739981389711213495
12123,1739981389711000019,1739981389711827057
12124,1739981389711403540,1739981389712568584
12125,1739981389711998201,1739981389712996871
12126,1739981389712848760,1739981389713602390
12127,1739981389713238816,1739981389714498930
12128,1739981389713854117,1739981389714889904
12129,1739981389714769906,1739981389715280213
12130,1739981389715105847,1739981389716162984
12131,1739981389715501252,1739981389716828314
12132,1739981389716329111,1739981389717178906
12133,1739981389717091410,1739981389717634216
12134,1739981389717308338,1739981389717969112
12135,1739981389717874590,1739981389718604649
12136,1739981389718094946,1739981389719208872
12137,1739981389718815598,1739981389719668811
12138,1739981389719421163,1739981389720036390
12139,1739981389719892554,1739981389720796905
12140,1739981389720213969,1739981389721399119
12141,1739981389720960209,1739981389721748620
12142,1739981389721604306,1739981389722114792
12143,1739981389721948992,1739981389722511269
12144,1739981389722289177,1739981389723149608
12145,1739981389722712884,1739981389723914288
12146,1739981389723417233,1739981389724510432
12147,1739981389724153166,1739981389724870055
12148,1739981389724738157,1739981389725592969
12149,1739981389725057527,1739981389726457589
12150,1739981389725862729,1739981389726820904
12151,1739981389726694598,1739981389727114834
12152,1739981389727008019,1739981389727988126
12153,1739981389727318802,1739981389728510051
12154,1739981389728327818,1739981389728882624
12155,1739981389728734823,1739981389729805238
12156,1739981389729085371,1739981389730258885
12157,1739981389730110428,1739981389730658826
12158,1739981389730494624,1739981389731165345
12159,1739981389730847559,1739981389732111526
12160,1739981389731424362,1739981389732492199
12161,1739981389732316526,1739981389732868853
12162,1739981389732658428,1739981389733699464
12163,1739981389733066677,1739981389734505128
12164,1739981389733903735,1739981389734965670
12165,1739981389734759966,1739981389735444793
12166,1739981389735203085,1739981389736520044
12167,1739981389735633297,1739981389736884791
12168,1739981389736714191,1739981389737403157
12169,1739981389737077691,1739981389738224832
12170,1739981389737586670,1739981389738955614
12171,1739981389738375706,1739981389739335390
12172,1739981389739162596,1739981389739683412
12173,1739981389739508751,1739981389740013879
12174,1739981389739945557,1739981389740742569
12175,1739981389740195118,1739981389741393562
12176,1739981389740994285,1739981389741738720
12177,1739981389741625991,1739981389742098427
12178,1739981389741938040,1739981389742539029
12179,1739981389742306728,1739981389743513393
12180,1739981389742741800,1739981389744011521
12181,1739981389743789482,1739981389744500920
12182,1739981389744264817,1739981389744906236
12183,1739981389744758892,1739981389745940014
12184,1739981389745131863,1739981389746436409
12185,1739981389746290420,1739981389746825408
12186,1739981389746624107,1739981389747727783
12187,1739981389747002292,1739981389748257876
12188,1739981389748049183,1739981389748809451
12189,1739981389748461111,1739981389749669966
12190,1739981389749005527,1739981389750221744
12191,1739981389750012463,1739981389750687513
12192,1739981389750486049,1739981389751104813
12193,1739981389750902313,1739981389752181494
12194,1739981389751301774,1739981389752644035
12195,1739981389752445265,1739981389752987343
12196,1739981389752851838,1739981389753310321
12197,1739981389753206329,1739981389753935050
12198,1739981389753498524,1739981389754732008
12199,1739981389754270104,1739981389755130638
12200,1739981389754966278,1739981389755579462
12201,1739981389755338067,1739981389755968004
12202,1739981389755793103,1739981389757066064
12203,1739981389756135131,1739981389757397353
12204,1739981389757240896,1739981389757769746
12205,1739981389757598688,1739981389758129656
12206,1739981389757953136,1739981389758810199
12207,1739981389758292755,1739981389759535770
12208,1739981389759109818,1739981389759953122
12209,1739981389759761969,1739981389760343479
12210,1739981389760191279,1739981389761392597
12211,1739981389760586786,1739981389761816228
12212,1739981389761613461,1739981389762206968
12213,1739981389762028518,1739981389762960859
12214,1739981389762377877,1739981389763573828
12215,1739981389763107463,1739981389763933087
12216,1739981389763801348,1739981389764511145
12217,1739981389764150033,1739981389764859735
12218,1739981389764706942,1739981389765259987
12219,1739981389765053189,1739981389766220519
12220,1739981389765467306,1739981389766594123
12221,1739981389766501348,1739981389766989463
12222,1739981389766745103,1739981389767671125
12223,1739981389767198188,1739981389768421809
12224,1739981389767952583,1739981389768788584
12225,1739981389768621739,1739981389769187525
12226,1739981389768978206,1739981389769895883
12227,1739981389769361911,1739981389770605699
12228,1739981389770105970,1739981389771162073
12229,1739981389770858911,1739981389771559043
12230,1739981389771364627,1739981389772186634
12231,1739981389771725863,1739981389772949279
12232,1739981389772457985,1739981389773394963
12233,1739981389773200591,1739981389774280036
12234,1739981389773606129,1739981389774849999
12235,1739981389774420608,1739981389775161143
12236,1739981389775029298,1739981389775507912
12237,1739981389775381552,1739981389775891463
12238,1739981389775717311,1739981389776233348
12239,1739981389776077328,1739981389776860778
12240,1739981389776411303,1739981389777646158
12241,1739981389777072981,1739981389778031378
12242,1739981389777992760,1739981389778546941
12243,1739981389778304399,1739981389779355415
12244,1739981389778843073,1739981389779942811
12245,1739981389779696225,1739981389780409024
12246,1739981389780178110,1739981389781256414
12247,1739981389780582696,1739981389781747822
12248,1739981389781578219,1739981389782092186
12249,1739981389781933145,1739981389783218286
12250,1739981389782267544,1739981389783672257
12251,1739981389783464252,1739981389784034118
12252,1739981389783881705,1739981389784415903
12253,1739981389784269398,1739981389785528830
12254,1739981389784958889,1739981389785938773
12255,1739981389785728830,1739981389786353649
12256,1739981389786163130,1739981389787062838
12257,1739981389786571395,1739981389787744679
12258,1739981389787262515,1739981389788115293
12259,1739981389788006820,1739981389788531264
12260,1739981389788350825,1739981389788848952
12261,1739981389788708105,1739981389789512759
12262,1739981389789051677,1739981389790255727
12263,1739981389789756514,1739981389790706990
12264,1739981389790496459,1739981389791077543
12265,1739981389790910928,1739981389792012416
12266,1739981389791258072,1739981389792584437
12267,1739981389792426598,1739981389792939500
12268,1739981389792798926,1739981389793305266
12269,1739981389793121676,1739981389794494134
12270,1739981389793599518,1739981389794913659
12271,1739981389794755164,1739981389795313139
12272,1739981389795109483,1739981389796428009
12273,1739981389795500930,1739981389796824635
12274,1739981389796683137,1739981389797224040
12275,1739981389797046693,1739981389797854445
12276,1739981389797435234,1739981389798518702
12277,1739981389798240156,1739981389798870271
12278,1739981389798748995,1739981389799301510
12279,1739981389799051535,1739981389799644863
12280,1739981389799524926,1739981389800433639
12281,1739981389799897101,1739981389801015629
12282,1739981389800843695,1739981389801378194
12283,1739981389801261100,1739981389802211037
12284,1739981389801528822,1739981389802772920
12285,1739981389802406806,1739981389803275581
12286,1739981389803066246,1739981389803638190
12287,1739981389803506719,1739981389804420216
12288,1739981389803878640,1739981389805107448
12289,1739981389804729372,1739981389805474333
12290,1739981389805322472,1739981389805845566
12291,1739981389805671840,1739981389806931822
12292,1739981389806020374,1739981389807375225
12293,1739981389807195019,1739981389807755291
12294,1739981389807598712,1739981389808649152
12295,1739981389807933130,1739981389809100068
12296,1739981389808983838,1739981389809427836
12297,1739981389809315685,1739981389809844548
12298,1739981389809626645,1739981389810307977
12299,1739981389810057881,1739981389810886851
12300,1739981389810614966,1739981389811325578
12301,1739981389811262338,1739981389811837349
12302,1739981389811481890,1739981389812229016
12303,1739981389812056329,1739981389813315733
12304,1739981389812547391,1739981389813749243
12305,1739981389813534950,1739981389814122719
12306,1739981389813987924,1739981389814523635
12307,1739981389814337557,1739981389815354015
12308,1739981389814708185,1739981389815899054
12309,1739981389815689442,1739981389816459341
12310,1739981389816127574,1739981389817316162
12311,1739981389816681476,1739981389818050272
12312,1739981389817507476,1739981389818474520
12313,1739981389818254180,1739981389818882400
12314,1739981389818716343,1739981389819670588
12315,1739981389819074837,1739981389820224488
12316,1739981389819884049,1739981389820579886
12317,1739981389820500698,1739981389821424177
12318,1739981389820739517,1739981389821953526
12319,1739981389821726867,1739981389822303426
12320,1739981389822160510,1739981389822679934
12321,1739981389822534386,1739981389823553022
12322,1739981389822890706,1739981389824046795
12323,1739981389823875115,1739981389824498571
12324,1739981389824282316,1739981389824872878
12325,1739981389824715803,1739981389825641698
12326,1739981389825107144,1739981389826278759
12327,1739981389825890791,1739981389826612900
12328,1739981389826498234,1739981389827094087
12329,1739981389826771610,1739981389827550134
12330,1739981389827319815,1739981389828719400
12331,1739981389827755593,1739981389829239597
12332,1739981389828919326,1739981389829698625
12333,1739981389829436659,1739981389830678167
12334,1739981389829910670,1739981389831134513
12335,1739981389830930966,1739981389831588677
12336,1739981389831346709,1739981389832426540
12337,1739981389831772287,1739981389832909623
12338,1739981389832773113,1739981389833287848
12339,1739981389833122443,1739981389834112177
12340,1739981389833482433,1739981389834671258
12341,1739981389834525037,1739981389835079396
12342,1739981389834863622,1739981389835411042
12343,1739981389835265668,1739981389836207555
12344,1739981389835581264,1739981389836730166
12345,1739981389836561441,1739981389837237284
12346,1739981389836919416,1739981389837639636
12347,1739981389837433220,1739981389838810773
12348,1739981389837821478,1739981389839177762
12349,1739981389839014843,1739981389839516178
12350,1739981389839379377,1739981389840217813
12351,1739981389839697753,1739981389841020231
12352,1739981389840520912,1739981389841463079
12353,1739981389841233950,1739981389841847032
12354,1739981389841663263,1739981389842222696
12355,1739981389842036518,1739981389843183393
12356,1739981389842398216,1739981389843613965
12357,1739981389843421364,1739981389843951166
12358,1739981389843804275,1739981389844461862
12359,1739981389844160182,1739981389844974439
12360,1739981389844644447,1739981389845745867
12361,1739981389845239526,1739981389846244307
12362,1739981389845997951,1739981389846579088
12363,1739981389846481814,1739981389846888439
12364,1739981389846777968,1739981389847927186
12365,1739981389847082103,1739981389848302492
12366,1739981389848227278,1739981389848665862
12367,1739981389848455582,1739981389849071257
12368,1739981389848877822,1739981389850034878
12369,1739981389849212497,1739981389850364098
12370,1739981389850256689,1739981389850696555
12371,1739981389850580685,1739981389851066822
12372,1739981389850889465,1739981389852101973
12373,1739981389851221966,1739981389852584935
12374,1739981389852334997,1739981389853049790
12375,1739981389852784382,1739981389853882195
12376,1739981389853243027,1739981389854530341
12377,1739981389854269093,1739981389854991501
12378,1739981389854748088,1739981389855743784
12379,1739981389855173125,1739981389856429103
12380,1739981389855988730,1739981389856784903
12381,1739981389856669993,1739981389857458191
12382,1739981389857017878,1739981389858085307
12383,1739981389857668855,1739981389858562272
12384,1739981389858311230,1739981389858917980
12385,1739981389858775248,1739981389859492493
12386,1739981389859154894,1739981389860471058
12387,1739981389859811055,1739981389860877281
12388,1739981389860743175,1739981389861276945
12389,1739981389861087057,1739981389862035382
12390,1739981389861470130,1739981389863000269
12391,1739981389862283352,1739981389863421158
12392,1739981389863252731,1739981389863774384
12393,1739981389863652885,1739981389864273131
12394,1739981389863996709,1739981389865210085
12395,1739981389864594960,1739981389865681301
12396,1739981389865430877,1739981389866027117
12397,1739981389865905779,1739981389866837553
12398,1739981389866196560,1739981389867447662
12399,1739981389867190430,1739981389867852440
12400,1739981389867638219,1739981389868997526
12401,1739981389868056939,1739981389869460642
12402,1739981389869253590,1739981389869813329
12403,1739981389869694290,1739981389870169078
12404,1739981389870014084,1739981389871286049
12405,1739981389870383000,1739981389871616604
12406,1739981389871523481,1739981389871960026
12407,1739981389871835611,1739981389872291488
12408,1739981389872178031,1739981389873255166
12409,1739981389872482461,1739981389873716610
12410,1739981389873595186,1739981389874113870
12411,1739981389873932274,1739981389874507033
12412,1739981389874383957,1739981389875300767
12413,1739981389874692457,1739981389876176138
12414,1739981389875543929,1739981389876572861
12415,1739981389876351293,1739981389876969120
12416,1739981389876744840,1739981389877811807
12417,1739981389877176203,1739981389878382908
12418,1739981389878161707,1739981389878799820
12419,1739981389878586831,1739981389879625043
12420,1739981389879013315,1739981389880205479
12421,1739981389879975480,1739981389880616396
12422,1739981389880480689,1739981389881483412
12423,1739981389880832732,1739981389882058709
12424,1739981389881923572,1739981389882377891
12425,1739981389882220393,1739981389882711324
12426,1739981389882593959,1739981389883795082
12427,1739981389882921911,1739981389884149831
12428,1739981389884032859,1739981389884529634
12429,1739981389884411164,1739981389884915614
12430,1739981389884731920,1739981389886124219
12431,1739981389885098590,1739981389886589031
12432,1739981389886426344,1739981389887082699
12433,1739981389886819273,1739981389888086053
12434,1739981389887284530,1739981389888598693
12435,1739981389888346154,1739981389888986293
12436,1739981389888793660,1739981389889952026
12437,1739981389889206627,1739981389890464967
12438,1739981389890243304,1739981389890863976
12439,1739981389890691752,1739981389891654185
12440,1739981389891067267,1739981389892471788
12441,1739981389891821242,1739981389892880944
12442,1739981389892675212,1739981389893303291
12443,1739981389893074462,1739981389893636548
12444,1739981389893491300,1739981389894676386
12445,1739981389893818014,1739981389895089794
12446,1739981389894982789,1739981389895488460
12447,1739981389895271907,1739981389895903474
12448,1739981389895739042,1739981389896526568
12449,1739981389896121449,1739981389897087992
12450,1739981389896752410,1739981389897588184
12451,1739981389897277228,1739981389898526947
12452,1739981389897772864,1739981389899088399
12453,1739981389898864336,1739981389899498305
12454,1739981389899329663,1739981389900285488
12455,1739981389899685000,1739981389900822388
12456,1739981389900490873,1739981389901310790
12457,1739981389901188250,1739981389901650060
12458,1739981389901552016,1739981389902160498
12459,1739981389901867472,1739981389903089205
12460,1739981389902368959,1739981389903653371
12461,1739981389903336497,1739981389904201765
12462,1739981389903870342,1739981389904658864
12463,1739981389904356314,1739981389905736062
12464,1739981389905112039,1739981389906188049
12465,1739981389905944828,1739981389906735931
12466,1739981389906392641,1739981389907666592
12467,1739981389906964036,1739981389908274570
12468,1739981389908076994,1739981389908774686
12469,1739981389908522833,1739981389909499431
12470,1739981389909012419,1739981389909946199
12471,1739981389909744219,1739981389910432035
12472,1739981389910269555,1739981389910785281
12473,1739981389910672958,1739981389911091265
12474,1739981389910970129,1739981389912200992
12475,1739981389911269985,1739981389912552058
12476,1739981389912455532,1739981389912921009
12477,1739981389912692699,1739981389913636902
12478,1739981389913130587,1739981389914481224
12479,1739981389913786612,1739981389914907253
12480,1739981389914755500,1739981389915411624
12481,1739981389915108620,1739981389915760902
12482,1739981389915607061,1739981389916644138
12483,1739981389915942620,1739981389917150196
12484,1739981389916974679,1739981389917606804
12485,1739981389917377298,1739981389917958411
12486,1739981389917805004,1739981389919006609
12487,1739981389918157100,1739981389919508276
12488,1739981389919271646,1739981389919936760
12489,1739981389919726370,1739981389920980448
12490,1739981389920386053,1739981389921431079
12491,1739981389921198347,1739981389921749485
12492,1739981389921652310,1739981389922085111
12493,1739981389921930304,1739981389923186049
12494,1739981389922267184,1739981389923525301
12495,1739981389923417094,1739981389923861081
12496,1739981389923706354,1739981389924874150
12497,1739981389924044495,1739981389925349922
12498,1739981389925152789,1739981389925796133
12499,1739981389925584683,1739981389926154373
12500,1739981389926014150,1739981389927316549
12501,1739981389926368156,1739981389927714713
12502,1739981389927590870,1739981389928065787
12503,1739981389927916215,1739981389928747885
12504,1739981389928193131,1739981389929437954
12505,1739981389928956338,1739981389929860122
12506,1739981389929651904,1739981389930334339
12507,1739981389930071557,1739981389931094910
12508,1739981389930541235,1739981389931914785
12509,1739981389931367691,1739981389932462374
12510,1739981389932122833,1739981389933448145
12511,1739981389932655212,1739981389934001305
12512,1739981389933790016,1739981389934693096
12513,1739981389934263904,1739981389935029064
12514,1739981389934866786,1739981389936172013
12515,1739981389935204532,1739981389936631987
12516,1739981389936445404,1739981389936999089
12517,1739981389936824483,1739981389937586475
12518,1739981389937197150,1739981389938417686
12519,1739981389937854387,1739981389938801359
12520,1739981389938652468,1739981389939138457
12521,1739981389938980588,1739981389939845110
12522,1739981389939326235,1739981389940674162
12523,1739981389940040945,1739981389941037652
12524,1739981389940926703,1739981389941457301
12525,1739981389941210696,1739981389942310753
12526,1739981389941633840,1739981389942800713
12527,1739981389942619966,1739981389943144806
12528,1739981389943053635,1739981389943812138
12529,1739981389943361746,1739981389944711474
12530,1739981389944004427,1739981389945238826
12531,1739981389944983129,1739981389945695879
12532,1739981389945467348,1739981389946549821
12533,1739981389945904932,1739981389947088997
12534,1739981389946860002,1739981389948238864
12535,1739981389947618215,1739981389948617925
12536,1739981389948535294,1739981389949035110
12537,1739981389948768632,1739981389949675786
12538,1739981389949227266,1739981389950373249
12539,1739981389949896554,1739981389950741856
12540,1739981389950604848,1739981389951192916
12541,1739981389950954433,1739981389951493769
12542,1739981389951397347,1739981389952304123
12543,1739981389951681977,1739981389952783281
12544,1739981389952596656,1739981389953285094
12545,1739981389952977801,1739981389953708540
12546,1739981389953468789,1739981389954747992
12547,1739981389953988318,1739981389955286409
12548,1739981389955022560,1739981389955779292
12549,1739981389955520715,1739981389956910158
12550,1739981389955978573,1739981389957300544
12551,1739981389957168907,1739981389957710284
12552,1739981389957538162,1739981389958423502
12553,1739981389957910281,1739981389959092690
12554,1739981389958648488,1739981389959669343
12555,1739981389959381804,1739981389960072913
12556,1739981389959860823,1739981389960916451
12557,1739981389960273504,1739981389961698508
12558,1739981389961172776,1739981389962100322
12559,1739981389961975693,1739981389962775532
12560,1739981389962320584,1739981389963500196
12561,1739981389963050794,1739981389963872449
12562,1739981389963742646,1739981389964187607
12563,1739981389964133568,1739981389964696691
12564,1739981389964401123,1739981389965417452
12565,1739981389964892354,1739981389966087634
12566,1739981389965630881,1739981389966442781
12567,1739981389966304097,1739981389966861538
12568,1739981389966661911,1739981389967218235
12569,1739981389967065227,1739981389968044025
12570,1739981389967454642,1739981389968491697
12571,1739981389968374933,1739981389968995233
12572,1739981389968712351,1739981389969836130
12573,1739981389969190118,1739981389970334023
12574,1739981389970176682,1739981389970725806
12575,1739981389970534586,1739981389971670082
12576,1739981389970930102,1739981389972355012
12577,1739981389972020422,1739981389972906523
12578,1739981389972551767,1739981389974106679
12579,1739981389973153798,1739981389974665911
12580,1739981389974367917,1739981389975152055
12581,1739981389974874240,1739981389975984792
12582,1739981389975318041,1739981389976574973
12583,1739981389976273554,1739981389977162743
12584,1739981389976746377,1739981389977960688
12585,1739981389977390143,1739981389978644199
12586,1739981389978167352,1739981389979121289
12587,1739981389978872901,1739981389979444039
12588,1739981389979320276,1739981389980200187
12589,1739981389979645187,1739981389980801534
12590,1739981389980517190,1739981389981193323
12591,1739981389981018473,1739981389981976572
12592,1739981389981350118,1739981389982808613
12593,1739981389982187323,1739981389983190148
12594,1739981389983008136,1739981389983564351
12595,1739981389983406059,1739981389984652881
12596,1739981389983750232,1739981389985039817
12597,1739981389984896617,1739981389985393902
12598,1739981389985206857,1739981389986107340
12599,1739981389985651787,1739981389986942321
12600,1739981389986336773,1739981389987433104
12601,1739981389987145071,1739981389987871676
12602,1739981389987670422,1739981389989004187
12603,1739981389988249739,1739981389989548829
12604,1739981389989255826,1739981389989982551
12605,1739981389989789505,1739981389990813028
12606,1739981389990248637,1739981389991524546
12607,1739981389991102506,1739981389991960045
12608,1739981389991776143,1739981389992862558
12609,1739981389992147316,1739981389993428391
12610,1739981389993190688,1739981389993784400
12611,1739981389993728451,1739981389994667626
12612,1739981389993955973,1739981389995394809
12613,1739981389994905459,1739981389995757298
12614,1739981389995639880,1739981389996104059
12615,1739981389995965789,1739981389996553000
12616,1739981389996306450,1739981389997398579
12617,1739981389996744001,1739981389997899630
12618,1739981389997710424,1739981389998304023
12619,1739981389998108618,1739981389999229510
12620,1739981389998510921,1739981389999732403
12621,1739981389999561240,1739981390000127206
12622,1739981389999954866,1739981390000702628
12623,1739981390000339271,1739981390001613124
12624,1739981390000927657,1739981390002104075
12625,1739981390001851157,1739981390002537388
12626,1739981390002338638,1739981390003523916
12627,1739981390002777012,1739981390004039303
12628,1739981390003817527,1739981390004652356
12629,1739981390004260484,1739981390005095061
12630,1739981390004903347,1739981390006045048
12631,1739981390005286332,1739981390006543831
12632,1739981390006375694,1739981390006919438
12633,1739981390006834765,1739981390007322832
12634,1739981390007069555,1739981390008124933
12635,1739981390007505495,1739981390008580375
12636,1739981390008436447,1739981390009018007
12637,1739981390008763164,1739981390009715305
12638,1739981390009201967,1739981390010521432
12639,1739981390010001945,1739981390010893115
12640,1739981390010740326,1739981390011251722
12641,1739981390011087544,1739981390011623169
12642,1739981390011465904,1739981390012447718
12643,1739981390011933705,1739981390013172204
12644,1739981390013022398,1739981390013666710
12645,1739981390013387958,1739981390014145355
12646,1739981390013874200,1739981390014567209
12647,1739981390014369074,1739981390015665992
12648,1739981390014772864,1739981390016028141
12649,1739981390015891467,1739981390016350972
12650,1739981390016222824,1739981390017269147
12651,1739981390016537988,1739981390017767626
12652,1739981390017652529,1739981390018151465
12653,1739981390018038594,1739981390019195464
12654,1739981390018414268,1739981390019591466
12655,1739981390019462740,1739981390019930087
12656,1739981390019817336,1739981390020360878
12657,1739981390020120849,1739981390021277526
12658,1739981390020593084,1739981390021759071
12659,1739981390021650201,1739981390022203973
12660,1739981390021970623,1739981390022569356
12661,1739981390022414546,1739981390023341502
12662,1739981390022881062,1739981390023858896
12663,1739981390023691142,1739981390024481071
12664,1739981390024067377,1739981390024849913
12665,1739981390024692127,1739981390025494970
12666,1739981390025051164,1739981390026271269
12667,1739981390025799836,1739981390026741261
12668,1739981390026472817,1739981390027193446
12669,1739981390026926341,1739981390027830875
12670,1739981390027389952,1739981390028594856
12671,1739981390027948058,1739981390029067855
12672,1739981390028843532,1739981390029428731
12673,1739981390029279029,1739981390030289575
12674,1739981390029607694,1739981390030771725
12675,1739981390030491121,1739981390031207677
12676,1739981390031076251,1739981390031597782
12677,1739981390031428469,1739981390032007199
12678,1739981390031817706,1739981390032371602
12679,1739981390032206505,1739981390033113783
12680,1739981390032567907,1739981390033553744
12681,1739981390033450475,1739981390034108760
12682,1739981390033709108,1739981390034526408
12683,1739981390034366564,1739981390035397907
12684,1739981390034705450,1739981390035926415
12685,1739981390035801735,1739981390036399011
12686,1739981390036150086,1739981390036954909
12687,1739981390036600904,1739981390037773194
12688,1739981390037146941,1739981390038185824
12689,1739981390038039617,1739981390038621699
12690,1739981390038398492,1739981390039173881
12691,1739981390038813628,1739981390039973199
12692,1739981390039398016,1739981390040451208
12693,1739981390040215707,1739981390040899940
12694,1739981390040704789,1739981390041778559
12695,1739981390041097715,1739981390042309051
12696,1739981390042138817,1739981390042617559
12697,1739981390042523556,1739981390043094506
12698,1739981390042828176,1739981390043847719
12699,1739981390043357258,1739981390044309334
12700,1739981390044070488,1739981390044679884
12701,1739981390044497254,1739981390045071081
12702,1739981390044895814,1739981390046197741
12703,1739981390045227502,1739981390046633374
12704,1739981390046445647,1739981390047114702
12705,1739981390046837902,1739981390047950577
12706,1739981390047297706,1739981390048543147
12707,1739981390048317016,1739981390048910371
12708,1739981390048744344,1739981390049270233
12709,1739981390049134967,1739981390050305815
12710,1739981390049508127,1739981390050854109
12711,1739981390050531340,1739981390051277502
12712,1739981390051031835,1739981390052040898
12713,1739981390051473418,1739981390052746916
12714,1739981390052221157,1739981390053149175
12715,1739981390052947752,1739981390054162572
12716,1739981390053347075,1739981390054585522
12717,1739981390054327956,1739981390054917069
12718,1739981390054849218,1739981390055274107
12719,1739981390055063296,1739981390056321112
12720,1739981390055462663,1739981390056683074
12721,1739981390056541371,1739981390057041063
12722,1739981390056889824,1739981390057416927
12723,1739981390057200555,1739981390058532073
12724,1739981390057626047,1739981390058998606
12725,1739981390058870415,1739981390059396420
12726,1739981390059191602,1739981390059838672
12727,1739981390059648990,1739981390060722357
12728,1739981390060070221,1739981390061128896
12729,1739981390060989536,1739981390061558960
12730,1739981390061355094,1739981390062025055
12731,1739981390061762897,1739981390062876955
12732,1739981390062230218,1739981390063390533
12733,1739981390063250205,1739981390063915531
12734,1739981390063600520,1739981390064415438
12735,1739981390064099339,1739981390065255915
12736,1739981390064605476,1739981390066156455
12737,1739981390065899894,1739981390066513788
12738,1739981390066386721,1739981390067162509
12739,1739981390066703810,1739981390067980544
12740,1739981390067509464,1739981390068361448
12741,1739981390068230072,1739981390069200190
12742,1739981390068551348,1739981390070018588
12743,1739981390069390224,1739981390070364701
12744,1739981390070217803,1739981390070783341
12745,1739981390070563010,1739981390071097252
12746,1739981390070988201,1739981390072085843
12747,1739981390071268684,1739981390072522131
12748,1739981390072307786,1739981390072929300
12749,1739981390072722730,1739981390073308682
12750,1739981390073095569,1739981390074152373
12751,1739981390073499998,1739981390074894204
12752,1739981390074452415,1739981390075253284
12753,1739981390075100634,1739981390076191317
12754,1739981390075462282,1739981390076816508
12755,1739981390076563511,1739981390077192621
12756,1739981390077010241,1739981390078070463
12757,1739981390077356240,1739981390078601341
12758,1739981390078411102,1739981390078934268
12759,1739981390078844716,1739981390079802686
12760,1739981390079084841,1739981390080438505
12761,1739981390080189130,1739981390080793094
12762,1739981390080707830,1739981390081139909
12763,1739981390080990561,1739981390082250098
12764,1739981390081376969,1739981390082729129
12765,1739981390082553487,1739981390083194524
12766,1739981390082934736,1739981390083662389
12767,1739981390083385173,1739981390084684382
12768,1739981390083916611,1739981390085179931
12769,1739981390084999854,1739981390085687004
12770,1739981390085351502,1739981390086827812
12771,1739981390085876069,1739981390087328147
12772,1739981390087087865,1739981390087801470
12773,1739981390087576763,1739981390088738467
12774,1739981390088069416,1739981390089319004
12775,1739981390089114154,1739981390089752987
12776,1739981390089590391,1739981390090593932
12777,1739981390089989984,1739981390091070742
12778,1739981390090855853,1739981390091556676
12779,1739981390091414795,1739981390091983812
12780,1739981390091770814,1739981390092367929
12781,1739981390092193821,1739981390092792902
12782,1739981390092584395,1739981390093956876
12783,1739981390093037218,1739981390094700271
12784,1739981390094280398,1739981390095277290
12785,1739981390094921361,1739981390095692153
12786,1739981390095514703,1739981390096673584
12787,1739981390095954042,1739981390097268685
12788,1739981390097040587,1739981390097717424
12789,1739981390097547571,1739981390098842294
12790,1739981390097969369,1739981390099403767
12791,1739981390099159904,1739981390099841639
12792,1739981390099685551,1739981390100638899
12793,1739981390100034848,1739981390101499783
12794,1739981390100934922,1739981390101958071
12795,1739981390101766923,1739981390102335144
12796,1739981390102164078,1739981390103179927
12797,1739981390102517235,1739981390103858286
12798,1739981390103426302,1739981390104362686
12799,1739981390104093577,1739981390104804733
12800,1739981390104589780,1739981390105127749
12801,1739981390105016704,1739981390105456242
12802,1739981390105329672,1739981390106359769
12803,1739981390105648324,1739981390106925112
12804,1739981390106712256,1739981390107294497
12805,1739981390107199663,1739981390108108396
12806,1739981390107504739,1739981390108733007
12807,1739981390108313471,1739981390109090720
12808,1739981390108934611,1739981390109486243
12809,1739981390109357916,1739981390110373133
12810,1739981390109710136,1739981390110914428
12811,1739981390110648512,1739981390111320001
12812,1739981390111152177,1739981390112286402
12813,1739981390111506509,1739981390112894866
12814,1739981390112586543,1739981390113377708
12815,1739981390113103814,1739981390114459937
12816,1739981390113581336,1739981390114911441
12817,1739981390114676518,1739981390115254149
12818,1739981390115103551,1739981390115752890
12819,1739981390115473094,1739981390116599545
12820,1739981390116007178,1739981390117038918
12821,1739981390116992310,1739981390117467742
12822,1739981390117279577,1739981390118337811
12823,1739981390117665478,1739981390118998860
12824,1739981390118608966,1739981390119451125
12825,1739981390119293383,1739981390119791527
12826,1739981390119721387,1739981390120903170
12827,1739981390119922177,1739981390121428395
12828,1739981390121164226,1739981390121858250
12829,1739981390121669528,1739981390122222569
12830,1739981390122069845,1739981390123294074
12831,1739981390122410419,1739981390123741298
12832,1739981390123547772,1739981390124342279
12833,1739981390123962092,1739981390124810845
12834,1739981390124567910,1739981390125644977
12835,1739981390125017712,1739981390126557180
12836,1739981390125847308,1739981390127018755
12837,1739981390126787047,1739981390127416421
12838,1739981390127227723,1739981390128297101
12839,1739981390127644128,1739981390128826170
12840,1739981390128668383,1739981390129161090
12841,1739981390129042520,1739981390129536756
12842,1739981390129269795,1739981390130364835
12843,1739981390129760997,1739981390130855716
12844,1739981390130702441,1739981390131514667
12845,1739981390131043955,1739981390132452334
12846,1739981390131740887,1739981390133067765
12847,1739981390132795706,1739981390133482692
12848,1739981390133311758,1739981390133946115
12849,1739981390133707700,1739981390134734789
12850,1739981390134222058,1739981390135513212
12851,1739981390134915499,1739981390135983897
12852,1739981390135757237,1739981390136366552
12853,1739981390136231713,1739981390136815846
12854,1739981390136596650,1739981390137695752
12855,1739981390137018888,1739981390138408946
12856,1739981390138064938,1739981390138942333
12857,1739981390138641173,1739981390140150384
12858,1739981390139136809,1739981390140618570
12859,1739981390140384482,1739981390141051876
12860,1739981390140816377,1739981390142176686
12861,1739981390141233050,1739981390142663410
12862,1739981390142426504,1739981390143023604
12863,1739981390142872925,1739981390143854328
12864,1739981390143213824,1739981390144548510
12865,1739981390144232781,1739981390144937750
12866,1739981390144796608,1739981390145265371
12867,1739981390145161669,1739981390146327422
12868,1739981390145447346,1739981390146733562
12869,1739981390146581284,1739981390147113706
12870,1739981390146930683,1739981390147614003
12871,1739981390147308376,1739981390148338738
12872,1739981390147783981,1739981390148909515
12873,1739981390148718364,1739981390149323774
12874,1739981390149108567,1739981390150141103
12875,1739981390149538329,1739981390150945655
12876,1739981390150711995,1739981390151473855
12877,1739981390151226978,1739981390152360765
12878,1739981390151702072,1739981390152998608
12879,1739981390152687759,1739981390153868563
12880,1739981390153208947,1739981390154516466
12881,1739981390154182254,1739981390154993576
12882,1739981390154734582,1739981390156168558
12883,1739981390155185798,1739981390156621541
12884,1739981390156454741,1739981390157055973
12885,1739981390156827585,1739981390157923411
12886,1739981390157234162,1739981390158765366
12887,1739981390158175710,1739981390159195513
12888,1739981390159044732,1739981390159612462
12889,1739981390159392956,1739981390159918305
12890,1739981390159797819,1739981390160637684
12891,1739981390160134900,1739981390161494717
12892,1739981390160931173,1739981390161858715
12893,1739981390161781900,1739981390162285955
12894,1739981390162022221,1739981390162788088
12895,1739981390162507846,1739981390163621264
12896,1739981390163015612,1739981390164156996
12897,1739981390163981775,1739981390164684282
12898,1739981390164300860,1739981390165131480
12899,1739981390164921189,1739981390166014619
12900,1739981390165354026,1739981390166495903
12901,1739981390166378877,1739981390166913217
12902,1739981390166740502,1739981390167730051
12903,1739981390167162603,1739981390168528985
12904,1739981390167918417,1739981390168959395
12905,1739981390168748619,1739981390169389305
12906,1739981390169160433,1739981390170612276
12907,1739981390169605759,1739981390171064669
12908,1739981390170854653,1739981390171558054
12909,1739981390171315852,1739981390172452553
12910,1739981390171790494,1739981390172925898
12911,1739981390172841022,1739981390173249045
12912,1739981390173081133,1739981390173689683
12913,1739981390173457433,1739981390174595705
12914,1739981390173873621,1739981390175242340
12915,1739981390174887979,1739981390175707205
12916,1739981390175539197,1739981390176168423
12917,1739981390175958842,1739981390176981341
12918,1739981390176399942,1739981390177760834
12919,1739981390177224224,1739981390178235415
12920,1739981390178017769,1739981390179104296
12921,1739981390178443406,1739981390179884374
12922,1739981390179268824,1739981390180401996
12923,1739981390180131915,1739981390180833688
12924,1739981390180670949,1739981390181986341
12925,1739981390181073123,1739981390182562043
12926,1739981390182294457,1739981390183088356
12927,1739981390182819495,1739981390184328218
12928,1739981390183294282,1739981390184796385
12929,1739981390184606011,1739981390185239938
12930,1739981390185034708,1739981390186143025
12931,1739981390185427834,1739981390186717050
12932,1739981390186488190,1739981390187128508
12933,1739981390186919074,1739981390188194578
12934,1739981390187262602,1739981390188552959
12935,1739981390188401579,1739981390188907196
12936,1739981390188769055,1739981390189305309
12937,1739981390189121852,1739981390189957695
12938,1739981390189501543,1739981390190744570
12939,1739981390190144261,1739981390191144569
12940,1739981390191031050,1739981390191644168
12941,1739981390191303856,1739981390191983864
12942,1739981390191869653,1739981390193035735
12943,1739981390192176906,1739981390193435672
12944,1739981390193273394,1739981390193844667
12945,1739981390193635788,1739981390194372586
12946,1739981390194054758,1739981390195064605
12947,1739981390194568251,1739981390195825645
12948,1739981390195228940,1739981390196288381
12949,1739981390196066487,1739981390196767860
12950,1739981390196531382,1739981390197483972
12951,1739981390196994311,1739981390198159824
12952,1739981390197733362,1739981390198567985
12953,1739981390198383703,1739981390199818875
12954,1739981390198766777,1739981390200261699
12955,1739981390200062202,1739981390200632277
12956,1739981390200511269,1739981390201542171
12957,1739981390200849924,1739981390201978556
12958,1739981390201846727,1739981390202390272
12959,1739981390202232158,1739981390202808962
12960,1739981390202592049,1739981390203669643
12961,1739981390202998744,1739981390204291971
12962,1739981390204060583,1739981390204769997
12963,1739981390204528578,1739981390205225304
12964,1739981390204965729,1739981390206007678
12965,1739981390205457715,1739981390206564082
12966,1739981390206342595,1739981390207026828
12967,1739981390206823950,1739981390207776120
12968,1739981390207267355,1739981390208425913
12969,1739981390208057960,1739981390208829302
12970,1739981390208620049,1739981390209511978
12971,1739981390208994928,1739981390210306149
12972,1739981390209744904,1739981390210771810
12973,1739981390210541338,1739981390211126218
12974,1739981390211006596,1739981390211672686
12975,1739981390211326600,1739981390212599755
12976,1739981390211887607,1739981390213061802
12977,1739981390212835821,1739981390213380283
12978,1739981390213243683,1739981390214020227
12979,1739981390213584582,1739981390214877046
12980,1739981390214257164,1739981390215267327
12981,1739981390215146137,1739981390215664573
12982,1739981390215472054,1739981390216016063
12983,1739981390215914993,1739981390216858296
12984,1739981390216129053,1739981390217701199
12985,1739981390217198826,1739981390218164948
12986,1739981390217909826,1739981390218979957
12987,1739981390218346677,1739981390219621920
12988,1739981390219336836,1739981390220122492
12989,1739981390219884238,1739981390221281649
12990,1739981390220353528,1739981390221834837
12991,1739981390221593474,1739981390222277003
12992,1739981390222111455,1739981390223187621
12993,1739981390222507996,1739981390223787526
12994,1739981390223516659,1739981390224280293
12995,1739981390224003946,1739981390224834888
12996,1739981390224574239,1739981390226055189
12997,1739981390225031630,1739981390226504466
12998,1739981390226308953,1739981390227064229
12999,1739981390226754491,1739981390228285638
13000,1739981390227215804,1739981390228720387
13001,1739981390228528203,1739981390229149191
13002,1739981390228928883,1739981390230266664
13003,1739981390229348510,1739981390230714744
13004,1739981390230517492,1739981390231098721
13005,1739981390230931198,1739981390231496992
13006,1739981390231334880,1739981390232164338
13007,1739981390231745108,1739981390232594097
13008,1739981390232359282,1739981390233075863
13009,1739981390232853697,1739981390233560086
13010,1739981390233298399,1739981390234390704
13011,1739981390233779006,1739981390235275882
13012,1739981390234683297,1739981390235673759
13013,1739981390235515201,1739981390236068482
13014,1739981390235874044,1739981390236459724
13015,1739981390236223628,1739981390237614628
13016,1739981390236646422,1739981390238061033
13017,1739981390237863106,1739981390238432827
13018,1739981390238246929,1739981390239344870
13019,1739981390238649700,1739981390239892600
13020,1739981390239698531,1739981390240298847
13021,1739981390240137086,1739981390241060248
13022,1739981390240515198,1739981390241702925
13023,1739981390241302230,1739981390242068855
13024,1739981390241971347,1739981390242537843
13025,1739981390242240667,1739981390243445620
13026,1739981390242755637,1739981390243920525
13027,1739981390243792505,1739981390244462312
13028,1739981390244134979,1739981390244939472
13029,1739981390244682629,1739981390245625774
13030,1739981390245141620,1739981390246380149
13031,1739981390245840962,1739981390246903878
13032,1739981390246618017,1739981390247341969
13033,1739981390247101290,1739981390248532047
13034,1739981390247566176,1739981390248963232
13035,1739981390248744014,1739981390249366397
13036,1739981390249148533,1739981390249911367
13037,1739981390249599393,1739981390250819088
13038,1739981390250273498,1739981390251262817
13039,1739981390251072293,1739981390251823578
13040,1739981390251492023,1739981390252740725
13041,1739981390252026568,1739981390253272129
13042,1739981390253081796,1739981390253683346
13043,1739981390253496510,1739981390254815936
13044,1739981390253952496,1739981390255318283
13045,1739981390255133374,1739981390255704964
13046,1739981390255527033,1739981390256103234
13047,1739981390255916918,1739981390256999072
13048,1739981390256329519,1739981390257469872
13049,1739981390257332188,1739981390257955028
13050,1739981390257672536,1739981390258347864
13051,1739981390258160275,1739981390259466327
13052,1739981390258549100,1739981390259914893
13053,1739981390259728786,1739981390260462606
13054,1739981390260156286,1739981390260867766
13055,1739981390260694035,1739981390261971647
13056,1739981390261073031,1739981390262359236
13057,1739981390262239074,1739981390262824786
13058,1739981390262563183,1739981390263924414
13059,1739981390263026883,1739981390264415136
13060,1739981390264193261,1739981390264901713
13061,1739981390264664923,1739981390266251040
13062,1739981390265091798,1739981390266731497
13063,1739981390266504525,1739981390267183119
13064,1739981390266936769,1739981390268083483
13065,1739981390267357602,1739981390268579636
13066,1739981390268413901,1739981390268953672
13067,1739981390268840363,1739981390269914011
13068,1739981390269185700,1739981390270427653
13069,1739981390270194860,1739981390270848871
13070,1739981390270668753,1739981390271793471
13071,1739981390271064271,1739981390272297070
13072,1739981390272155758,1739981390272772317
13073,1739981390272533616,1739981390273113682
13074,1739981390272987332,1739981390274357852
13075,1739981390273295402,1739981390274763484
13076,1739981390274646523,1739981390275170202
13077,1739981390274970230,1739981390275573071
13078,1739981390275381923,1739981390276474553
13079,1739981390275775304,1739981390277077906
13080,1739981390276873573,1739981390277478571
13081,1739981390277274931,1739981390278322007
13082,1739981390277712341,1739981390278982038
13083,1739981390278720105,1739981390279394295
13084,1739981390279208039,1739981390280288070
13085,1739981390279586742,1739981390280865551
13086,1739981390280636952,1739981390281205499
13087,1739981390281078498,1739981390281885740
13088,1739981390281400514,1739981390282596257
13089,1739981390282201165,1739981390283103087
13090,1739981390282891586,1739981390283418750
13091,1739981390283328129,1739981390283864371
13092,1739981390283668448,1739981390284659518
13093,1739981390284249249,1739981390285293282
13094,1739981390284899926,1739981390285652191
13095,1739981390285502830,1739981390286319792
13096,1739981390285831300,1739981390287065990
13097,1739981390286584497,1739981390287415055
13098,1739981390287254278,1739981390287834968
13099,1739981390287627648,1739981390288282467
13100,1739981390288065994,1739981390289484731
13101,1739981390288482752,1739981390290017586
13102,1739981390289736234,1739981390290613667
13103,1739981390290286795,1739981390291431666
13104,1739981390290900416,1739981390291972151
13105,1739981390291700087,1739981390292313700
13106,1739981390292176875,1739981390293427751
13107,1739981390292516825,1739981390293868679
13108,1739981390293669956,1739981390294314755
13109,1739981390294069131,1739981390294667761
13110,1739981390294504257,1739981390295390386
13111,1739981390294863697,1739981390296086511
13112,1739981390295647907,1739981390296473027
13113,1739981390296339648,1739981390296833019
13114,1739981390296666809,1739981390297329526
13115,1739981390297043721,1739981390298248096
13116,1739981390297532463,1739981390298812674
13117,1739981390298600726,1739981390299181737
13118,1739981390299039425,1739981390300329541
13119,1739981390299408529,1739981390300858812
13120,1739981390300583424,1739981390301344708
13121,1739981390301091822,1739981390302270637
13122,1739981390301576354,1739981390302860547
13123,1739981390302646546,1739981390303260052
13124,1739981390303075590,1739981390304402513
13125,1739981390303467990,1739981390304845452
13126,1739981390304659911,1739981390305251661
13127,1739981390305088159,1739981390305698418
13128,1739981390305482978,1739981390306619156
13129,1739981390305919101,1739981390307153588
13130,1739981390306944984,1739981390308062871
13131,1739981390307364127,1739981390308469320
13132,1739981390308371490,1739981390308779380
13133,1739981390308684558,1739981390309408778
13134,1739981390308966248,1739981390310200433
13135,1739981390309592377,1739981390310574067
13136,1739981390310446930,1739981390311022719
13137,1739981390310823434,1739981390311370245
13138,1739981390311225502,1739981390312405318
13139,1739981390311829266,1739981390312830167
13140,1739981390312666499,1739981390313278698
13141,1739981390313052031,1739981390313868190
13142,1739981390313508967,1739981390314750217
13143,1739981390314212630,1739981390315128390
13144,1739981390315015487,1739981390315485952
13145,1739981390315343775,1739981390316350457
13146,1739981390315685257,1739981390317019448
13147,1739981390316714088,1739981390317575536
13148,1739981390317230450,1739981390318859256
13149,1739981390317879890,1739981390319312604
13150,1739981390319150989,1739981390319718703
13151,1739981390319569428,1739981390320832496
13152,1739981390319901238,1739981390321273004
13153,1739981390321044220,1739981390321639970
13154,1739981390321538742,1739981390322447020
13155,1739981390321840297,1739981390322890797
13156,1739981390322629119,1739981390323370948
13157,1739981390323185075,1739981390323763079
13158,1739981390323548934,1739981390324146978
13159,1739981390323959830,1739981390324530341
13160,1739981390324342124,1739981390325174003
13161,1739981390324728299,1739981390326053803
13162,1739981390325364627,1739981390326380743
13163,1739981390326272745,1739981390326807985
13164,1739981390326612696,1739981390327630892
13165,1739981390327031281,1739981390328451508
13166,1739981390327869063,1739981390328831017
13167,1739981390328666949,1739981390329306662
13168,1739981390329063841,1739981390329994300
13169,1739981390329487376,1739981390330668696
13170,1739981390330322469,1739981390331139285
13171,1739981390330903617,1739981390331987248
13172,1739981390331349556,1739981390332663849
13173,1739981390332136455,1739981390333061297
13174,1739981390332862889,1739981390333519935
13175,1739981390333236008,1739981390334385340
13176,1739981390333706840,1739981390334789129
13177,1739981390334591532,1739981390335141912
13178,1739981390334971246,1739981390335507152
13179,1739981390335325115,1739981390336343039
13180,1739981390335698877,1739981390336906952
13181,1739981390336702041,1739981390337260265
13182,1739981390337124053,1739981390337714412
13183,1739981390337472375,1739981390338525355
13184,1739981390337925359,1739981390339061638
13185,1739981390338907664,1739981390339377813
13186,1739981390339231466,1739981390340080473
13187,1739981390339587599,1739981390340861204
13188,1739981390340599430,1739981390341311302
13189,1739981390341059171,1739981390341812332
13190,1739981390341497774,1739981390342918871
13191,1739981390341993267,1739981390343350474
13192,1739981390343136689,1739981390343706883
13193,1739981390343578183,1739981390344760517
13194,1739981390343963810,1739981390345284687
13195,1739981390345043532,1739981390346054113
13196,1739981390345562455,1739981390346873045
13197,1739981390346354226,1739981390347256079
13198,1739981390347111715,1739981390347647129
13199,1739981390347497281,1739981390348558408
13200,1739981390347866314,1739981390349097117
13201,1739981390348768795,1739981390349440312
13202,1739981390349330058,1739981390350573849
13203,1739981390349651538,1739981390350954904
13204,1739981390350808244,1739981390351423840
13205,1739981390351144904,1739981390352108588
13206,1739981390351614014,1739981390353012734
13207,1739981390352298480,1739981390353445242
13208,1739981390353268303,1739981390353814838
13209,1739981390353688313,1739981390354162347
13210,1739981390354026076,1739981390354889843
13211,1739981390354302319,1739981390355586820
13212,1739981390355165988,1739981390356009036
13213,1739981390355823763,1739981390357143239
13214,1739981390356207190,1739981390357692641
13215,1739981390357361376,1739981390358349271
13216,1739981390357887784,1739981390359140786
13217,1739981390358658426,1739981390359540927
13218,1739981390359382249,1739981390359872770
13219,1739981390359763101,1739981390360172990
13220,1739981390360082893,1739981390361248920
13221,1739981390360301141,1739981390361634970
13222,1739981390361518383,1739981390361959567
13223,1739981390361870278,1739981390362316310
13224,1739981390362180047,1739981390363358532
13225,1739981390362529080,1739981390363791558
13226,1739981390363604807,1739981390364343402
13227,1739981390363996923,1739981390364730207
13228,1739981390364535605,1739981390365469909
13229,1739981390364897731,1739981390366103149
13230,1739981390365670111,1739981390366503585
13231,1739981390366326475,1739981390367260453
13232,1739981390366757419,1739981390367985156
13233,1739981390367568202,1739981390368457411
13234,1739981390368200212,1739981390368938389
13235,1739981390368664414,1739981390369762008
13236,1739981390369131427,1739981390370475112
13237,1739981390369998706,1739981390371002306
13238,1739981390370720919,1739981390371370008
13239,1739981390371229731,1739981390372088262
13240,1739981390371590780,1739981390372896302
13241,1739981390372315646,1739981390373237521
13242,1739981390373114846,1739981390373561416
13243,1739981390373434198,1739981390374595296
13244,1739981390373771137,1739981390375052137
13245,1739981390374779508,1739981390375428898
13246,1739981390375234917,1739981390376263293
13247,1739981390375673758,1739981390376871567
13248,1739981390376695781,1739981390377293454
13249,1739981390377099691,1739981390378056829
13250,1739981390377481592,1739981390378868816
13251,1739981390378326931,1739981390379270066
13252,1739981390379103330,1739981390379672893
13253,1739981390379522377,1739981390380003301
13254,1739981390379857906,1739981390380894359
13255,1739981390380186373,1739981390381604174
13256,1739981390381104590,1739981390381951157
13257,1739981390381862813,1739981390382480718
13258,1739981390382153347,1739981390383228725
13259,1739981390382706020,1739981390384019272
13260,1739981390383529613,1739981390384578253
13261,1739981390384252979,1739981390384923992
13262,1739981390384782640,1739981390385225384
13263,1739981390385106027,1739981390386386554
13264,1739981390385416396,1739981390386789276
13265,1739981390386659004,1739981390387169366
13266,1739981390387042150,1739981390387616070
13267,1739981390387364158,1739981390388590317
13268,1739981390387921239,1739981390389031183
13269,1739981390388827070,1739981390389518449
13270,1739981390389221970,1739981390390366026
13271,1739981390389788708,1739981390391049893
13272,1739981390390611042,1739981390391453955
13273,1739981390391279178,1739981390392426672
13274,1739981390391708856,1739981390393021594
13275,1739981390392736301,1739981390393406004
13276,1739981390393220537,1739981390394606160
13277,1739981390393599632,1739981390395077408
13278,1739981390394854881,1739981390395436639
13279,1739981390395203644,1739981390396382624
13280,1739981390395656823,1739981390396989745
13281,1739981390396758315,1739981390397355340
13282,1739981390397235318,1739981390397720722
13283,1739981390397577895,1739981390398877835
13284,1739981390397950699,1739981390399289428
13285,1739981390399166461,1739981390399775023
13286,1739981390399502293,1739981390400173860
13287,1739981390400079342,1739981390401455033
13288,1739981390400431652,1739981390401848039
13289,1739981390401764667,1739981390402343037
13290,1739981390402035407,1739981390403198132
13291,1739981390402617952,1739981390403793945
13292,1739981390403615017,1739981390404283972
13293,1739981390404016833,1739981390404759048
13294,1739981390404518603,1739981390405678242
13295,1739981390404969564,1739981390406135964
13296,1739981390405956557,1739981390406626365
13297,1739981390406328501,1739981390407529311
13298,1739981390406837661,1739981390408368914
13299,1739981390407771180,1739981390408700895
13300,1739981390408546438,1739981390409483812
13301,1739981390408910569,1739981390410007813
13302,1739981390409950992,1739981390410576483
13303,1739981390410260350,1739981390411095696
13304,1739981390410860055,1739981390411751560
13305,1739981390411348242,1739981390412308619
13306,1739981390412161180,1739981390412738716
13307,1739981390412544777,1739981390413159641
13308,1739981390412982091,1739981390414181685
13309,1739981390413352498,1739981390414735309
13310,1739981390414531526,1739981390415120867
13311,1739981390414921190,1739981390415462815
13312,1739981390415301582,1739981390416227533
13313,1739981390415637257,1739981390416851145
13314,1739981390416665082,1739981390417261832
13315,1739981390417072306,1739981390418014656
13316,1739981390417453480,1739981390418631869
13317,1739981390418287252,1739981390419218754
13318,1739981390418925618,1739981390419606584
13319,1739981390419400725,1739981390420477766
13320,1739981390419781610,1739981390421085291
13321,1739981390420804808,1739981390421438294
13322,1739981390421342540,1739981390421748019
13323,1739981390421655361,1739981390422853876
13324,1739981390421856059,1739981390423259921
13325,1739981390423100017,1739981390423593291
13326,1739981390423467713,1739981390423936977
13327,1739981390423764681,1739981390425177039
13328,1739981390424130338,1739981390425658921
13329,1739981390425324123,1739981390426178649
13330,1739981390425928700,1739981390426553228
13331,1739981390426339526,1739981390427073354
13332,1739981390426748933,1739981390427587758
13333,1739981390427297321,1739981390428146313
13334,1739981390427766374,1739981390428715664
13335,1739981390428520074,1739981390429100168
13336,1739981390428942469,1739981390429426754
13337,1739981390429305116,1739981390430575787
13338,1739981390429644516,1739981390431028107
13339,1739981390430829803,1739981390431415948
13340,1739981390431225041,1739981390432174504
13341,1739981390431657444,1739981390432894223
13342,1739981390432469963,1739981390433231083
13343,1739981390433110947,1739981390433676786
13344,1739981390433462772,1739981390434108928
13345,1739981390433895375,1739981390434986196
13346,1739981390434345716,1739981390435404773
13347,1739981390435201100,1739981390435923843
13348,1739981390435629568,1739981390436329197
13349,1739981390436193807,1739981390437430146
13350,1739981390436583058,1739981390437849795
13351,1739981390437708533,1739981390438221086
13352,1739981390438046846,1739981390438842534
13353,1739981390438415963,1739981390439596837
13354,1739981390439066761,1739981390439953993
13355,1739981390439841132,1739981390440481426
13356,1739981390440161729,1739981390441389829
13357,1739981390440738311,1739981390441837760
13358,1739981390441663251,1739981390442257946
13359,1739981390442044948,1739981390443387263
13360,1739981390442524314,1739981390443721902
13361,1739981390443617426,1739981390444064494
13362,1739981390443843239,1739981390444507403
13363,1739981390444186118,1739981390444847199
13364,1739981390444690798,1739981390445717398
13365,1739981390445035573,1739981390446309143
13366,1739981390446037408,1739981390446661154
13367,1739981390446536567,1739981390447076922
13368,1739981390446910448,1739981390447860067
13369,1739981390447306505,1739981390448459925
13370,1739981390448026873,1739981390448913775
13371,1739981390448694421,1739981390449292265
13372,1739981390449112309,1739981390449677237
13373,1739981390449510538,1739981390450744541
13374,1739981390449913645,1739981390451130344
13375,1739981390450983634,1739981390451531346
13376,1739981390451339236,1739981390452025740
13377,1739981390451751922,1739981390453074452
13378,1739981390452353300,1739981390453508064
13379,1739981390453338683,1739981390453874052
13380,1739981390453722441,1739981390454343719
13381,1739981390454083989,1739981390454691463
13382,1739981390454591811,1739981390455709250
13383,1739981390454956326,1739981390456096428
13384,1739981390455944644,1739981390456459958
13385,1739981390456324036,1739981390456903607
13386,1739981390456660446,1739981390457706118
13387,1739981390457125233,1739981390458309670
13388,1739981390458024900,1739981390458707730
13389,1739981390458539993,1739981390459410710
13390,1739981390458887388,1739981390460030542
13391,1739981390459638802,1739981390460412538
13392,1739981390460245272,1739981390461266560
13393,1739981390460629928,1739981390461850375
13394,1739981390461628440,1739981390462198787
13395,1739981390462061018,1739981390463115334
13396,1739981390462400188,1739981390463774517
13397,1739981390463507790,1739981390464298349
13398,1739981390464034273,1739981390464654024
13399,1739981390464476064,1739981390465584164
13400,1739981390464835665,1739981390466056791
13401,1739981390465968535,1739981390466425273
13402,1739981390466190589,1739981390466829216
13403,1739981390466646984,1739981390467527442
13404,1739981390467050140,1739981390468122846
13405,1739981390467766241,1739981390468610021
13406,1739981390468353087,1739981390469028676
13407,1739981390468848967,1739981390469865098
13408,1739981390469258432,1739981390470552826
13409,1739981390470262956,1739981390470898707
13410,1739981390470788469,1739981390471762940
13411,1739981390471133812,1739981390472310218
13412,1739981390472070423,1739981390472814043
13413,1739981390472520172,1739981390474018587
13414,1739981390473028412,1739981390474497323
13415,1739981390474257885,1739981390474920024
13416,1739981390474722213,1739981390475813258
13417,1739981390475109606,1739981390476366105
13418,1739981390476127436,1739981390476778058
13419,1739981390476587760,1739981390477758213
13420,1739981390477003539,1739981390478250894
13421,1739981390478081613,1739981390478654652
13422,1739981390478496039,1739981390479110908
13423,1739981390478924223,1739981390479457224
13424,1739981390479308206,1739981390480311745
13425,1739981390479649595,1739981390480971636
13426,1739981390480554030,1739981390481413612
13427,1739981390481207469,1739981390481824525
13428,1739981390481618379,1739981390482581712
13429,1739981390482038261,1739981390483301935
13430,1739981390482799057,1739981390483657992
13431,1739981390483556086,1739981390484053378
13432,1739981390483816533,1739981390484512175
13433,1739981390484300114,1739981390485325796
13434,1739981390484738189,1739981390485940303
13435,1739981390485549742,1739981390486568626
13436,1739981390486295809,1739981390486975075
13437,1739981390486783990,1739981390487858974
13438,1739981390487211701,1739981390488474345
13439,1739981390488220377,1739981390488800314
13440,1739981390488688353,1739981390489587248
13441,1739981390489000019,1739981390490433325
13442,1739981390489793331,1739981390490793605
13443,1739981390490637997,1739981390491109282
13444,1739981390491003152,1739981390491620082
13445,1739981390491218056,1739981390492400982
13446,1739981390491809066,1739981390493067184
13447,1739981390492659833,1739981390493415689
13448,1739981390493226527,1739981390494356313
13449,1739981390493637967,1739981390494865302
13450,1739981390494543648,1739981390495244766
13451,1739981390495075595,1739981390496370762
13452,1739981390495482764,1739981390496842128
13453,1739981390496665432,1739981390497201596
13454,1739981390497072903,1739981390497956686
13455,1739981390497387810,1739981390498963480
13456,1739981390498307141,1739981390499349224
13457,1739981390499199666,1739981390499965386
13458,1739981390499608921,1739981390500800069
13459,1739981390500307411,1739981390501144544
13460,1739981390501056377,1739981390501525529
13461,1739981390501302236,1739981390501956192
13462,1739981390501750868,1739981390502796773
13463,1739981390502185539,1739981390503314354
13464,1739981390503137322,1739981390503763972
13465,1739981390503553201,1739981390504763270
13466,1739981390503999435,1739981390505335446
13467,1739981390505011328,1739981390505713434
13468,1739981390505555846,1739981390506400257
13469,1739981390505923467,1739981390507095857
13470,1739981390506624368,1739981390507464369
13471,1739981390507293816,1739981390507882581
13472,1739981390507677396,1739981390508298201
13473,1739981390508135211,1739981390509206375
13474,1739981390508563689,1739981390509923162
13475,1739981390509450192,1739981390510331711
13476,1739981390510157815,1739981390511179342
13477,1739981390510544197,1739981390512146113
13478,1739981390511360033,1739981390512565742
13479,1739981390512361545,1739981390512939764
13480,1739981390512751836,1739981390513687357
13481,1739981390513109272,1739981390514540089
13482,1739981390513859260,1739981390514945198
13483,1739981390514770977,1739981390515440799
13484,1739981390515202704,1739981390515795673
13485,1739981390515668434,1739981390516138821
13486,1739981390516015025,1739981390517083398
13487,1739981390516473447,1739981390517437033
13488,1739981390517317974,1739981390517865316
13489,1739981390517595590,1739981390518275187
13490,1739981390518096651,1739981390519354280
13491,1739981390518493070,1739981390519794963
13492,1739981390519608617,1739981390520183383
13493,1739981390520058630,1739981390521066032
13494,1739981390520388650,1739981390521761605
13495,1739981390521221978,1739981390522295061
13496,1739981390522017034,1739981390522876237
13497,1739981390522503641,1739981390523843500
13498,1739981390523130273,1739981390524478793
13499,1739981390524182932,1739981390524913705
13500,1739981390524722160,1739981390526137662
13501,1739981390525124142,1739981390526534725
13502,1739981390526393760,1739981390526964600
13503,1739981390526725852,1739981390528034781
13504,1739981390527171118,1739981390528407428
13505,1739981390528283189,1739981390528773807
13506,1739981390528614999,1739981390529177645
13507,1739981390528960029,1739981390529496543
13508,1739981390529361053,1739981390530257248
13509,1739981390529862372,1739981390530761628
13510,1739981390530629312,1739981390531245761
13511,1739981390531009782,1739981390532082408
13512,1739981390531463347,1739981390532622025
13513,1739981390532425777,1739981390533018453
13514,1739981390532850863,1739981390533900847
13515,1739981390533249392,1739981390534600051
13516,1739981390534250763,1739981390534948841
13517,1739981390534803135,1739981390535801508
13518,1739981390535128988,1739981390536330477
13519,1739981390536157860,1739981390536759619
13520,1739981390536524083,1739981390537682732
13521,1739981390536935368,1739981390538210228
13522,1739981390537995315,1739981390538659296
13523,1739981390538435163,1739981390539819540
13524,1739981390538865703,1739981390540196604
13525,1739981390540087097,1739981390540559095
13526,1739981390540417026,1739981390540875430
13527,1739981390540757396,1739981390541221867
13528,1739981390541126072,1739981390542174067
13529,1739981390541434645,1739981390542643172
13530,1739981390542471512,1739981390543037593
13531,1739981390542945755,1739981390543445792
13532,1739981390543239373,1739981390544385068
13533,1739981390543642983,1739981390544986182
13534,1739981390544586464,1739981390545410144
13535,1739981390545251152,1739981390545813828
13536,1739981390545608642,1739981390546531694
13537,1739981390546005134,1739981390547438822
13538,1739981390546725050,1739981390547822692
13539,1739981390547663056,1739981390548166142
13540,1739981390548002722,1739981390549019857
13541,1739981390548388758,1739981390549596645
13542,1739981390549359675,1739981390550058701
13543,1739981390549822576,1739981390551129245
13544,1739981390550233042,1739981390551574039
13545,1739981390551380657,1739981390552085989
13546,1739981390551806757,1739981390552974726
13547,1739981390552283916,1739981390553462619
13548,1739981390553328743,1739981390553861303
13549,1739981390553671674,1739981390554774157
13550,1739981390554049285,1739981390555156778
13551,1739981390555038029,1739981390555662561
13552,1739981390555367704,1739981390556066595
13553,1739981390555881201,1739981390556377917
13554,1739981390556274744,1739981390557052115
13555,1739981390556582105,1739981390557851215
13556,1739981390557254477,1739981390558257788
13557,1739981390558097407,1739981390558704139
13558,1739981390558477073,1739981390559573166
13559,1739981390558897230,1739981390560331421
13560,1739981390559749794,1739981390560695769
13561,1739981390560564304,1739981390561127562
13562,1739981390560883331,1739981390561593725
13563,1739981390561300025,1739981390562513420
13564,1739981390562011073,1739981390563072723
13565,1739981390562867772,1739981390563600719
13566,1739981390563339681,1739981390564751892
13567,1739981390563810724,1739981390565297423
13568,1739981390565056800,1739981390565672273
13569,1739981390565499336,1739981390566340890
13570,1739981390565873396,1739981390567014958
13571,1739981390566607738,1739981390567486476
13572,1739981390567260601,1739981390567847964
13573,1739981390567702533,1739981390568567938
13574,1739981390568048576,1739981390569207995
13575,1739981390568799764,1739981390569745237
13576,1739981390569444568,1739981390570446547
13577,1739981390569956490,1739981390571318258
13578,1739981390570740391,1739981390571784369
13579,1739981390571582360,1739981390572173348
13580,1739981390572020417,1739981390572964740
13581,1739981390572387225,1739981390573674209
13582,1739981390573144183,1739981390574193393
13583,1739981390573907417,1739981390574608568
13584,1739981390574417305,1739981390575485660
13585,1739981390574810218,1739981390576303297
13586,1739981390575810076,1739981390576689689
13587,1739981390576507370,1739981390577024233
13588,1739981390576869586,1739981390577963249
13589,1739981390577215382,1739981390578431118
13590,1739981390578380103,1739981390578770663
13591,1739981390578605466,1739981390579152542
13592,1739981390578955671,1739981390579961942
13593,1739981390579370622,1739981390580582959
13594,1739981390580142807,1739981390581019264
13595,1739981390580813724,1739981390581412103
13596,1739981390581240644,1739981390582263177
13597,1739981390581627291,1739981390582933637
13598,1739981390582472281,1739981390583777700
13599,1739981390583174166,1739981390584481637
13600,1739981390584068239,1739981390584904731
13601,1739981390584726100,1739981390585773607
13602,1739981390585131587,1739981390586388598
13603,1739981390586112116,1739981390586859157
13604,1739981390586615237,1739981390587793676
13605,1739981390587054465,1739981390588329648
13606,1739981390588087311,1739981390588880250
13607,1739981390588528667,1739981390589677167
13608,1739981390589078080,1739981390590280242
13609,1739981390589994696,1739981390590741570
13610,1739981390590530680,1739981390591563339
13611,1739981390590979950,1739981390592031144
13612,1739981390591901296,1739981390592445686
13613,1739981390592220532,1739981390592816832
13614,1739981390592664993,1739981390593567738
13615,1739981390593047520,1739981390594410511
13616,1739981390593802621,1739981390594809398
13617,1739981390594614460,1739981390595228129
13618,1739981390595009881,1739981390595589695
13619,1739981390595450441,1739981390596417223
13620,1739981390595779708,1739981390597043925
13621,1739981390596583355,1739981390597382120
13622,1739981390597255369,1739981390597721571
13623,1739981390597610029,1739981390598493159
13624,1739981390597904635,1739981390599157932
13625,1739981390598726785,1739981390599623218
13626,1739981390599376428,1739981390600464700
13627,1739981390599816952,1739981390601242848
13628,1739981390600721021,1739981390601770789
13629,1739981390601489589,1739981390602111994
13630,1739981390601948395,1739981390602540913
13631,1739981390602316636,1739981390603456786
13632,1739981390602763998,1739981390603931517
13633,1739981390603771267,1739981390604403477
13634,1739981390604133642,1739981390604806922
13635,1739981390604646492,1739981390605126603
13636,1739981390604997462,1739981390605860120
13637,1739981390605310019,1739981390606483080
13638,1739981390606234549,1739981390606831478
13639,1739981390606745746,1739981390607538450
13640,1739981390606945994,1739981390608271915
13641,1739981390607767680,1739981390608742638
13642,1739981390608527536,1739981390609118805
13643,1739981390608970113,1739981390609510639
13644,1739981390609313923,1739981390610244398
13645,1739981390609677054,1739981390610899793
13646,1739981390610619204,1739981390611344628
13647,1739981390611096081,1739981390612078689
13648,1739981390611522818,1739981390613050798
13649,1739981390612311459,1739981390613441320
13650,1739981390613302001,1739981390613968295
13651,1739981390613638037,1739981390614919773
13652,1739981390614170278,1739981390615435456
13653,1739981390615221897,1739981390615854460
13654,1739981390615629070,1739981390616696075
13655,1739981390616088174,1739981390617396498
13656,1739981390616880764,1739981390617875498
13657,1739981390617660055,1739981390618248615
13658,1739981390618098288,1739981390618585313
13659,1739981390618480538,1739981390619148488
13660,1739981390618783010,1739981390619964039
13661,1739981390619318459,1739981390620310902
13662,1739981390620151216,1739981390620719440
13663,1739981390620521157,1739981390621196859
13664,1739981390620947041,1739981390622307041
13665,1739981390621417387,1739981390622734883
13666,1739981390622551631,1739981390623128966
13667,1739981390622936915,1739981390623554562
13668,1739981390623366177,1739981390624943599
13669,1739981390623773916,1739981390625392409
13670,1739981390625204077,1739981390625793280
13671,1739981390625622486,1739981390627000156
13672,1739981390625983730,1739981390627460166
13673,1739981390627267449,1739981390627884132
13674,1739981390627683303,1739981390628688150
13675,1739981390628107699,1739981390629347354
13676,1739981390628889154,1739981390629710108
13677,1739981390629542947,1739981390630191342
13678,1739981390629898480,1739981390630531421
13679,1739981390630401281,1739981390630917905
13680,1739981390630729207,1739981390631921446
13681,1739981390631126085,1739981390632288560
13682,1739981390632183813,1739981390632710821
13683,1739981390632437801,1739981390633460876
13684,1739981390632941619,1739981390634377761
13685,1739981390633710346,1739981390634836012
13686,1739981390634574689,1739981390635194011
13687,1739981390635036449,1739981390636066423
13688,1739981390635397920,1739981390636757552
13689,1739981390636370536,1739981390637235444
13690,1739981390637026093,1739981390638067455
13691,1739981390637421995,1739981390638650591
13692,1739981390638428804,1739981390639081162
13693,1739981390638873625,1739981390639971908
13694,1739981390639240140,1739981390640530289
13695,1739981390640277062,1739981390640889406
13696,1739981390640776060,1739981390641562401
13697,1739981390641077599,1739981390642322605
13698,1739981390641824222,1739981390642665039
13699,1739981390642595758,1739981390642996543
13700,1739981390642799393,1739981390643318582
13701,1739981390643267719,1739981390644620713
13702,1739981390643559127,1739981390645033081
13703,1739981390644857503,1739981390645513258
13704,1739981390645236224,1739981390646166272
13705,1739981390645781319,1739981390647054844
13706,1739981390646514584,1739981390647400667
13707,1739981390647246024,1739981390647828969
13708,1739981390647926967,1739981390648731908
13709,1739981390648197004,1739981390649597099
13710,1739981390649123429,1739981390650041794
13711,1739981390649835344,1739981390650873744
13712,1739981390650230407,1739981390651450398
13713,1739981390651198019,1739981390651871658
13714,1739981390651739149,1739981390652767614
13715,1739981390652059485,1739981390653289621
13716,1739981390653161102,1739981390653615119
13717,1739981390653507811,1739981390653918900
13718,1739981390653814884,1739981390654997235
13719,1739981390654106533,1739981390655648302
13720,1739981390655187464,1739981390655982489
13721,1739981390655866117,1739981390656408190
13722,1739981390656171664,1739981390657140698
13723,1739981390656596401,1739981390657932529
13724,1739981390657375292,1739981390658309563
13725,1739981390658150847,1739981390658753707
13726,1739981390658520424,1739981390659079717
13727,1739981390658967832,1739981390659786794
13728,1739981390659189903,1739981390660450627
13729,1739981390660021458,1739981390660887011
13730,1739981390660713287,1739981390661334812
13731,1739981390661112352,1739981390662348435
13732,1739981390661541075,1739981390662826712
13733,1739981390662631797,1739981390663303459
13734,1739981390663077852,1739981390664170661
13735,1739981390663539062,1739981390664956648
13736,1739981390664463369,1739981390665406462
13737,1739981390665197886,1739981390665775215
13738,1739981390665638023,1739981390666112945
13739,1739981390665991397,1739981390666529980
13740,1739981390666306584,1739981390667296852
13741,1739981390666707001,1739981390667777239
13742,1739981390667643410,1739981390668341658
13743,1739981390668054558,1739981390669075003
13744,1739981390668638317,1739981390669833183
13745,1739981390669291476,1739981390670264412
13746,1739981390670045068,1739981390670643260
13747,1739981390670518211,1739981390671519401
13748,1739981390670863013,1739981390672313159
13749,1739981390672137613,1739981390672778454
13750,1739981390672593436,1739981390673515241
13751,1739981390672998730,1739981390674486546
13752,1739981390673806801,1739981390675017717
13753,1739981390674716591,1739981390675551925
13754,1739981390675224358,1739981390676567566
13755,1739981390675734438,1739981390677095326
13756,1739981390676906621,1739981390677626770
13757,1739981390677332174,1739981390678914337
13758,1739981390677816725,1739981390679288623
13759,1739981390679134207,1739981390679746520
13760,1739981390679513541,1739981390680639078
13761,1739981390679939354,1739981390681101953
13762,1739981390680940239,1739981390681479169
13763,1739981390681372737,1739981390681992402
13764,1739981390681759239,1739981390682824741
13765,1739981390682267235,1739981390683348182
13766,1739981390683215232,1739981390683852124
13767,1739981390683637778,1739981390684392853
13768,1739981390684091185,1739981390684799553
13769,1739981390684613886,1739981390685668296
13770,1739981390684997741,1739981390686208444
13771,1739981390685997411,1739981390686648659
13772,1739981390686449820,1739981390687028190
13773,1739981390686912352,1739981390687963469
13774,1739981390687232421,1739981390688563218
13775,1739981390688296213,1739981390688935132
13776,1739981390688809269,1739981390689721605
13777,1739981390689149993,1739981390690569808
13778,1739981390689934555,1739981390690975036
13779,1739981390690804254,1739981390691361628
13780,1739981390691152903,1739981390691735347
13781,1739981390691562379,1739981390692559531
13782,1739981390691913509,1739981390693008292
13783,1739981390692868429,1739981390693477214
13784,1739981390693237118,1739981390693812255
13785,1739981390693678702,1739981390694901383
13786,1739981390694008455,1739981390695321802
13787,1739981390695180972,1739981390695837288
13788,1739981390695513161,1739981390696235266
13789,1739981390696030643,1739981390697199429
13790,1739981390696605988,1739981390697659056
13791,1739981390697483709,1739981390698147987
13792,1739981390697866838,1739981390699323811
13793,1739981390698296652,1739981390699892526
13794,1739981390699598870,1739981390700416168
13795,1739981390700105853,1739981390701349635
13796,1739981390700603267,1739981390701881177
13797,1739981390701731954,1739981390702297598
13798,1739981390702079566,1739981390703194693
13799,1739981390702514176,1739981390704079892
13800,1739981390703558839,1739981390704566510
13801,1739981390704325495,1739981390705014972
13802,1739981390704812222,1739981390705883675
13803,1739981390705241687,1739981390706445931
13804,1739981390706200074,1739981390706871916
13805,1739981390706670779,1739981390707499222
13806,1739981390707099894,1739981390708154027
13807,1739981390707743903,1739981390708618349
13808,1739981390708390050,1739981390708971464
13809,1739981390708848202,1739981390709338451
13810,1739981390709172597,1739981390710513676
13811,1739981390709528817,1739981390710870417
13812,1739981390710748329,1739981390711317152
13813,1739981390710986650,1739981390712137328
13814,1739981390711522637,1739981390712915200
13815,1739981390712354579,1739981390713403778
13816,1739981390713123788,1739981390713825636
13817,1739981390713613662,1739981390714266720
13818,1739981390713999644,1739981390715001604
13819,1739981390714464324,1739981390715873057
13820,1739981390715258378,1739981390716383753
13821,1739981390716148944,1739981390717295290
13822,1739981390716607376,1739981390718106875
13823,1739981390717498779,1739981390718554582
13824,1739981390718339101,1739981390718968540
13825,1739981390718746783,1739981390720160603
13826,1739981390719238868,1739981390720604875
13827,1739981390720440826,1739981390720976906
13828,1739981390720855607,1739981390721833756
13829,1739981390721191566,1739981390722487521
13830,1739981390722415305,1739981390722835795
13831,1739981390722624708,1739981390723275331
13832,1739981390723098069,1739981390723880010
13833,1739981390723516199,1739981390724788986
13834,1739981390724055514,1739981390725178101
13835,1739981390724999036,1739981390725695897
13836,1739981390725376924,1739981390726111545
13837,1739981390725891470,1739981390727236326
13838,1739981390726295160,1739981390727660140
13839,1739981390727491909,1739981390728022733
13840,1739981390727853335,1739981390728789070
13841,1739981390728215188,1739981390729604593
13842,1739981390729174283,1739981390730081668
13843,1739981390729834027,1739981390730461096
13844,1739981390730286186,1739981390731287257
13845,1739981390730795587,1739981390731849310
13846,1739981390731671493,1739981390732263539
13847,1739981390732042507,1739981390733177410
13848,1739981390732465799,1739981390733660125
13849,1739981390733479774,1739981390734010961
13850,1739981390733852622,1739981390734507184
13851,1739981390734211526,1739981390734961292
13852,1739981390734705552,1739981390735923431
13853,1739981390735187392,1739981390736304678
13854,1739981390736134598,1739981390736780366
13855,1739981390736511210,1739981390737131246
13856,1739981390737025914,1739981390737962493
13857,1739981390737331417,1739981390738459118
13858,1739981390738345818,1739981390738835460
13859,1739981390738668456,1739981390739250657
13860,1739981390739034471,1739981390739991839
13861,1739981390739425985,1739981390740503329
13862,1739981390740376795,1739981390740952836
13863,1739981390740707695,1739981390741634737
13864,1739981390741144274,1739981390742275862
13865,1739981390741897448,1739981390742821419
13866,1739981390742638986,1739981390743280793
13867,1739981390743062356,1739981390744059762
13868,1739981390743549271,1739981390744950657
13869,1739981390744432312,1739981390745374289
13870,1739981390745169951,1739981390746177907
13871,1739981390745578177,1739981390746686642
13872,1739981390746469192,1739981390747188375
13873,1739981390746917114,1739981390747759774
13874,1739981390747394224,1739981390748527136
13875,1739981390747959147,1739981390748875694
13876,1739981390748764862,1739981390749399352
13877,1739981390749074245,1739981390749784743
13878,1739981390749635353,1739981390750850715
13879,1739981390750138008,1739981390751375544
13880,1739981390751093973,1739981390751885584
13881,1739981390751560686,1739981390752734569
13882,1739981390752078987,1739981390753388938
13883,1739981390752956686,1739981390753778602
13884,1739981390753624787,1739981390755195500
13885,1739981390753994705,1739981390755664648
13886,1739981390755448616,1739981390756202924
13887,1739981390755904855,1739981390757161442
13888,1739981390756413040,1739981390757747241
13889,1739981390757528319,1739981390758137082
13890,1739981390757971482,1739981390759026749
13891,1739981390758356613,1739981390759692808
13892,1739981390759378392,1739981390760113913
13893,1739981390759893410,1739981390761223127
13894,1739981390760287568,1739981390761662880
13895,1739981390761465732,1739981390762003085
13896,1739981390761870693,1739981390762381099
13897,1739981390762211246,1739981390763301196
13898,1739981390762584871,1739981390763753450
13899,1739981390763671844,1739981390764138955
13900,1739981390763911566,1739981390764682783
13901,1739981390764434438,1739981390765276390
13902,1739981390764895317,1739981390766161917
13903,1739981390765622271,1739981390766628671
13904,1739981390766386232,1739981390767098796
13905,1739981390766823188,1739981390768177662
13906,1739981390767301193,1739981390768597992
13907,1739981390768375270,1739981390768988790
13908,1739981390768857241,1739981390769918938
13909,1739981390769201778,1739981390770587936
13910,1739981390770280938,1739981390771035724
13911,1739981390770869144,1739981390771789769
13912,1739981390771225309,1739981390772539566
13913,1739981390772022748,1739981390772911556
13914,1739981390772765476,1739981390773369387
13915,1739981390773094874,1739981390774155692
13916,1739981390773558242,1739981390774857866
13917,1739981390774464822,1739981390775362890
13918,1739981390775140234,1739981390775727463
13919,1739981390775551378,1739981390776061428
13920,1739981390775906682,1739981390776967449
13921,1739981390776200135,1739981390777469197
13922,1739981390777323859,1739981390777850297
13923,1739981390777684091,1739981390778494021
13924,1739981390778057693,1739981390779408248
13925,1739981390778861648,1739981390779802755
13926,1739981390779657578,1739981390780270180
13927,1739981390780017560,1739981390781151690
13928,1739981390780441822,1739981390781784756
13929,1739981390781463573,1739981390782342238
13930,1739981390782055917,1739981390783201922
13931,1739981390782574625,1739981390783732853
13932,1739981390783345993,1739981390784444168
13933,1739981390784070001,1739981390784953534
13934,1739981390784659738,1739981390785508104
13935,1739981390785200578,1739981390786640423
13936,1739981390785747187,1739981390787027554
13937,1739981390786886571,1739981390787489509
13938,1739981390787263487,1739981390788635234
13939,1739981390787735150,1739981390789066805
13940,1739981390788865786,1739981390789404868
13941,1739981390789265019,1739981390790534785
13942,1739981390789619348,1739981390790879470
13943,1739981390790780722,1739981390791204284
13944,1739981390791138298,1739981390791663241
13945,1739981390791340468,1739981390792433475
13946,1739981390791912365,1739981390793108042
13947,1739981390792719145,1739981390793611521
13948,1739981390793380278,1739981390793999583
13949,1739981390793853285,1739981390794613504
13950,1739981390794236855,1739981390795015575
13951,1739981390794820937,1739981390795918738
13952,1739981390795220073,1739981390796524485
13953,1739981390796267202,1739981390797069046
13954,1739981390796721216,1739981390797884188
13955,1739981390797192422,1739981390798427547
13956,1739981390798200853,1739981390798821037
13957,1739981390798616472,1739981390800038181
13958,1739981390799002287,1739981390800531448
13959,1739981390800303511,1739981390801083006
13960,1739981390800775959,1739981390802294184
13961,1739981390801309478,1739981390802760016
13962,1739981390802507442,1739981390803146174
13963,1739981390803137143,1739981390804591228
13964,1739981390803328682,1739981390805017671
13965,1739981390804827067,1739981390805431385
13966,1739981390805195088,1739981390806239027
13967,1739981390805624109,1739981390806735232
13968,1739981390806594433,1739981390807111057
13969,1739981390806948866,1739981390807493633
13970,1739981390807297842,1739981390808131974
13971,1739981390807675404,1739981390808804550
13972,1739981390808394765,1739981390809271939
13973,1739981390809013633,1739981390809633411
13974,1739981390809466856,1739981390810487394
13975,1739981390809854749,1739981390811280336
13976,1739981390810982398,1739981390811616894
13977,1739981390811490132,1739981390812234475
13978,1739981390811826108,1739981390813112620
13979,1739981390812531968,1739981390813601993
13980,1739981390813322690,1739981390813936428
13981,1739981390813786052,1739981390814365351
13982,1739981390814121771,1739981390815160387
13983,1739981390814549514,1739981390815815295
13984,1739981390815387597,1739981390816205982
13985,1739981390815990611,1739981390816638272
13986,1739981390816420331,1739981390817152195
13987,1739981390816837359,1739981390817867612
13988,1739981390817388850,1739981390818346401
13989,1739981390818132411,1739981390818736612
13990,1739981390818596066,1739981390819063076
13991,1739981390818976594,1739981390819963809
13992,1739981390819271771,1739981390820611105
13993,1739981390820475183,1739981390820994641
13994,1739981390820875889,1739981390821480142
13995,1739981390821130643,1739981390822618345
13996,1739981390821680935,1739981390823016533
13997,1739981390822875979,1739981390823371440
13998,1739981390823244486,1739981390823661257
13999,1739981390823571941,1739981390824682419
14000,1739981390823911723,1739981390825211461
14001,1739981390824963235,1739981390825603623
14002,1739981390825439438,1739981390826722903
14003,1739981390825803782,1739981390827235808
14004,1739981390826947590,1739981390827589053
14005,1739981390827459484,1739981390828319858
14006,1739981390827792035,1739981390829086577
14007,1739981390828553478,1739981390829443477
14008,1739981390829355556,1739981390829792851
14009,1739981390829609227,1739981390830233568
14010,1739981390830015640,1739981390831204962
14011,1739981390830424609,1739981390831671503
14012,1739981390831470994,1739981390832072666
14013,1739981390831915390,1739981390832491480
14014,1739981390832245956,1739981390833267442
14015,1739981390832712550,1739981390833960577
14016,1739981390833448690,1739981390834434640
14017,1739981390834214788,1739981390834812522
14018,1739981390834662983,1739981390835198290
14019,1739981390835049833,1739981390835547661
14020,1739981390835452204,1739981390836732761
14021,1739981390835719248,1739981390837264628
14022,1739981390837051515,1739981390837778280
14023,1739981390837485652,1739981390838581501
14024,1739981390837991392,1739981390839419957
14025,1739981390838793460,1739981390839829748
14026,1739981390839658956,1739981390840277424
14027,1739981390840046559,1739981390841171988
14028,1739981390840464910,1739981390841688320
14029,1739981390841505680,1739981390842127576
14030,1739981390841894484,1739981390842927028
14031,1739981390842306069,1739981390843536257
14032,1739981390843073090,1739981390844028145
14033,1739981390843751598,1739981390844407253
14034,1739981390844321069,1739981390844781699
14035,1739981390844567954,1739981390845150830
14036,1739981390845030459,1739981390846485712
14037,1739981390845339656,1739981390846940798
14038,1739981390846807375,1739981390847402521
14039,1739981390847215583,1739981390848256778
14040,1739981390847711489,1739981390849139157
14041,1739981390848445173,1739981390849575621
14042,1739981390849378463,1739981390849907871
14043,1739981390849775553,1739981390850290730
14044,1739981390850128609,1739981390851417293
14045,1739981390850457897,1739981390851890110
14046,1739981390851704786,1739981390852290485
14047,1739981390852086949,1739981390853397745
14048,1739981390852476078,1739981390853863991
14049,1739981390853610346,1739981390854428795
14050,1739981390854065826,1739981390854831597
14051,1739981390854603900,1739981390855741335
14052,1739981390855017161,1739981390856257374
14053,1739981390856151378,1739981390856609343
14054,1739981390856388178,1739981390857025183
14055,1739981390856802233,1739981390857716712
14056,1739981390857219189,1739981390858417836
14057,1739981390857939961,1739981390858801620
14058,1739981390858612794,1739981390859243297
14059,1739981390858985149,1739981390860040229
14060,1739981390859439877,1739981390860827051
14061,1739981390860182023,1739981390861212741
14062,1739981390861068118,1739981390861554539
14063,1739981390861414764,1739981390861884184
14064,1739981390861747901,1739981390862869102
14065,1739981390862196618,1739981390863391126
14066,1739981390863108421,1739981390863934104
14067,1739981390863621699,1739981390865045547
14068,1739981390864127109,1739981390865663642
14069,1739981390865248567,1739981390866189075
14070,1739981390865877690,1739981390867183522
14071,1739981390866435927,1739981390867749904
14072,1739981390867586138,1739981390868145658
14073,1739981390867934644,1739981390868478196
14074,1739981390868356315,1739981390869347063
14075,1739981390868845251,1739981390869900835
14076,1739981390869711061,1739981390870247280
14077,1739981390870106113,1739981390870631820
14078,1739981390870464981,1739981390871780868
14079,1739981390870834072,1739981390872164131
14080,1739981390872034297,1739981390872603329
14081,1739981390872385348,1739981390872972851
14082,1739981390872813266,1739981390873963335
14083,1739981390873188676,1739981390874480194
14084,1739981390874185162,1739981390874817484
14085,1739981390874705544,1739981390875247570
14086,1739981390874990554,1739981390876076781
14087,1739981390875486037,1739981390876615467
14088,1739981390876472440,1739981390877053962
14089,1739981390876818922,1739981390877935854
14090,1739981390877212992,1739981390878439677
14091,1739981390878222530,1739981390879109281
14092,1739981390878649674,1739981390879870434
14093,1739981390879450647,1739981390880245278
14094,1739981390880136840,1739981390880676404
14095,1739981390880448040,1739981390881027254
14096,1739981390880884996,1739981390881901010
14097,1739981390881217247,1739981390882399467
14098,1739981390882227262,1739981390882891862
14099,1739981390882581653,1739981390883734988
14100,1739981390883079030,1739981390884503680
14101,1739981390884102007,1739981390884859495
14102,1739981390884763014,1739981390885293819
14103,1739981390885080230,1739981390886096637
14104,1739981390885475670,1739981390886650743
14105,1739981390886472416,1739981390887050367
14106,1739981390886860672,1739981390887908887
14107,1739981390887236202,1739981390888515897
14108,1739981390888269198,1739981390889316217
14109,1739981390888717139,1739981390890007103
14110,1739981390889561509,1739981390890453747
14111,1739981390890258685,1739981390891312458
14112,1739981390890682831,1739981390891968308
14113,1739981390891616786,1739981390892391535
14114,1739981390892174815,1739981390893164951
14115,1739981390892622792,1739981390893882250
14116,1739981390893388195,1739981390894349197
14117,1739981390894106678,1739981390894683374
14118,1739981390894595174,1739981390895106806
14119,1739981390894913899,1739981390895451703
14120,1739981390895339751,1739981390896237119
14121,1739981390895647676,1739981390896785497
14122,1739981390896530623,1739981390897335561
14123,1739981390896993285,1739981390898266283
14124,1739981390897581998,1739981390898794963
14125,1739981390898458764,1739981390899252920
14126,1739981390899071018,1739981390900070323
14127,1739981390899503848,1739981390900828839
14128,1739981390900354961,1739981390901238125
14129,1739981390901076757,1739981390902321363
14130,1739981390901422929,1739981390902813892
14131,1739981390902593685,1739981390903348055
14132,1739981390903034735,1739981390904185502
14133,1739981390903580236,1739981390904908946
14134,1739981390904476123,1739981390905463912
14135,1739981390905146200,1739981390905915058
14136,1739981390905646778,1739981390906326183
14137,1739981390906111091,1739981390907224166
14138,1739981390906513631,1739981390907715627
14139,1739981390907393187,1739981390908070608
14140,1739981390907971977,1739981390908502853
14141,1739981390908279877,1739981390909424740
14142,1739981390908767438,1739981390909891667
14143,1739981390909795566,1739981390910367701
14144,1739981390910127899,1739981390910769625
14145,1739981390910575833,1739981390911907120
14146,1739981390910961730,1739981390912338355
14147,1739981390912187770,1739981390912801333
14148,1739981390912565392,1739981390913270822
14149,1739981390913028090,1739981390914252449
14150,1739981390913533219,1739981390914687726
14151,1739981390914482826,1739981390915083403
14152,1739981390914931326,1739981390915434356
14153,1739981390915285337,1739981390916601974
14154,1739981390915813092,1739981390917068326
14155,1739981390916841363,1739981390917537527
14156,1739981390917307734,1739981390918350794
14157,1739981390917728527,1739981390918870727
14158,1739981390918744704,1739981390919718219
14159,1739981390919095457,1739981390920408827
14160,1739981390919957406,1739981390920836689
14161,1739981390920637565,1739981390921809698
14162,1739981390921039925,1739981390922299123
14163,1739981390922107140,1739981390922640797
14164,1739981390922505640,1739981390923024904
14165,1739981390922883302,1739981390923876262
14166,1739981390923253262,1739981390924485814
14167,1739981390924292513,1739981390924912313
14168,1739981390924712653,1739981390925394177
14169,1739981390925115259,1739981390926479735
14170,1739981390925578193,1739981390926959968
14171,1739981390926689048,1739981390927430052
14172,1739981390927160256,1739981390928098110
14173,1739981390927609020,1739981390928865074
14174,1739981390928346888,1739981390929239532
14175,1739981390929132610,1739981390929713113
14176,1739981390929436212,1739981390930135055
14177,1739981390929905515,1739981390931271386
14178,1739981390930310877,1739981390931659156
14179,1739981390931529065,1739981390932012240
14180,1739981390931869919,1739981390933236108
14181,1739981390932209194,1739981390933703618
14182,1739981390933525736,1739981390934035224
14183,1739981390933909353,1739981390934526826
14184,1739981390934212517,1739981390935427036
14185,1739981390934723590,1739981390935901235
14186,1739981390935758059,1739981390936372892
14187,1739981390936136023,1739981390936700824
14188,1739981390936576811,1739981390937478826
14189,1739981390936884173,1739981390937972242
14190,1739981390937803202,1739981390938496654
14191,1739981390938171869,1739981390939301783
14192,1739981390938676104,1739981390939877502
14193,1739981390939618076,1739981390940245135
14194,1739981390940104242,1739981390941080558
14195,1739981390940476399,1739981390941612977
14196,1739981390941429538,1739981390941971626
14197,1739981390941804974,1739981390942857948
14198,1739981390942160906,1739981390943600482
14199,1739981390943016294,1739981390943997038
14200,1739981390943833035,1739981390944496228
14201,1739981390944220935,1739981390945510233
14202,1739981390944721126,1739981390946025300
14203,1739981390945856383,1739981390946427928
14204,1739981390946250247,1739981390947168023
14205,1739981390946612707,1739981390947792069
14206,1739981390947311660,1739981390948164612
14207,1739981390948005486,1739981390948595742
14208,1739981390948369684,1739981390948961718
14209,1739981390948783871,1739981390949521508
14210,1739981390949159072,1739981390950453058
14211,1739981390949826200,1739981390950850144
14212,1739981390950720893,1739981390951296128
14213,1739981390951046247,1739981390952073751
14214,1739981390951492871,1739981390952900347
14215,1739981390952237699,1739981390953332236
14216,1739981390953147176,1739981390953719392
14217,1739981390953527572,1739981390954088256
14218,1739981390953907310,1739981390955157994
14219,1739981390954738355,1739981390955791681
14220,1739981390955490904,1739981390956158213
14221,1739981390956020172,1739981390957147846
14222,1739981390956278713,1739981390957696551
14223,1739981390957427134,1739981390958134469
14224,1739981390957915826,1739981390958991029
14225,1739981390958252053,1739981390959579765
14226,1739981390959177380,1739981390959975702
14227,1739981390959824328,1739981390960522562
14228,1739981390960246136,1739981390961351470
14229,1739981390960765140,1739981390961749570
14230,1739981390961597196,1739981390962093991
14231,1739981390961945002,1739981390962591811
14232,1739981390962293431,1739981390963479867
14233,1739981390962772215,1739981390963969951
14234,1739981390963827435,1739981390964498899
14235,1739981390964205643,1739981390964982137
14236,1739981390964761945,1739981390966020302
14237,1739981390965197992,1739981390966430056
14238,1739981390966241442,1739981390966766979
14239,1739981390966621266,1739981390967103939
14240,1739981390966948955,1739981390968133177
14241,1739981390967291040,1739981390968605103
14242,1739981390968355248,1739981390969043128
14243,1739981390968808274,1739981390969961478
14244,1739981390969194640,1739981390970447250
14245,1739981390970304748,1739981390970961944
14246,1739981390970678852,1739981390971813707
14247,1739981390971200461,1739981390972360542
14248,1739981390972229856,1739981390972778720
14249,1739981390972588573,1739981390973072541
14250,1739981390972971837,1739981390973770328
14251,1739981390973205921,1739981390974522035
14252,1739981390973964675,1739981390974898489
14253,1739981390974780752,1739981390975221391
14254,1739981390975137211,1739981390975566297
14255,1739981390975414258,1739981390976652501
14256,1739981390975753476,1739981390977035881
14257,1739981390976957403,1739981390977459883
14258,1739981390977207422,1739981390978306596
14259,1739981390977687967,1739981390978801485
14260,1739981390978633070,1739981390979155511
14261,1739981390978992859,1739981390980251947
14262,1739981390979368929,1739981390980662274
14263,1739981390980477558,1739981390981131046
14264,1739981390980880415,1739981390981848079
14265,1739981390981347232,1739981390982569233
14266,1739981390982125459,1739981390983126057
14267,1739981390982773820,1739981390983962794
14268,1739981390983325376,1739981390984825717
14269,1739981390984220443,1739981390985277650
14270,1739981390985413159,1739981390985844053
14271,1739981390985634769,1739981390986566990
14272,1739981390986084732,1739981390987319077
14273,1739981390986750857,1739981390987676871
14274,1739981390987589342,1739981390988035634
14275,1739981390987877555,1739981390988505231
14276,1739981390988224200,1739981390989320704
14277,1739981390988721970,1739981390989924091
14278,1739981390989622819,1739981390990344281
14279,1739981390990163778,1739981390990940629
14280,1739981390990575597,1739981390991721580
14281,1739981390991323834,1739981390992140881
14282,1739981390991976847,1739981390992554428
14283,1739981390992310667,1739981390993362860
14284,1739981390992757419,1739981390994000660
14285,1739981390993584118,1739981390994627068
14286,1739981390994211431,1739981390995047506
14287,1739981390994849900,1739981390995884620
14288,1739981390995238039,1739981390996449941
14289,1739981390996246738,1739981390996854206
14290,1739981390996732207,1739981390997208096
14291,1739981390997079535,1739981390998011824
14292,1739981390997590554,1739981390998479684
14293,1739981390998332451,1739981390998847764
14294,1739981390998712149,1739981390999235415
14295,1739981390999043067,1739981391000004941
14296,1739981390999456978,1739981391000598796
14297,1739981391000261152,1739981391001122640
14298,1739981391000846347,1739981391002240408
14299,1739981391001319123,1739981391002666770
14300,1739981391002520734,1739981391002998439
14301,1739981391002864987,1739981391003331539
14302,1739981391003206585,1739981391004487351
14303,1739981391003518805,1739981391004893575
14304,1739981391004726027,1739981391005261514
14305,1739981391005081481,1739981391005988297
14306,1739981391005473854,1739981391006865946
14307,1739981391006280372,1739981391007239490
14308,1739981391007102075,1739981391007949946
14309,1739981391007431378,1739981391008557317
14310,1739981391008150312,1739981391008917680
14311,1739981391008770028,1739981391009339827
14312,1739981391009135738,1739981391010091056
14313,1739981391009539052,1739981391010612897
14314,1739981391010411118,1739981391011064216
14315,1739981391010838216,1739981391011807890
14316,1739981391011242358,1739981391012414448
14317,1739981391012180730,1739981391012826958
14318,1739981391012613127,1739981391013772576
14319,1739981391013002549,1739981391014356165
14320,1739981391014100257,1739981391014726091
14321,1739981391014589797,1739981391015165526
14322,1739981391014908884,1739981391016187881
14323,1739981391015457214,1739981391016665506
14324,1739981391016452974,1739981391017158413
14325,1739981391016862648,1739981391018103569
14326,1739981391017365369,1739981391018671771
14327,1739981391018432608,1739981391019171526
14328,1739981391018902428,1739981391020149610
14329,1739981391019398440,1739981391020739909
14330,1739981391020443401,1739981391021194919
14331,1739981391020956439,1739981391022066946
14332,1739981391021411371,1739981391022621350
14333,1739981391022437008,1739981391023084358
14334,1739981391022851849,1739981391023498007
14335,1739981391023355681,1739981391024451279
14336,1739981391023810871,1739981391025080888
14337,1739981391024725864,1739981391025467094
14338,1739981391025298806,1739981391026764872
14339,1739981391026082500,1739981391027692002
14340,1739981391027510223,1739981391028294612
14341,1739981391027971124,1739981391029150422
14342,1739981391028610945,1739981391029816937
14343,1739981391029390280,1739981391030198365
14344,1739981391030071415,1739981391030691915
14345,1739981391030336315,1739981391031919505
14346,1739981391031034318,1739981391032404588
14347,1739981391032196264,1739981391032747992
14348,1739981391032628953,1739981391033608560
14349,1739981391032949835,1739981391034574872
14350,1739981391033847006,1739981391035045271
14351,1739981391034851318,1739981391035916747
14352,1739981391035231958,1739981391036447714
14353,1739981391036273108,1739981391036838587
14354,1739981391036739085,1739981391037158757
14355,1739981391037045868,1739981391038280516
14356,1739981391037372191,1739981391038658807
14357,1739981391038558661,1739981391039008961
14358,1739981391038832577,1739981391039883540
14359,1739981391039252104,1739981391040463974
14360,1739981391040210982,1739981391040837698
14361,1739981391040655939,1739981391041701008
14362,1739981391041003718,1739981391042227434
14363,1739981391042029404,1739981391042613974
14364,1739981391042417262,1739981391042946824
14365,1739981391042799179,1739981391043732231
14366,1739981391043128192,1739981391044473237
14367,1739981391044074369,1739981391044968573
14368,1739981391044665527,1739981391045354829
14369,1739981391045187441,1739981391045970138
14370,1739981391045544540,1739981391047094040
14371,1739981391046359216,1739981391047483169
14372,1739981391047342283,1739981391048213514
14373,1739981391047722961,1739981391048975660
14374,1739981391048508141,1739981391049324668
14375,1739981391049184027,1739981391049642468
14376,1739981391049541135,1739981391050487817
14377,1739981391049838526,1739981391050971339
14378,1739981391050835529,1739981391051308946
14379,1739981391051212411,1739981391051625960
14380,1739981391051538054,1739981391052707469
14381,1739981391051734165,1739981391053138070
14382,1739981391052964842,1739981391053596892
14383,1739981391053390874,1739981391054508284
14384,1739981391053820530,1739981391055197834
14385,1739981391054701420,1739981391055587838
14386,1739981391055419532,1739981391055979965
14387,1739981391055799181,1739981391056414675
14388,1739981391056173158,1739981391057161710
14389,1739981391056617131,1739981391057892972
14390,1739981391057346537,1739981391058349177
14391,1739981391058142354,1739981391058765477
14392,1739981391058544809,1739981391059517111
14393,1739981391058962500,1739981391060145372
14394,1739981391059773494,1739981391060597981
14395,1739981391060452540,1739981391060935741
14396,1739981391060802620,1739981391061357291
14397,1739981391061115385,1739981391062040100
14398,1739981391061565455,1739981391062755511
14399,1739981391062227149,1739981391063194635
14400,1739981391062943694,1739981391063559832
14401,1739981391063406104,1739981391064024743
14402,1739981391063798673,1739981391065136100
14403,1739981391064246640,1739981391065567908
14404,1739981391065407330,1739981391065947236
14405,1739981391065767490,1739981391066676091
14406,1739981391066151505,1739981391067440724
14407,1739981391067172564,1739981391067933360
14408,1739981391067665097,1739981391068773319
14409,1739981391068221758,1739981391069313166
14410,1739981391069127007,1739981391069817061
14411,1739981391069542262,1739981391070588263
14412,1739981391070035293,1739981391071314375
14413,1739981391070823723,1739981391071676839
14414,1739981391071562643,1739981391072043239
14415,1739981391071953255,1739981391072357061
14416,1739981391072250250,1739981391073220365
14417,1739981391072571213,1739981391073700077
14418,1739981391073564499,1739981391074408956
14419,1739981391074026710,1739981391074854855
14420,1739981391074604769,1739981391075200271
14421,1739981391075051824,1739981391075994826
14422,1739981391075398614,1739981391076514171
14423,1739981391076296923,1739981391076978988
14424,1739981391076748323,1739981391077880709
14425,1739981391077197169,1739981391078453969
14426,1739981391078200202,1739981391078988871
14427,1739981391078686398,1739981391079950890
14428,1739981391079183334,1739981391080511209
14429,1739981391080341213,1739981391080869761
14430,1739981391080712066,1739981391081700693
14431,1739981391081044105,1739981391082425812
14432,1739981391081821159,1739981391082875695
14433,1739981391082650530,1739981391083419347
14434,1739981391083081326,1739981391084061699
14435,1739981391083635098,1739981391084874771
14436,1739981391084250482,1739981391085499864
14437,1739981391085129473,1739981391085928700
14438,1739981391085767389,1739981391087107907
14439,1739981391086161912,1739981391087508607
14440,1739981391087349322,1739981391087858388
14441,1739981391087728967,1739981391088231717
14442,1739981391088082502,1739981391089388658
14443,1739981391088449762,1739981391089755860
14444,1739981391089672065,1739981391090124133
14445,1739981391089909657,1739981391090496084
14446,1739981391090340159,1739981391091641975
14447,1739981391090669116,1739981391092034485
14448,1739981391091850484,1739981391092498887
14449,1739981391092239510,1739981391093510945
14450,1739981391092734352,1739981391094007142
14451,1739981391093856871,1739981391094560804
14452,1739981391094271096,1739981391094959577
14453,1739981391094754502,1739981391096151718
14454,1739981391095137531,1739981391096582844
14455,1739981391096321619,1739981391096941717
14456,1739981391096829348,1739981391097969904
14457,1739981391097150144,1739981391098524716
14458,1739981391098308663,1739981391098918234
14459,1739981391098763040,1739981391099813275
14460,1739981391099132444,1739981391100275752
14461,1739981391100161849,1739981391100613902
14462,1739981391100520205,1739981391101045147
14463,1739981391100785112,1739981391102026500
14464,1739981391101215991,1739981391102356832
14465,1739981391102269872,1739981391102847279
14466,1739981391102507899,1739981391103150408
14467,1739981391103076100,1739981391104007661
14468,1739981391103340474,1739981391104899143
14469,1739981391104777956,1739981391105295568
14470,1739981391105166870,1739981391105677807
14471,1739981391105525385,1739981391106597219
14472,1739981391105889298,1739981391107077592
14473,1739981391106935620,1739981391107554843
14474,1739981391107206638,1739981391107951256
14475,1739981391107750690,1739981391108967191
14476,1739981391108262179,1739981391109407143
14477,1739981391109164009,1739981391109779751
14478,1739981391109626130,1739981391110402228
14479,1739981391109956615,1739981391111255843
14480,1739981391110738400,1739981391111616069
14481,1739981391111485139,1739981391111923351
14482,1739981391111810391,1739981391112347488
14483,1739981391112107001,1739981391113099279
14484,1739981391112535032,1739981391113554866
14485,1739981391113375144,1739981391114066747
14486,1739981391113888347,1739981391114612934
14487,1739981391114222667,1739981391115004258
14488,1739981391114805114,1739981391115819229
14489,1739981391115215149,1739981391116558639
14490,1739981391116037234,1739981391116992534
14491,1739981391116788962,1739981391117395433
14492,1739981391117209141,1739981391117842379
14493,1739981391117610645,1739981391118704298
14494,1739981391118033815,1739981391119227122
14495,1739981391119021656,1739981391119704304
14496,1739981391119498422,1739981391120341781
14497,1739981391119953730,1739981391121297119
14498,1739981391120768634,1739981391121719898
14499,1739981391121587768,1739981391122062816
14500,1739981391121961896,1739981391122403384
14501,1739981391122243946,1739981391123562877
14502,1739981391122629919,1739981391123963571
14503,1739981391123822707,1739981391124448932
14504,1739981391124167044,1739981391124811371
14505,1739981391124657673,1739981391125548777
14506,1739981391125084314,1739981391126334180
14507,1739981391125819477,1739981391126790317
14508,1739981391126588735,1739981391127341034
14509,1739981391127071572,1739981391128166600
14510,1739981391127538732,1739981391128802287
14511,1739981391128411047,1739981391129298973
14512,1739981391129077898,1739981391129736085
14513,1739981391129486054,1739981391130602306
14514,1739981391129987318,1739981391131132142
14515,1739981391130896895,1739981391132216899
14516,1739981391131246909,1739981391132716995
14517,1739981391132572090,1739981391133541350
14518,1739981391132942272,1739981391134394954
14519,1739981391133706912,1739981391134720419
14520,1739981391134631226,1739981391135041702
14521,1739981391134849333,1739981391135427170
14522,1739981391135239449,1739981391136169916
14523,1739981391135633698,1739981391136836536
14524,1739981391136345394,1739981391137277518
14525,1739981391137062797,1739981391137710363
14526,1739981391137503587,1739981391138420281
14527,1739981391137967508,1739981391139221450
14528,1739981391138744221,1739981391139596555
14529,1739981391139428645,1739981391139930484
14530,1739981391139818279,1739981391140698046
14531,1739981391140180107,1739981391141405813
14532,1739981391140886958,1739981391141921951
14533,1739981391141647247,1739981391142300524
14534,1739981391142112893,1739981391143179151
14535,1739981391142477333,1739981391143797153
14536,1739981391143499005,1739981391144272913
14537,1739981391143994020,1739981391144691003
14538,1739981391144496787,1739981391145586317
14539,1739981391144912078,1739981391146049360
14540,1739981391145942222,1739981391146349522
14541,1739981391146211308,1739981391146767205
14542,1739981391146555714,1739981391147588198
14543,1739981391146977686,1739981391148113402
14544,1739981391148022976,1739981391148703856
14545,1739981391148270493,1739981391149079958
14546,1739981391148915972,1739981391149941670
14547,1739981391149203677,1739981391150460941
14548,1739981391150249714,1739981391150815853
14549,1739981391150663518,1739981391151137749
14550,1739981391151002472,1739981391151978167
14551,1739981391151552076,1739981391152553303
14552,1739981391152339180,1739981391152960935
14553,1739981391152783298,1739981391153654181
14554,1739981391153173015,1739981391154570364
14555,1739981391153965038,1739981391154967609
14556,1739981391154822717,1739981391155318579
14557,1739981391155182179,1739981391156106209
14558,1739981391155547642,1739981391156565824
14559,1739981391156464735,1739981391157123965
14560,1739981391156895622,1739981391157556359
14561,1739981391157380306,1739981391157902171
14562,1739981391157770405,1739981391158598578
14563,1739981391158135763,1739981391159423455
14564,1739981391158796607,1739981391159793130
14565,1739981391159660675,1739981391160205781
14566,1739981391160004459,1739981391160967325
14567,1739981391160497399,1739981391161554209
14568,1739981391161190253,1739981391161951562
14569,1739981391161804613,1739981391162259223
14570,1739981391162163896,1739981391163318198
14571,1739981391162632876,1739981391163712785
14572,1739981391163573114,1739981391164111543
14573,1739981391163905528,1739981391164558618
14574,1739981391164277950,1739981391165416273
14575,1739981391164745190,1739981391165957361
14576,1739981391165761325,1739981391166389068
14577,1739981391166161127,1739981391167046036
14578,1739981391166592147,1739981391167685221
14579,1739981391167281664,1739981391168136790
14580,1739981391167959877,1739981391168495624
14581,1739981391168395926,1739981391169125794
14582,1739981391168726581,1739981391170050197
14583,1739981391169308054,1739981391170440016
14584,1739981391170237108,1739981391170841784
14585,1739981391170624913,1739981391171206177
14586,1739981391171051198,1739981391172250432
14587,1739981391171365078,1739981391172730735
14588,1739981391172465373,1739981391173133201
14589,1739981391172958512,1739981391173835212
14590,1739981391173332319,1739981391174581162
14591,1739981391174006414,1739981391175084801
14592,1739981391174854293,1739981391175774689
14593,1739981391175303385,1739981391176364755
14594,1739981391175999941,1739981391177008324
14595,1739981391176673313,1739981391177331478
14596,1739981391177240044,1739981391178050949
14597,1739981391177528612,1739981391178836486
14598,1739981391178278784,1739981391179188410
14599,1739981391179082637,1739981391179529762
14600,1739981391179316118,1739981391179946574
14601,1739981391179773881,1739981391180277522
14602,1739981391180140940,1739981391181012749
14603,1739981391180461664,1739981391181670978
14604,1739981391181242983,1739981391182205313
14605,1739981391181921767,1739981391182928096
14606,1739981391182407838,1739981391183763294
14607,1739981391183266323,1739981391184164954
14608,1739981391183980384,1739981391184709637
14609,1739981391184331073,1739981391185074979
14610,1739981391184898798,1739981391186163256
14611,1739981391185283396,1739981391186564010
14612,1739981391186438356,1739981391187052543
14613,1739981391186791986,1739981391187462568
14614,1739981391187278872,1739981391188253375
14615,1739981391187849334,1739981391188895391
14616,1739981391188637180,1739981391189259748
14617,1739981391189154233,1739981391190382957
14618,1739981391189478627,1739981391190826720
14619,1739981391190596349,1739981391191198239
14620,1739981391191047131,1739981391191558173
14621,1739981391191410184,1739981391192656545
14622,1739981391191914682,1739981391193060917
14623,1739981391192888675,1739981391193369056
14624,1739981391193214643,1739981391193890415
14625,1739981391193564881,1739981391194833118
14626,1739981391194103027,1739981391195401708
14627,1739981391195163278,1739981391195780681
14628,1739981391195601738,1739981391196648249
14629,1739981391195982388,1739981391197414872
14630,1739981391196933856,1739981391197745873
14631,1739981391197597520,1739981391198122406
14632,1739981391197971979,1739981391198544552
14633,1739981391198326931,1739981391199676371
14634,1739981391198754456,1739981391200143126
14635,1739981391199935454,1739981391200522133
14636,1739981391200375811,1739981391201574381
14637,1739981391200749539,1739981391201957126
14638,1739981391201860116,1739981391202361719
14639,1739981391202123659,1739981391203419539
14640,1739981391202572646,1739981391203785913
14641,1739981391203698844,1739981391204141245
14642,1739981391203914418,1739981391204579286
14643,1739981391204367790,1739981391204923517
14644,1739981391204775982,1739981391205625094
14645,1739981391205124188,1739981391206399527
14646,1739981391205862514,1739981391206836798
14647,1739981391206636862,1739981391207317661
14648,1739981391207030218,1739981391207684948
14649,1739981391207503312,1739981391208815785
14650,1739981391207886582,1739981391209389351
14651,1739981391209066671,1739981391209790923
14652,1739981391209640687,1739981391210608586
14653,1739981391209993003,1739981391211064680
14654,1739981391210810258,1739981391211683379
14655,1739981391211394748,1739981391212164466
14656,1739981391211872050,1739981391213076774
14657,1739981391212355307,1739981391213716941
14658,1739981391213413274,1739981391214154147
14659,1739981391213923597,1739981391214942651
14660,1739981391214448277,1739981391215810782
14661,1739981391215190436,1739981391216215174
14662,1739981391216051971,1739981391217327236
14663,1739981391216403486,1739981391217728026
14664,1739981391217584197,1739981391218064063
14665,1739981391217917108,1739981391218780605
14666,1739981391218213310,1739981391219402171
14667,1739981391219015800,1739981391219811923
14668,1739981391219666939,1739981391220200309
14669,1739981391220037091,1739981391220706699
14670,1739981391220404853,1739981391221427934
14671,1739981391220891245,1739981391221967045
14672,1739981391221627699,1739981391222463283
14673,1739981391222296562,1739981391222837066
14674,1739981391222701138,1739981391223202009
14675,1739981391223067049,1739981391223937188
14676,1739981391223416472,1739981391224740756
14677,1739981391224151660,1739981391225241162
14678,1739981391224962152,1739981391225831010
14679,1739981391225461819,1739981391226646121
14680,1739981391226065803,1739981391227138817
14681,1739981391226908195,1739981391227538625
14682,1739981391227370043,1739981391228347239
14683,1739981391227749957,1739981391228884977
14684,1739981391228741508,1739981391229266635
14685,1739981391229105253,1739981391229569408
14686,1739981391229448294,1739981391230635443
14687,1739981391229784260,1739981391230954401
14688,1739981391230824849,1739981391231301648
14689,1739981391231189380,1739981391231623908
14690,1739981391231499941,1739981391232534298
14691,1739981391231815103,1739981391232989135
14692,1739981391232890726,1739981391233412200
14693,1739981391233213180,1739981391233775084
14694,1739981391233597936,1739981391234971016
14695,1739981391233984165,1739981391235396612
14696,1739981391235251446,1739981391235766610
14697,1739981391235654470,1739981391236615279
14698,1739981391235973449,1739981391237193977
14699,1739981391236940748,1739981391237636765
14700,1739981391237392465,1739981391238500651
14701,1739981391237815821,1739981391239093883
14702,1739981391238781214,1739981391239559929
14703,1739981391239319057,1739981391239954640
14704,1739981391239746268,1739981391241093510
14705,1739981391240124905,1739981391241566665
14706,1739981391241338178,1739981391241995623
14707,1739981391241801863,1739981391242824765
14708,1739981391242174636,1739981391243750850
14709,1739981391243060633,1739981391244111227
14710,1739981391244012341,1739981391244503223
14711,1739981391244369629,1739981391244895905
14712,1739981391244702836,1739981391245695179
14713,1739981391245106481,1739981391246138907
14714,1739981391245940984,1739981391246474713
14715,1739981391246342091,1739981391247593008
14716,1739981391246653536,1739981391247935887
14717,1739981391247784329,1739981391248401002
14718,1739981391248128835,1739981391248995240
14719,1739981391248640635,1739981391249873611
14720,1739981391249279355,1739981391250394962
14721,1739981391250107737,1739981391250753493
14722,1739981391250600817,1739981391251518362
14723,1739981391250956529,1739981391252201783
14724,1739981391251676788,1739981391252684013
14725,1739981391252415922,1739981391253221231
14726,1739981391252926947,1739981391253875042
14727,1739981391253416335,1739981391254787585
14728,1739981391254102996,1739981391255266235
14729,1739981391254962784,1739981391255654502
14730,1739981391255512839,1739981391256509031
14731,1739981391255846180,1739981391257019433
14732,1739981391256801900,1739981391257341918
14733,1739981391257234094,1739981391257662057
14734,1739981391257530382,1739981391258740975
14735,1739981391257854875,1739981391259102461
14736,1739981391258951347,1739981391259416714
14737,1739981391259270253,1739981391259766180
14738,1739981391259602328,1739981391260898672
14739,1739981391259956239,1739981391261354049
14740,1739981391261177999,1739981391261829851
14741,1739981391261577485,1739981391262180901
14742,1739981391262005916,1739981391262957711
14743,1739981391262355501,1739981391263665859
14744,1739981391263222891,1739981391264167648
14745,1739981391263893276,1739981391264597043
14746,1739981391264351693,1739981391265394979
14747,1739981391264830261,1739981391266184850
14748,1739981391265697241,1739981391266539113
14749,1739981391266367052,1739981391266972619
14750,1739981391266762663,1739981391268131800
14751,1739981391267193651,1739981391268562432
14752,1739981391268349334,1739981391268931881
14753,1739981391268741282,1739981391269900091
14754,1739981391269130048,1739981391270365872
14755,1739981391270179618,1739981391270716630
14756,1739981391270615879,1739981391271167827
14757,1739981391270941362,1739981391271874574
14758,1739981391271408933,1739981391272572901
14759,1739981391272136726,1739981391272949919
14760,1739981391272818878,1739981391273397426
14761,1739981391273179686,1739981391273725442
14762,1739981391273624243,1739981391274787348
14763,1739981391273918574,1739981391275247482
14764,1739981391275096598,1739981391275730187
14765,1739981391275489522,1739981391276571278
14766,1739981391275905228,1739981391277065766
14767,1739981391276908434,1739981391277452727
14768,1739981391277216322,1739981391278350057
14769,1739981391277649783,1739981391278951408
14770,1739981391278678175,1739981391279439464
14771,1739981391279150530,1739981391280321980
14772,1739981391279612565,1739981391280849082
14773,1739981391280636806,1739981391281378899
14774,1739981391281086270,1739981391282267119
14775,1739981391281609320,1739981391282761428
14776,1739981391282649012,1739981391283144815
14777,1739981391282924531,1739981391283997948
14778,1739981391283353303,1739981391284601698
14779,1739981391284481807,1739981391285064053
14780,1739981391284795088,1739981391285355085
14781,1739981391285209693,1739981391286089194
14782,1739981391285533933,1739981391286716014
14783,1739981391286293943,1739981391287160843
14784,1739981391286919630,1739981391287518295
14785,1739981391287403339,1739981391287935005
14786,1739981391287722562,1739981391288688897
14787,1739981391288139970,1739981391289362254
14788,1739981391289057977,1739981391289866911
14789,1739981391289557507,1739981391290496001
14790,1739981391290063354,1739981391291248618
14791,1739981391290842155,1739981391291659811
14792,1739981391291504720,1739981391292099749
14793,1739981391291872908,1739981391292961108
14794,1739981391292325905,1739981391293500454
14795,1739981391293309224,1739981391294005051
14796,1739981391293685702,1739981391294448494
14797,1739981391294194836,1739981391295260247
14798,1739981391294643863,1739981391296221671
14799,1739981391295498882,1739981391296613822
14800,1739981391296459456,1739981391296937445
14801,1739981391296830209,1739981391297815843
14802,1739981391297155527,1739981391298251312
14803,1739981391298144877,1739981391298605913
14804,1739981391298452179,1739981391298941897
14805,1739981391298795611,1739981391300012987
14806,1739981391299153408,1739981391300398714
14807,1739981391300287069,1739981391300863107
14808,1739981391300597099,1739981391301492613
14809,1739981391301109424,1739981391302302294
14810,1739981391301730204,1739981391302676804
14811,1739981391302501251,1739981391303064079
14812,1739981391302929943,1739981391303343094
14813,1739981391303206093,1739981391304420513
14814,1739981391303549012,1739981391304871971
14815,1739981391304707094,1739981391305256169
14816,1739981391305062587,1739981391306170629
14817,1739981391305434991,1739981391306690790
14818,1739981391306530946,1739981391307084452
14819,1739981391306882207,1739981391307422417
14820,1739981391307286589,1739981391308068152
14821,1739981391307602599,1739981391308693788
14822,1739981391308260389,1739981391309134821
14823,1739981391308922583,1739981391309489789
14824,1739981391309344677,1739981391309810794
14825,1739981391309706312,1739981391310751164
14826,1739981391309992037,1739981391311202167
14827,1739981391311052183,1739981391311640202
14828,1739981391311374982,1739981391312043918
14829,1739981391311816115,1739981391312895101
14830,1739981391312215071,1739981391313402178
14831,1739981391313245456,1739981391313770448
14832,1739981391313603943,1739981391314240606
14833,1739981391313968392,1739981391314603632
14834,1739981391314437416,1739981391315400669
14835,1739981391315013831,1739981391316008695
14836,1739981391315811985,1739981391316473612
14837,1739981391316247156,1739981391317155220
14838,1739981391316694303,1739981391317906043
14839,1739981391317516084,1739981391318266073
14840,1739981391318127397,1739981391318594298
14841,1739981391318461517,1739981391318991175
14842,1739981391318781775,1739981391319759897
14843,1739981391319183297,1739981391320249973
14844,1739981391320305410,1739981391320781815
14845,1739981391320619753,1739981391321243139
14846,1739981391321003086,1739981391322031133
14847,1739981391321468135,1739981391322794448
14848,1739981391322232212,1739981391323160958
14849,1739981391323021634,1739981391323536126
14850,1739981391323363822,1739981391324509519
14851,1739981391323724106,1739981391325154451
14852,1739981391324681327,1739981391325651022
14853,1739981391325358453,1739981391326093320
14854,1739981391325860375,1739981391326593156
14855,1739981391326298249,1739981391327635166
14856,1739981391326817166,1739981391328081133
14857,1739981391327874043,1739981391328496382
14858,1739981391328327797,1739981391329642577
14859,1739981391328725955,1739981391330196625
14860,1739981391329921590,1739981391330676347
14861,1739981391330479071,1739981391331548262
14862,1739981391330876760,1739981391332094975
14863,1739981391331865241,1739981391332437360
14864,1739981391332344116,1739981391333220245
14865,1739981391332615766,1739981391334106334
14866,1739981391333508817,1739981391334540821
14867,1739981391334315861,1739981391334909168
14868,1739981391334752987,1739981391335710025
14869,1739981391335147681,1739981391336522077
14870,1739981391335961129,1739981391336950631
14871,1739981391336776239,1739981391337384917
14872,1739981391337172379,1739981391337795640
14873,1739981391337595613,1739981391338662210
14874,1739981391337984946,1739981391339168137
14875,1739981391338983368,1739981391339527745
14876,1739981391339397534,1739981391340696720
14877,1739981391339743360,1739981391341248704
14878,1739981391340957797,1739981391341727229
14879,1739981391341442928,1739981391342606252
14880,1739981391341958302,1739981391343392323
14881,1739981391342800466,1739981391343969933
14882,1739981391343661072,1739981391344521256
14883,1739981391344184233,1739981391344932699
14884,1739981391344733846,1739981391345766126
14885,1739981391345175475,1739981391346347749
14886,1739981391346026370,1739981391346739188
14887,1739981391346631762,1739981391347127620
14888,1739981391346902523,1739981391347975737
14889,1739981391347322964,1739981391348427752
14890,1739981391348346020,1739981391348903036
14891,1739981391348604206,1739981391349334372
14892,1739981391349137669,1739981391350256720
14893,1739981391349528565,1739981391350812314
14894,1739981391350558438,1739981391351316380
14895,1739981391350995783,1739981391351923215
14896,1739981391351517077,1739981391352668950
14897,1739981391352166465,1739981391353128846
14898,1739981391352891544,1739981391353574853
14899,1739981391353322881,1739981391354284145
14900,1739981391353803474,1739981391355253713
14901,1739981391354699283,1739981391355738392
14902,1739981391355507387,1739981391356265965
14903,1739981391355968758,1739981391357366770
14904,1739981391356524977,1739981391357763783
14905,1739981391357590833,1739981391358244032
14906,1739981391357971117,1739981391359183125
14907,1739981391358540582,1739981391359762038
14908,1739981391359612146,1739981391360179818
14909,1739981391360019196,1739981391360878974
14910,1739981391360404783,1739981391361601957
14911,1739981391361209320,1739981391362040326
14912,1739981391361836560,1739981391362390468
14913,1739981391362212837,1739981391362734236
14914,1739981391362586859,1739981391363864509
14915,1739981391362925904,1739981391364403649
14916,1739981391364082702,1739981391364823896
14917,1739981391364605684,1739981391365186022
14918,1739981391365000101,1739981391366249550
14919,1739981391365411105,1739981391366684613
14920,1739981391366510061,1739981391367072133
14921,1739981391366884987,1739981391367444389
14922,1739981391367270647,1739981391368305029
14923,1739981391367624709,1739981391368826141
14924,1739981391368619336,1739981391369238361
14925,1739981391369080769,1739981391369750203
14926,1739981391369468632,1739981391370496115
14927,1739981391369953604,1739981391371109169
14928,1739981391370708741,1739981391371479146
14929,1739981391371307949,1739981391371853615
14930,1739981391371740839,1739981391372558793
14931,1739981391372101219,1739981391373188094
14932,1739981391372819104,1739981391373564659
14933,1739981391373448899,1739981391373938660
14934,1739981391373789743,1739981391375122459
14935,1739981391374130710,1739981391375527908
14936,1739981391375410541,1739981391375946816
14937,1739981391375686493,1739981391376867925
14938,1739981391376174774,1739981391377451650
14939,1739981391377215813,1739981391377975018
14940,1739981391377672305,1739981391378828390
14941,1739981391378156478,1739981391379367607
14942,1739981391379141038,1739981391379700303
14943,1739981391379577751,1739981391380562003
14944,1739981391379870157,1739981391381076891
14945,1739981391380876700,1739981391381446289
14946,1739981391381307555,1739981391382549488
14947,1739981391381642908,1739981391382987494
14948,1739981391382821540,1739981391383355683
14949,1739981391383181458,1739981391383699988
14950,1739981391383552827,1739981391384500647
14951,1739981391383872307,1739981391385100563
14952,1739981391384688893,1739981391385530735
14953,1739981391385355813,1739981391385868039
14954,1739981391385732819,1739981391386218800
14955,1739981391386058390,1739981391386579803
14956,1739981391386452984,1739981391387650937
14957,1739981391386781107,1739981391388079039
14958,1739981391387853642,1739981391388500313
14959,1739981391388350072,1739981391388883810
14960,1739981391388762414,1739981391390016417
14961,1739981391389089912,1739981391390508851
14962,1739981391390224314,1739981391390915411
14963,1739981391390734023,1739981391391587016
14964,1739981391391144517,1739981391392305573
14965,1739981391392103094,1739981391392770021
14966,1739981391392512166,1739981391393715605
14967,1739981391392986459,1739981391394288567
14968,1739981391393963791,1739981391394723709
14969,1739981391394479706,1739981391395153839
14970,1739981391394898931,1739981391396151200
14971,1739981391395477229,1739981391396550040
14972,1739981391396371440,1739981391396899903
14973,1739981391396751680,1739981391397663980
14974,1739981391397110515,1739981391398208833
14975,1739981391397856674,1739981391398668354
14976,1739981391398449158,1739981391399020230
14977,1739981391398861235,1739981391399759167
14978,1739981391399212308,1739981391400401972
14979,1739981391399958142,1739981391400875751
14980,1739981391400593403,1739981391401232453
14981,1739981391401078227,1739981391401629586
14982,1739981391401446460,1739981391402513064
14983,1739981391401859426,1739981391403084384
14984,1739981391402886447,1739981391403494957
14985,1739981391403286495,1739981391404344575
14986,1739981391403668968,1739981391405086142
14987,1739981391404537296,1739981391405567233
14988,1739981391405323594,1739981391406027805
14989,1739981391405757355,1739981391406758794
14990,1739981391406222467,1739981391407544841
14991,1739981391406952628,1739981391408092894
14992,1739981391407778459,1739981391408475593
14993,1739981391408272146,1739981391409333908
14994,1739981391408669127,1739981391409913512
14995,1739981391409604385,1739981391410301307
14996,1739981391410125052,1739981391411085661
14997,1739981391410504781,1739981391411611059
14998,1739981391411393206,1739981391411960387
14999,1739981391411839458,1739981391412442944
15000,1739981391412160520,1739981391413380635
15001,1739981391412671505,1739981391413754146
15002,1739981391413609534,1739981391414327285
15003,1739981391413943753,1739981391414766324
15004,1739981391414546848,1739981391415706984
15005,1739981391414981943,1739981391416168663
15006,1739981391416020901,1739981391416539242
15007,1739981391416334919,1739981391417738687
15008,1739981391416739213,1739981391418268632
15009,1739981391417970122,1739981391418692766
15010,1739981391418485479,1739981391419546651
15011,1739981391418913597,1739981391420181941
15012,1739981391419876603,1739981391420571460
15013,1739981391420431052,1739981391421467518
15014,1739981391420777494,1739981391422165656
15015,1739981391421640048,1739981391422494915
15016,1739981391422381343,1739981391422848121
15017,1739981391422697352,1739981391423294081
15018,1739981391423040012,1739981391423808262
15019,1739981391423489348,1739981391424385232
15020,1739981391423999830,1739981391424876823
15021,1739981391424739198,1739981391425377231
15022,1739981391425083969,1739981391425918463
15023,1739981391425585956,1739981391426921225
15024,1739981391426130977,1739981391427327635
15025,1739981391427185184,1739981391427824820
15026,1739981391427561758,1739981391428537072
15027,1739981391428011830,1739981391429223992
15028,1739981391428753703,1739981391429619687
15029,1739981391429440014,1739981391430057031
15030,1739981391429818447,1739981391431286380
15031,1739981391430222061,1739981391431709597
15032,1739981391431548595,1739981391432053736
15033,1739981391431938344,1739981391433240796
15034,1739981391432226024,1739981391433627546
15035,1739981391433509547,1739981391433985028
15036,1739981391433826016,1739981391434507116
15037,1739981391434176626,1739981391435037887
15038,1739981391434722214,1739981391435757232
15039,1739981391435307792,1739981391436244244
15040,1739981391435959994,1739981391436578010
15041,1739981391436440158,1739981391437165709
15042,1739981391436754674,1739981391438015044
15043,1739981391437451580,1739981391438393937
15044,1739981391438263783,1739981391438788053
15045,1739981391438615594,1739981391439579482
15046,1739981391439009143,1739981391440222834
15047,1739981391440054921,1739981391440626328
15048,1739981391440451328,1739981391441320087
15049,1739981391440807810,1739981391442070873
15050,1739981391441501354,1739981391442545760
15051,1739981391442272641,1739981391443048887
15052,1739981391442738422,1739981391443835191
15053,1739981391443228483,1739981391444408824
15054,1739981391444211363,1739981391444868826
15055,1739981391444605835,1739981391445692947
15056,1739981391445062334,1739981391446239688
15057,1739981391446014606,1739981391446664516
15058,1739981391446469500,1739981391447302139
15059,1739981391446888555,1739981391447857614
15060,1739981391447523597,1739981391448468892
15061,1739981391448236078,1739981391448842812
15062,1739981391448718980,1739981391449152788
15063,1739981391449065613,1739981391449997000
15064,1739981391449346297,1739981391450470080
15065,1739981391450266486,1739981391450975476
15066,1739981391450691077,1739981391451621617
15067,1739981391451163902,1739981391452321735
15068,1739981391451960678,1739981391452705979
15069,1739981391452530624,1739981391453072747
15070,1739981391452914260,1739981391453759329
15071,1739981391453222204,1739981391454656223
15072,1739981391454038760,1739981391455065508
15073,1739981391454886654,1739981391455476249
15074,1739981391455316634,1739981391455922010
15075,1739981391455672166,1739981391456761924
15076,1739981391456132177,1739981391457252797
15077,1739981391457153888,1739981391457640713
15078,1739981391457471067,1739981391458273593
15079,1739981391457848471,1739981391458887862
15080,1739981391458480641,1739981391459419544
15081,1739981391459239534,1739981391459789281
15082,1739981391459693102,1739981391460143523
15083,1739981391460006704,1739981391460907761
15084,1739981391460372784,1739981391461687173
15085,1739981391461158842,1739981391462079805
15086,1739981391461885105,1739981391462488383
15087,1739981391462271434,1739981391463405338
15088,1739981391462667389,1739981391463942046
15089,1739981391463780055,1739981391464382120
15090,1739981391464114667,1739981391464681589
15091,1739981391464581449,1739981391465776111
15092,1739981391464881040,1739981391466171977
15093,1739981391465966986,1739981391466545697
15094,1739981391466358578,1739981391467578755
15095,1739981391466775584,1739981391468123811
15096,1739981391467913506,1739981391468512351
15097,1739981391468328473,1739981391469357679
15098,1739981391468687112,1739981391469815229
15099,1739981391469634941,1739981391470186402
15100,1739981391470003071,1739981391471045846
15101,1739981391470423781,1739981391471684821
15102,1739981391471242431,1739981391472057252
15103,1739981391471895963,1739981391472488873
15104,1739981391472217964,1739981391473163779
15105,1739981391472716312,1739981391473889164
15106,1739981391473447665,1739981391474378872
15107,1739981391474145890,1739981391474760108
15108,1739981391474617681,1739981391475122935
15109,1739981391475009019,1739981391475769125
15110,1739981391475352293,1739981391476486043
15111,1739981391476006582,1739981391476957187
15112,1739981391476758814,1739981391477358107
15113,1739981391477172099,1739981391477995135
15114,1739981391477628291,1739981391478751172
15115,1739981391478267744,1739981391479195516
15116,1739981391479032051,1739981391479587593
15117,1739981391479407219,1739981391480377195
15118,1739981391479785261,1739981391481005996
15119,1739981391480542715,1739981391481352770
15120,1739981391481263008,1739981391481852168
15121,1739981391481503330,1739981391482224522
15122,1739981391482048933,1739981391482785134
15123,1739981391482475148,1739981391483691577
15124,1739981391483032657,1739981391484076520
15125,1739981391483929117,1739981391484565415
15126,1739981391484328314,1739981391484917156
15127,1739981391484768950,1739981391486079368
15128,1739981391485118887,1739981391486530797
15129,1739981391486315104,1739981391487086761
15130,1739981391486920563,1739981391487945001
15131,1739981391487312212,1739981391488785541
15132,1739981391488135591,1739981391489232916
15133,1739981391489028700,1739981391489732130
15134,1739981391489460688,1739981391490634184
15135,1739981391489933156,1739981391491178986
15136,1739981391491016624,1739981391491705149
15137,1739981391491429056,1739981391492581677
15138,1739981391491907770,1739981391493221366
15139,1739981391492753131,1739981391493644170
15140,1739981391493421115,1739981391493944550
15141,1739981391493810553,1739981391494703082
15142,1739981391494122290,1739981391495304874
15143,1739981391494921197,1739981391495616658
15144,1739981391495508754,1739981391495924380
15145,1739981391495817131,1739981391496541774
15146,1739981391496130977,1739981391497517611
15147,1739981391497267869,1739981391497901682
15148,1739981391497735567,1739981391498329073
15149,1739981391498071214,1739981391499132350
15150,1739981391498543285,1739981391499911554
15151,1739981391499307622,1739981391500413931
15152,1739981391500175226,1739981391500840623
15153,1739981391500670602,1739981391501367986
15154,1739981391501052754,1739981391502336928
15155,1739981391501552718,1739981391502737764
15156,1739981391502581269,1739981391503126553
15157,1739981391502976699,1739981391504326644
15158,1739981391503334732,1739981391504848217
15159,1739981391504599580,1739981391505296712
15160,1739981391505044201,1739981391506196287
15161,1739981391505509898,1739981391506880182
15162,1739981391506561805,1739981391507380023
15163,1739981391507121025,1739981391508485292
15164,1739981391507596090,1739981391508873515
15165,1739981391508724197,1739981391509181940
15166,1739981391509097957,1739981391509499332
15167,1739981391509368324,1739981391510574481
15168,1739981391509756248,1739981391510906123
15169,1739981391510815402,1739981391511217212
15170,1739981391511119343,1739981391511658884
15171,1739981391511418529,1739981391512446282
15172,1739981391511979876,1739981391513014928
15173,1739981391512844791,1739981391513402712
15174,1739981391513225228,1739981391514128392
15175,1739981391513585787,1739981391514689391
15176,1739981391514456174,1739981391515115067
15177,1739981391514986842,1739981391515605390
15178,1739981391515330579,1739981391516602414
15179,1739981391515820870,1739981391517160332
15180,1739981391517020664,1739981391517521126
15181,1739981391517402494,1739981391518673580
15182,1739981391517747944,1739981391519046426
15183,1739981391518947160,1739981391519434918
15184,1739981391519210616,1739981391520379387
15185,1739981391519645213,1739981391520819670
15186,1739981391520728652,1739981391521182667
15187,1739981391520980122,1739981391521877320
15188,1739981391521372621,1739981391522538162
15189,1739981391522103062,1739981391522922793
15190,1739981391522754178,1739981391523284641
15191,1739981391523201597,1739981391523725680
15192,1739981391523507489,1739981391524534994
15193,1739981391523947118,1739981391525423745
15194,1739981391524848984,1739981391525820266
15195,1739981391525660615,1739981391526253651
15196,1739981391526046010,1739981391527098527
15197,1739981391526465756,1739981391527845697
15198,1739981391527283604,1739981391528256378
15199,1739981391528069215,1739981391528666114
15200,1739981391528479548,1739981391529718571
15201,1739981391528868388,1739981391530264418
15202,1739981391530006289,1739981391531162191
15203,1739981391530480515,1739981391531839402
15204,1739981391531343511,1739981391532752878
15205,1739981391532111408,1739981391533265505
15206,1739981391533097230,1739981391533691317
15207,1739981391533505376,1739981391534544755
15208,1739981391534069172,1739981391534980750
15209,1739981391534792126,1739981391535407905
15210,1739981391535190780,1739981391535745597
15211,1739981391535661648,1739981391536389736
15212,1739981391536077847,1739981391537256071
15213,1739981391536554778,1739981391537668676
15214,1739981391537495252,1739981391538041573
15215,1739981391537867378,1739981391538391067
15216,1739981391538211138,1739981391539234336
15217,1739981391538580137,1739981391539748843
15218,1739981391539572172,1739981391540099539
15219,1739981391539972913,1739981391540800996
15220,1739981391540365657,1739981391541646475
15221,1739981391541058118,1739981391542052253
15222,1739981391541881530,1739981391542392466
15223,1739981391542263746,1739981391543234682
15224,1739981391542605511,1739981391543933931
15225,1739981391543444985,1739981391544468207
15226,1739981391544200879,1739981391544851743
15227,1739981391544707347,1739981391545661713
15228,1739981391545037121,1739981391546090532
15229,1739981391546023028,1739981391546598852
15230,1739981391546271095,1739981391546946815
15231,1739981391546892816,1739981391547753983
15232,1739981391547352408,1739981391548222255
15233,1739981391548101427,1739981391548685163
15234,1739981391548364920,1739981391549071829
15235,1739981391548873444,1739981391550238241
15236,1739981391549255433,1739981391550648043
15237,1739981391550513973,1739981391551004578
15238,1739981391550896070,1739981391551575352
15239,1739981391551242090,1739981391552324715
15240,1739981391551856683,1739981391552757463
15241,1739981391552542584,1739981391553131542
15242,1739981391552948770,1739981391553873739
15243,1739981391553334201,1739981391554725781
15244,1739981391554099915,1739981391555105955
15245,1739981391554976630,1739981391555480226
15246,1739981391555355419,1739981391555848449
15247,1739981391555707933,1739981391556504007
15248,1739981391556182425,1739981391556946484
15249,1739981391556665994,1739981391557544551
15250,1739981391557303904,1739981391557879579
15251,1739981391557735646,1739981391558165367
15252,1739981391558066494,1739981391559075233
15253,1739981391558405597,1739981391559548770
15254,1739981391559444512,1739981391559987217
15255,1739981391559770149,1739981391560816156
15256,1739981391560178095,1739981391561568571
15257,1739981391561045024,1739981391562059034
15258,1739981391561815971,1739981391563084628
15259,1739981391562244978,1739981391563504079
15260,1739981391563317231,1739981391563882885
15261,1739981391563713035,1739981391564408917
15262,1739981391564087655,1739981391565265000
15263,1739981391564610975,1739981391565750980
15264,1739981391565581671,1739981391566185343
15265,1739981391565983911,1739981391567447052
15266,1739981391566396576,1739981391567898605
15267,1739981391567681612,1739981391568279009
15268,1739981391568095539,1739981391568862622
15269,1739981391568489102,1739981391569429793
15270,1739981391569112570,1739981391569876088
15271,1739981391569721429,1739981391570300156
15272,1739981391570099892,1739981391570641230
15273,1739981391570517173,1739981391571612048
15274,1739981391571124384,1739981391571985796
15275,1739981391571869918,1739981391572979654
15276,1739981391572218263,1739981391573680544
15277,1739981391573169727,1739981391574130829
15278,1739981391573943130,1739981391574639378
15279,1739981391574395178,1739981391575525810
15280,1739981391574868988,1739981391576027386
15281,1739981391575913570,1739981391576477987
15282,1739981391576214561,1739981391577344790
15283,1739981391576699677,1739981391577966055
15284,1739981391577705303,1739981391578380981
15285,1739981391578172776,1739981391579274899
15286,1739981391578564439,1739981391579920982
15287,1739981391579610063,1739981391580317932
15288,1739981391580148440,1739981391581145170
15289,1739981391580523401,1739981391581764329
15290,1739981391581477527,1739981391582120632
15291,1739981391581953191,1739981391582773046
15292,1739981391582326456,1739981391583494317
15293,1739981391582929482,1739981391583853343
15294,1739981391583779648,1739981391584342708
15295,1739981391584039258,1739981391584687526
15296,1739981391584554934,1739981391585384277
15297,1739981391584897820,1739981391586086626
15298,1739981391585548969,1739981391586478098
15299,1739981391586334712,1739981391586867970
15300,1739981391586676656,1739981391587272199
15301,1739981391587083349,1739981391588148345
15302,1739981391587483843,1739981391588713925
15303,1739981391588529975,1739981391589134071
15304,1739981391588914573,1739981391589561853
15305,1739981391589341683,1739981391590705404
15306,1739981391589735268,1739981391591157710
15307,1739981391590920649,1739981391591513208
15308,1739981391591394620,1739981391592647017
15309,1739981391591729318,1739981391593112444
15310,1739981391592934219,1739981391593553631
15311,1739981391593340018,1739981391594436564
15312,1739981391593736695,1739981391595033927
15313,1739981391594653877,1739981391595370488
15314,1739981391595233062,1739981391595759260
15315,1739981391595579320,1739981391596588299
15316,1739981391595942456,1739981391597166658
15317,1739981391596762551,1739981391597597012
15318,1739981391597412657,1739981391598035658
15319,1739981391597804735,1739981391598904802
15320,1739981391598213836,1739981391599470707
15321,1739981391599236983,1739981391599929876
15322,1739981391599697529,1739981391600665686
15323,1739981391600138323,1739981391601235020
15324,1739981391600985866,1739981391601708826
15325,1739981391601546046,1739981391602129968
15326,1739981391601915125,1739981391602570195
15327,1739981391602320212,1739981391603435098
15328,1739981391602752230,1739981391604023189
15329,1739981391603821613,1739981391604522056
15330,1739981391604263542,1739981391605281150
15331,1739981391604700029,1739981391606106231
15332,1739981391605546590,1739981391606524740
15333,1739981391606361352,1739981391606831546
15334,1739981391606725595,1739981391607433666
15335,1739981391607094628,1739981391608252107
15336,1739981391607715905,1739981391608641429
15337,1739981391608474918,1739981391608980077
15338,1739981391608838379,1739981391609484222
15339,1739981391609199304,1739981391610319608
15340,1739981391609734201,1739981391611003339
15341,1739981391610705820,1739981391611421850
15342,1739981391611231050,1739981391612077309
15343,1739981391611620268,1739981391612850162
15344,1739981391612434313,1739981391613232293
15345,1739981391613107961,1739981391613674149
15346,1739981391613455192,1739981391614017490
15347,1739981391613872024,1739981391615055207
15348,1739981391614404937,1739981391615532377
15349,1739981391615296867,1739981391615948410
15350,1739981391615742570,1739981391616918224
15351,1739981391616143097,1739981391617440346
15352,1739981391617239488,1739981391617793015
15353,1739981391617659171,1739981391618554742
15354,1739981391618011008,1739981391619141998
15355,1739981391618697534,1739981391619635596
15356,1739981391619477575,1739981391620037363
15357,1739981391619849350,1739981391620378153
15358,1739981391620240218,1739981391621494663
15359,1739981391620576559,1739981391621882518
15360,1739981391621722097,1739981391622304983
15361,1739981391622155933,1739981391623062940
15362,1739981391622546856,1739981391623773880
15363,1739981391623255105,1739981391624233042
15364,1739981391624035525,1739981391624639406
15365,1739981391624416722,1739981391625099857
15366,1739981391624847259,1739981391625939130
15367,1739981391625276570,1739981391626626288
15368,1739981391626098562,1739981391627130135
15369,1739981391626866031,1739981391627502423
15370,1739981391627374105,1739981391628331882
15371,1739981391627682355,1739981391628878541
15372,1739981391628692170,1739981391629230973
15373,1739981391629133965,1739981391630062731
15374,1739981391629436581,1739981391630698675
15375,1739981391630412413,1739981391631064422
15376,1739981391630901848,1739981391631633528
15377,1739981391631207653,1739981391632474161
15378,1739981391631901986,1739981391632977223
15379,1739981391632740268,1739981391633347814
15380,1739981391633211590,1739981391634401713
15381,1739981391633592639,1739981391634929960
15382,1739981391634698095,1739981391635359250
15383,1739981391635158503,1739981391636137152
15384,1739981391635565940,1739981391636735453
15385,1739981391636458860,1739981391637209660
15386,1739981391636975093,1739981391638071945
15387,1739981391637423556,1739981391638548955
15388,1739981391638360700,1739981391639105885
15389,1739981391638912853,1739981391639565428
15390,1739981391639338456,1739981391640248811
15391,1739981391639779472,1739981391640995571
15392,1739981391640452659,1739981391641435066
15393,1739981391641177242,1739981391641765768
15394,1739981391641645779,1739981391642076987
15395,1739981391641969524,1739981391643137502
15396,1739981391642281763,1739981391643529807
15397,1739981391643332094,1739981391643900235
15398,1739981391643745838,1739981391644391593
15399,1739981391644106855,1739981391644874357
15400,1739981391644580241,1739981391645669840
15401,1739981391645168864,1739981391646280487
15402,1739981391645989236,1739981391646830170
15403,1739981391646502402,1739981391647671441
15404,1739981391647024533,1739981391648342609
15405,1739981391647884952,1739981391648759407
15406,1739981391648520300,1739981391649130134
15407,1739981391648970730,1739981391649542464
15408,1739981391649321044,1739981391650442466
15409,1739981391649739645,1739981391650986163
15410,1739981391650841103,1739981391651512787
15411,1739981391651210569,1739981391652430404
15412,1739981391651723074,1739981391652940769
15413,1739981391652748383,1739981391653363174
15414,1739981391653171469,1739981391653723982
15415,1739981391653574393,1739981391654593230
15416,1739981391653991737,1739981391655131605
15417,1739981391654916011,1739981391655591814
15418,1739981391655443609,1739981391655948057
15419,1739981391655771668,1739981391656348652
15420,1739981391656155505,1739981391657224453
15421,1739981391656558707,1739981391657719117
15422,1739981391657557553,1739981391658162557
15423,1739981391657930837,1739981391658775881
15424,1739981391658382181,1739981391659726811
15425,1739981391659092303,1739981391660208337
15426,1739981391659988517,1739981391660662068
15427,1739981391660416231,1739981391661329112
15428,1739981391660829848,1739981391662086470
15429,1739981391661611841,1739981391662459007
15430,1739981391662313790,1739981391663607966
15431,1739981391662670241,1739981391664253340
15432,1739981391663933989,1739981391664661217
15433,1739981391664532729,1739981391665022804
15434,1739981391664858534,1739981391666186156
15435,1739981391665195773,1739981391666595889
15436,1739981391666423277,1739981391667007241
15437,1739981391666800651,1739981391667981149
15438,1739981391667239839,1739981391668467328
15439,1739981391668323440,1739981391668800010
15440,1739981391668682516,1739981391669270278
15441,1739981391669004984,1739981391669981293
15442,1739981391669480864,1739981391670713816
15443,1739981391670196306,1739981391671172257
15444,1739981391670958970,1739981391671528665
15445,1739981391671383990,1739981391672398898
15446,1739981391671709569,1739981391672925629
15447,1739981391672735062,1739981391673427113
15448,1739981391673173614,1739981391674494037
15449,1739981391673631609,1739981391674916254
15450,1739981391674670101,1739981391675316971
15451,1739981391675108118,1739981391676467894
15452,1739981391675499729,1739981391677060772
15453,1739981391676752433,1739981391677427823
15454,1739981391677252209,1739981391678282976
15455,1739981391677633518,1739981391678912874
15456,1739981391678675034,1739981391679318497
15457,1739981391679154951,1739981391680177911
15458,1739981391679519985,1739981391680743747
15459,1739981391680568266,1739981391681106716
15460,1739981391680947238,1739981391681693796
15461,1739981391681302034,1739981391682627255
15462,1739981391681979945,1739981391682974126
15463,1739981391682895759,1739981391683313824
15464,1739981391683138975,1739981391683765362
15465,1739981391683546278,1739981391684535092
15466,1739981391684182429,1739981391685158000
15467,1739981391684690363,1739981391685526172
15468,1739981391685394591,1739981391685865813
15469,1739981391685763418,1739981391686220565
15470,1739981391686054546,1739981391686991936
15471,1739981391686416418,1739981391687746605
15472,1739981391687176253,1739981391688183027
15473,1739981391688025646,1739981391689363680
15474,1739981391688506361,1739981391689891573
15475,1739981391689627237,1739981391690260903
15476,1739981391690148854,1739981391690727085
15477,1739981391690484726,1739981391691705452
15478,1739981391690993638,1739981391692090439
15479,1739981391691978740,1739981391692433090
15480,1739981391692207244,1739981391692849768
15481,1739981391692624315,1739981391693568109
15482,1739981391693107191,1739981391694075748
15483,1739981391693821812,1739981391694761025
15484,1739981391694441256,1739981391695145773
15485,1739981391694966247,1739981391695580745
15486,1739981391695345850,1739981391696474957
15487,1739981391695762975,1739981391697111279
15488,1739981391696808678,1739981391697521768
15489,1739981391697309263,1739981391698315150
15490,1739981391697715020,1739981391698805171
15491,1739981391698491563,1739981391699349473
15492,1739981391699137405,1739981391699890127
15493,1739981391699601702,1739981391701092947
15494,1739981391700142549,1739981391701665889
15495,1739981391701337114,1739981391702120120
15496,1739981391701873847,1739981391702918195
15497,1739981391702331910,1739981391703657942
15498,1739981391703246057,1739981391704038596
15499,1739981391703886323,1739981391704460144
15500,1739981391704212202,1739981391705364905
15501,1739981391704654343,1739981391705765036
15502,1739981391705643819,1739981391706135310
15503,1739981391705991829,1739981391706568225
15504,1739981391706294186,1739981391707249264
15505,1739981391706742712,1739981391707708273
15506,1739981391707445611,1739981391708188568
15507,1739981391707983631,1739981391708649942
15508,1739981391708386914,1739981391709061264
15509,1739981391708844086,1739981391709921426
15510,1739981391709216909,1739981391710423751
15511,1739981391710283812,1739981391710829241
15512,1739981391710611226,1739981391711616394
15513,1739981391710997231,1739981391712215010
15514,1739981391711921046,1739981391712612393
15515,1739981391712429715,1739981391713468384
15516,1739981391712829606,1739981391714020524
15517,1739981391713771338,1739981391714520562
15518,1739981391714263013,1739981391714883821
15519,1739981391714741926,1739981391715689820
15520,1739981391715107980,1739981391716374574
15521,1739981391715990667,1739981391716747683
15522,1739981391716609309,1739981391717192323
15523,1739981391716941830,1739981391717506747
15524,1739981391717401135,1739981391718178389
15525,1739981391717669700,1739981391718975050
15526,1739981391718403402,1739981391719388643
15527,1739981391719189212,1739981391719852947
15528,1739981391719577282,1739981391720748470
15529,1739981391720064163,1739981391721358808
15530,1739981391721083159,1739981391721864650
15531,1739981391721641891,1739981391722338602
15532,1739981391722090436,1739981391723484394
15533,1739981391722526017,1739981391723901548
15534,1739981391723750552,1739981391724368554
15535,1739981391724151953,1739981391724853331
15536,1739981391724546348,1739981391725727792
15537,1739981391725055338,1739981391726324492
15538,1739981391726015769,1739981391726881230
15539,1739981391726538799,1739981391727923543
15540,1739981391727078664,1739981391728486939
15541,1739981391728249433,1739981391728894072
15542,1739981391728707397,1739981391729665936
15543,1739981391729104213,1739981391730241912
15544,1739981391730029585,1739981391730670706
15545,1739981391730457618,1739981391731026440
15546,1739981391730888239,1739981391731671420
15547,1739981391731251863,1739981391732610374
15548,1739981391731973089,1739981391732998442
15549,1739981391732843906,1739981391733393925
15550,1739981391733245916,1739981391734066082
15551,1739981391733604590,1739981391734875282
15552,1739981391734462477,1739981391735242235
15553,1739981391735091908,1739981391735594117
15554,1739981391735423365,1739981391735909831
15555,1739981391735764521,1739981391736947969
15556,1739981391736091958,1739981391737403334
15557,1739981391737210638,1739981391737737602
15558,1739981391737608495,1739981391738633923
15559,1739981391737949408,1739981391739200797
15560,1739981391738953718,1739981391739619092
15561,1739981391739412836,1739981391740726169
15562,1739981391739826580,1739981391741087090
15563,1739981391740913149,1739981391741450011
15564,1739981391741274862,1739981391742288592
15565,1739981391741623834,1739981391742932213
15566,1739981391742473585,1739981391743266514
15567,1739981391743188854,1739981391743622261
15568,1739981391743444055,1739981391744030822
15569,1739981391743827687,1739981391744866393
15570,1739981391744208150,1739981391745505552
15571,1739981391745026167,1739981391745892179
15572,1739981391745729629,1739981391746224189
15573,1739981391746086709,1739981391746595717
15574,1739981391746433251,1739981391747364432
15575,1739981391746794095,1739981391748107778
15576,1739981391747563508,1739981391748543276
15577,1739981391748363691,1739981391748938040
15578,1739981391748750811,1739981391749424497
15579,1739981391749128057,1739981391750229322
15580,1739981391749594154,1739981391750929574
15581,1739981391750420854,1739981391751342126
15582,1739981391751139768,1739981391751697666
15583,1739981391751522638,1739981391752016141
15584,1739981391751883918,1739981391752910721
15585,1739981391752181587,1739981391753395074
15586,1739981391753269883,1739981391753753944
15587,1739981391753579081,1739981391754076498
15588,1739981391753949070,1739981391754605470
15589,1739981391754287249,1739981391755459082
15590,1739981391754991709,1739981391756058230
15591,1739981391755823671,1739981391756409770
15592,1739981391756255663,1739981391757042561
15593,1739981391756643037,1739981391757833190
15594,1739981391757292878,1739981391758220789
15595,1739981391758053192,1739981391758725866
15596,1739981391758464569,1739981391759105632
15597,1739981391758913817,1739981391760039131
15598,1739981391759286741,1739981391760547562
15599,1739981391760252519,1739981391760947844
15600,1739981391760802478,1739981391761690807
15601,1739981391761158699,1739981391762397358
15602,1739981391761879642,1739981391762781766
15603,1739981391762607933,1739981391763164189
15604,1739981391762991719,1739981391764013254
15605,1739981391763383172,1739981391764427549
15606,1739981391764224202,1739981391765135632
15607,1739981391764805685,1739981391765466137
15608,1739981391765316408,1739981391765918716
15609,1739981391765647707,1739981391766624251
15610,1739981391766114758,1739981391767364460
15611,1739981391766823461,1739981391767805527
15612,1739981391767600590,1739981391768185730
15613,1739981391768067517,1739981391768726764
15614,1739981391768397995,1739981391769715211
15615,1739981391768950322,1739981391770125606
15616,1739981391770020920,1739981391770443702
15617,1739981391770348707,1739981391771393608
15618,1739981391770583379,1739981391771936519
15619,1739981391771740461,1739981391772335459
15620,1739981391772175472,1739981391773246835
15621,1739981391772556146,1739981391773705030
15622,1739981391773578392,1739981391774055741
15623,1739981391773981443,1739981391774498683
15624,1739981391774184866,1739981391775011949
15625,1739981391774664389,1739981391775721634
15626,1739981391775426860,1739981391776088170
15627,1739981391775954025,1739981391776592619
15628,1739981391776316254,1739981391776979080
15629,1739981391776788162,1739981391778111487
15630,1739981391777228764,1739981391778576294
15631,1739981391778376565,1739981391778980050
15632,1739981391778802814,1739981391779333334
15633,1739981391779202864,1739981391780179956
15634,1739981391779549689,1739981391780818835
15635,1739981391780518045,1739981391781234276
15636,1739981391781057421,1739981391782144830
15637,1739981391781451257,1739981391782701509
15638,1739981391782509101,1739981391783134049
15639,1739981391782925078,1739981391783972879
15640,1739981391783322835,1739981391784492448
15641,1739981391784302870,1739981391784840834
15642,1739981391784744573,1739981391785171139
15643,1739981391785094288,1739981391785658670
15644,1739981391785392050,1739981391786556813
15645,1739981391785865412,1739981391787024018
15646,1739981391786943355,1739981391787467522
15647,1739981391787166074,1739981391787864926
15648,1739981391787707625,1739981391788954036
15649,1739981391788262458,1739981391789360695
15650,1739981391789241879,1739981391789785212
15651,1739981391789560583,1739981391790291184
15652,1739981391789989134,1739981391791102062
15653,1739981391790608023,1739981391791563653
15654,1739981391791385935,1739981391792039646
15655,1739981391791780206,1739981391792948539
15656,1739981391792227621,1739981391793547510
15657,1739981391793257156,1739981391793960769
15658,1739981391793779664,1739981391794490686
15659,1739981391794170536,1739981391795738305
15660,1739981391794727659,1739981391796216870
15661,1739981391796019378,1739981391796607215
15662,1739981391796402801,1739981391797324353
15663,1739981391796821942,1739981391798018553
15664,1739981391797621303,1739981391798380240
15665,1739981391798218497,1739981391798798139
15666,1739981391798574167,1739981391799177140
15667,1739981391798989125,1739981391799944449
15668,1739981391799454247,1739981391800671792
15669,1739981391800227092,1739981391801145551
15670,1739981391800924502,1739981391801494803
15671,1739981391801384363,1739981391801887393
15672,1739981391801728329,1739981391803044740
15673,1739981391802217071,1739981391803558689
15674,1739981391803292962,1739981391804065144
15675,1739981391803811296,1739981391804482865
15676,1739981391804225227,1739981391805273048
15677,1739981391804677703,1739981391806082433
15678,1739981391805432282,1739981391806650452
15679,1739981391806315009,1739981391807181716
15680,1739981391806848777,1739981391807579447
15681,1739981391807374817,1739981391808686883
15682,1739981391807988476,1739981391809163199
15683,1739981391808929866,1739981391809661148
15684,1739981391809379779,1739981391810636631
15685,1739981391809943712,1739981391811071805
15686,1739981391810819325,1739981391811438986
15687,1739981391811264230,1739981391811770828
15688,1739981391811660997,1739981391812806812
15689,1739981391812062975,1739981391813213089
15690,1739981391813068151,1739981391813582063
15691,1739981391813485603,1739981391813899662
15692,1739981391813789629,1739981391814889467
15693,1739981391814103739,1739981391815390722
15694,1739981391815158814,1739981391815860666
15695,1739981391815672918,1739981391816759418
15696,1739981391816090027,1739981391817295207
15697,1739981391817034537,1739981391817717530
15698,1739981391817517952,1739981391818552333
15699,1739981391817917305,1739981391819196552
15700,1739981391818928804,1739981391819719061
15701,1739981391819444483,1739981391820926500
15702,1739981391819909226,1739981391821326620
15703,1739981391821179159,1739981391821761290
15704,1739981391821538069,1739981391822897638
15705,1739981391822160117,1739981391823337374
15706,1739981391823177265,1739981391823744678
15707,1739981391823593193,1739981391825023136
15708,1739981391823976564,1739981391825447263
15709,1739981391825372874,1739981391825816989
15710,1739981391825630769,1739981391826208140
15711,1739981391826026018,1739981391826939119
15712,1739981391826441551,1739981391827533823
15713,1739981391827111254,1739981391828062868
15714,1739981391827736626,1739981391828484670
15715,1739981391828402885,1739981391829506066
15716,1739981391828792379,1739981391830008476
15717,1739981391829826795,1739981391830402215
15718,1739981391830262031,1739981391831182302
15719,1739981391830625431,1739981391831789618
15720,1739981391831342834,1739981391832224765
15721,1739981391832037243,1739981391832665782
15722,1739981391832414193,1739981391833564181
15723,1739981391832850127,1739981391834115019
15724,1739981391833950500,1739981391834614480
15725,1739981391834363927,1739981391835171899
15726,1739981391834818042,1739981391835971672
15727,1739981391835361628,1739981391836396763
15728,1739981391836234932,1739981391836732094
15729,1739981391836611385,1739981391837034783
15730,1739981391836926261,1739981391837848354
15731,1739981391837234919,1739981391838565893
15732,1739981391837981613,1739981391838871009
15733,1739981391838741488,1739981391839164332
15734,1739981391839045584,1739981391839580643
15735,1739981391839343303,1739981391840450383
15736,1739981391839750975,1739981391841066301
15737,1739981391840835922,1739981391841434379
15738,1739981391841228527,1739981391842152808
15739,1739981391841637419,1739981391842782531
15740,1739981391842422730,1739981391843196106
15741,1739981391843053313,1739981391844110650
15742,1739981391843400773,1739981391844817831
15743,1739981391844504599,1739981391845213451
15744,1739981391845000962,1739981391846178204
15745,1739981391845407181,1739981391846768663
15746,1739981391846516294,1739981391847216403
15747,1739981391847003706,1739981391848169498
15748,1739981391847430847,1739981391848695200
15749,1739981391848526965,1739981391849103637
15750,1739981391848911857,1739981391849434350
15751,1739981391849335217,1739981391850509926
15752,1739981391849600110,1739981391850883824
15753,1739981391850736851,1739981391851214107
15754,1739981391851108907,1739981391851558297
15755,1739981391851421349,1739981391852643861
15756,1739981391851774440,1739981391853081416
15757,1739981391852922679,1739981391853515338
15758,1739981391853284553,1739981391854041428
15759,1739981391853733939,1739981391854870152
15760,1739981391854370132,1739981391855255047
15761,1739981391855087317,1739981391855671119
15762,1739981391855465481,1739981391856184706
15763,1739981391855869317,1739981391857281970
15764,1739981391856365221,1739981391857729543
15765,1739981391857488534,1739981391858164291
15766,1739981391857950327,1739981391859030816
15767,1739981391858350950,1739981391859530402
15768,1739981391859323604,1739981391859909417
15769,1739981391859769309,1739981391860357519
15770,1739981391860140528,1739981391860987538
15771,1739981391860572748,1739981391861506647
15772,1739981391861301725,1739981391861844617
15773,1739981391861689568,1739981391862176440
15774,1739981391862034577,1739981391862920446
15775,1739981391862363026,1739981391863657376
15776,1739981391863075571,1739981391864075812
15777,1739981391863859403,1739981391864523824
15778,1739981391864282572,1739981391865355034
15779,1739981391864725666,1739981391865939606
15780,1739981391865691645,1739981391866355296
15781,1739981391866205082,1739981391867182796
15782,1739981391866569682,1739981391867693204
15783,1739981391867565598,1739981391868139882
15784,1739981391867888309,1739981391868841681
15785,1739981391868332155,1739981391869580514
15786,1739981391869122310,1739981391870075159
15787,1739981391869851183,1739981391870414992
15788,1739981391870287736,1739981391870833351
15789,1739981391870610106,1739981391871685149
15790,1739981391871035576,1739981391872131484
15791,1739981391872090449,1739981391872483040
15792,1739981391872370382,1739981391872942475
15793,1739981391872722202,1739981391873692106
15794,1739981391873195163,1739981391874366905
15795,1739981391873967840,1739981391874786431
15796,1739981391874581871,1739981391875178326
15797,1739981391875016862,1739981391875615127
15798,1739981391875381801,1739981391876406265
15799,1739981391875798172,1739981391877167208
15800,1739981391876571966,1739981391877522173
15801,1739981391877442287,1739981391877875381
15802,1739981391877645610,1739981391878250922
15803,1739981391878086099,1739981391879022230
15804,1739981391878436146,1739981391879610175
15805,1739981391879349117,1739981391880165126
15806,1739981391879823386,1739981391881072235
15807,1739981391880282148,1739981391881575591
15808,1739981391881362631,1739981391882023394
15809,1739981391881782975,1739981391882934403
15810,1739981391882205011,1739981391883523705
15811,1739981391883079498,1739981391883909683
15812,1739981391883751195,1739981391884383815
15813,1739981391884168580,1739981391884727973
15814,1739981391884576392,1739981391885556003
15815,1739981391884956786,1739981391886026539
15816,1739981391885880703,1739981391886387835
15817,1739981391886246739,1739981391886749543
15818,1739981391886628660,1739981391887826080
15819,1739981391886953989,1739981391888248104
15820,1739981391888058052,1739981391888709218
15821,1739981391888496345,1739981391889102922
15822,1739981391888948993,1739981391890203854
15823,1739981391889423059,1739981391890565621
15824,1739981391890419915,1739981391890973977
15825,1739981391890758912,1739981391891456510
15826,1739981391891164697,1739981391892616108
15827,1739981391891875443,1739981391893154493
15828,1739981391892860508,1739981391893603169
15829,1739981391893376184,1739981391894746894
15830,1739981391893772586,1739981391895333504
15831,1739981391894967692,1739981391895826880
15832,1739981391895580249,1739981391896759991
15833,1739981391896019164,1739981391897336718
15834,1739981391897164407,1739981391897744084
15835,1739981391897539395,1739981391898524284
15836,1739981391897933277,1739981391899050496
15837,1739981391898983958,1739981391899452375
15838,1739981391899236245,1739981391899779998
15839,1739981391899667609,1739981391900750758
15840,1739981391899975119,1739981391901185718
15841,1739981391901015435,1739981391901580279
15842,1739981391901377246,1739981391901979610
15843,1739981391901765795,1739981391902996368
15844,1739981391902165618,1739981391903503947
15845,1739981391903225194,1739981391903975305
15846,1739981391903692950,1739981391904544831
15847,1739981391904186743,1739981391905241377
15848,1739981391904752130,1739981391906125560
15849,1739981391905465834,1739981391906538063
15850,1739981391906362030,1739981391907047681
15851,1739981391906740636,1739981391908062291
15852,1739981391907210621,1739981391908477954
15853,1739981391908272362,1739981391908956898
15854,1739981391908694652,1739981391909678174
15855,1739981391909212137,1739981391910421257
15856,1739981391909841180,1739981391910847047
15857,1739981391910637922,1739981391911193127
15858,1739981391911045118,1739981391911513444
15859,1739981391911393026,1739981391912380440
15860,1739981391911724054,1739981391912814554
15861,1739981391912712489,1739981391913208557
15862,1739981391912953207,1739981391914362669
15863,1739981391913402927,1739981391914722528
15864,1739981391914573492,1739981391915175177
15865,1739981391914911026,1739981391916257290
15866,1739981391915352238,1739981391916735594
15867,1739981391916528892,1739981391917203968
15868,1739981391916988582,1739981391917660897
15869,1739981391917460971,1739981391918760002
15870,1739981391918028672,1739981391919172109
15871,1739981391919011586,1739981391919618699
15872,1739981391919384859,1739981391920488845
15873,1739981391919814982,1739981391921039263
15874,1739981391920798782,1739981391921507358
15875,1739981391921247804,1739981391922694369
15876,1739981391921719703,1739981391923166145
15877,1739981391922948556,1739981391923546789
15878,1739981391923371247,1739981391924428983
15879,1739981391923751592,1739981391925265123
15880,1739981391924674602,1739981391925635134
15881,1739981391925510770,1739981391926389657
15882,1739981391925818796,1739981391927101063
15883,1739981391926576278,1739981391927458730
15884,1739981391927354869,1739981391927802713
15885,1739981391927686635,1739981391928188038
15886,1739981391927973185,1739981391928594105
15887,1739981391928414940,1739981391929351509
15888,1739981391928804086,1739981391930061774
15889,1739981391929598999,1739981391930430640
15890,1739981391930321091,1739981391930859106
15891,1739981391930653514,1739981391931862641
15892,1739981391931081944,1739981391932346801
15893,1739981391932092253,1739981391932867145
15894,1739981391932572262,1739981391934017020
15895,1739981391933061214,1739981391934521097
15896,1739981391934277461,1739981391934956834
15897,1739981391934733458,1739981391935822741
15898,1739981391935171334,1739981391936475051
15899,1739981391936044229,1739981391937213447
15900,1739981391936703888,1739981391938093525
15901,1739981391937505674,1739981391938664175
15902,1739981391938318823,1739981391939203216
15903,1739981391938839102,1739981391940385432
15904,1739981391939391435,1739981391940790430
15905,1739981391940656455,1739981391941312785
15906,1739981391940977237,1739981391942474330
15907,1739981391941498053,1739981391942959193
15908,1739981391942727796,1739981391943416149
15909,1739981391943189833,1739981391944170020
15910,1739981391943628312,1739981391944760766
15911,1739981391944398506,1739981391945213061
15912,1739981391944985342,1739981391945540028
15913,1739981391945433859,1739981391945863225
15914,1739981391945750786,1739981391946909961
15915,1739981391946087697,1739981391947283753
15916,1739981391947138699,1739981391947678393
15917,1739981391947467539,1739981391947999902
15918,1739981391947906486,1739981391948978352
15919,1739981391948237361,1739981391949401424
15920,1739981391949253610,1739981391949800815
15921,1739981391949608475,1739981391950263751
15922,1739981391949990877,1739981391951099270
15923,1739981391950602437,1739981391951596840
15924,1739981391951364107,1739981391952087713
15925,1739981391951800744,1739981391952838087
15926,1739981391952347543,1739981391953590443
15927,1739981391953050433,1739981391954128155
15928,1739981391953807670,1739981391954516145
15929,1739981391954305035,1739981391954853380
15930,1739981391954698425,1739981391955710929
15931,1739981391955033247,1739981391956287270
15932,1739981391955875075,1739981391956664716
15933,1739981391956527920,1739981391957072589
15934,1739981391956852532,1739981391957379286
15935,1739981391957212619,1739981391957723065
15936,1739981391957553459,1739981391958573052
15937,1739981391957900840,1739981391959057338
15938,1739981391958891695,1739981391959455834
15939,1739981391959224706,1739981391959791061
15940,1739981391959676237,1739981391960486759
15941,1739981391959986701,1739981391961229544
15942,1739981391960691513,1739981391961606114
15943,1739981391961482186,1739981391962050126
15944,1739981391961814633,1739981391962358704
15945,1739981391962214314,1739981391963176031
15946,1739981391962536868,1739981391963736853
15947,1739981391963492400,1739981391964139915
15948,1739981391963935361,1739981391964513306
15949,1739981391964372412,1739981391965368361
15950,1739981391964697618,1739981391965810003
15951,1739981391965687328,1739981391966185900
15952,1739981391966030802,1739981391966561545
15953,1739981391966367741,1739981391967312103
15954,1739981391966757622,1739981391967955866
15955,1739981391967471735,1739981391968432709
15956,1739981391968179022,1739981391968816546
15957,1739981391968657898,1739981391969254472
15958,1739981391969044177,1739981391969948427
15959,1739981391969462587,1739981391970638900
15960,1739981391970211923,1739981391971045739
15961,1739981391970872179,1739981391971389674
15962,1739981391971242956,1739981391971729873
15963,1739981391971595779,1739981391972777872
15964,1739981391971981278,1739981391973287078
15965,1739981391973029860,1739981391973730103
15966,1739981391973533213,1739981391974144323
15967,1739981391973964138,1739981391975048805
15968,1739981391974403525,1739981391975521047
15969,1739981391975409821,1739981391975952080
15970,1739981391975765086,1739981391976795354
15971,1739981391976356303,1739981391977236562
15972,1739981391977078695,1739981391977600628
15973,1739981391977478622,1739981391978008905
15974,1739981391977795811,1739981391978678038
15975,1739981391978245647,1739981391979354395
15976,1739981391978964527,1739981391979804916
15977,1739981391979592866,1739981391980112835
15978,1739981391980006178,1739981391980573821
15979,1739981391980323129,1739981391981612740
15980,1739981391980786659,1739981391981995970
15981,1739981391981858831,1739981391982406658
15982,1739981391982219738,1739981391982762163
15983,1739981391982603487,1739981391983803853
15984,1739981391982953038,1739981391984355084
15985,1739981391984096336,1739981391984763560
15986,1739981391984564280,1739981391985154202
15987,1739981391984957151,1739981391986128736
15988,1739981391985499366,1739981391986597805
15989,1739981391986336545,1739981391986965328
15990,1739981391986815429,1739981391987747958
15991,1739981391987160297,1739981391988568307
15992,1739981391988093020,1739981391988968430
15993,1739981391988841262,1739981391989374869
15994,1739981391989301359,1739981391989944952
15995,1739981391989731032,1739981391990664687
15996,1739981391990161725,1739981391991295002
15997,1739981391990898782,1739981391991731719
15998,1739981391991484081,1739981391992081348
15999,1739981391991932363,1739981391992466852
16000,1739981391992251018,1739981391993286739
16001,1739981391992635335,1739981391993765951
16002,1739981391993592409,1739981391994126162
16003,1739981391993995905,1739981391994544856
16004,1739981391994320781,1739981391995647098
16005,1739981391994730851,1739981391996019798
16006,1739981391995846916,1739981391996381564
16007,1739981391996241400,1739981391997299831
16008,1739981391996620736,1739981391998098280
16009,1739981391997496210,1739981391998515730
16010,1739981391998316096,1739981391998919348
16011,1739981391998684243,1739981391999683738
16012,1739981391999083791,1739981392000190650
16013,1739981392000065418,1739981392000629309
16014,1739981392000408702,1739981392000957322
16015,1739981392000837563,1739981392001706882
16016,1739981392001161065,1739981392002363008
16017,1739981392002103875,1739981392002767728
16018,1739981392002582702,1739981392003224661
16019,1739981392002963986,1739981392004010574
16020,1739981392003603645,1739981392004573271
16021,1739981392004439950,1739981392004962242
16022,1739981392004827180,1739981392005302276
16023,1739981392005170887,1739981392006136291
16024,1739981392005505488,1739981392006662485
16025,1739981392006462229,1739981392007061696
16026,1739981392006901091,1739981392007477746
16027,1739981392007208540,1739981392008669905
16028,1739981392007732816,1739981392009131603
16029,1739981392008939428,1739981392009562484
16030,1739981392009351960,1739981392009930008
16031,1739981392009789218,1739981392010632989
16032,1739981392010157832,1739981392011305418
16033,1739981392010852333,1739981392011665452
16034,1739981392011527730,1739981392012003142
16035,1739981392011893324,1739981392012587591
16036,1739981392012203290,1739981392013172924
16037,1739981392012833957,1739981392013707408
16038,1739981392013516805,1739981392014123998
16039,1739981392013919064,1739981392014729935
16040,1739981392014513414,1739981392015559400
16041,1739981392014955455,1739981392016303184
16042,1739981392015767156,1739981392016709208
16043,1739981392016550676,1739981392017019010
16044,1739981392016920744,1739981392017930898
16045,1739981392017219536,1739981392018450873
16046,1739981392018258644,1739981392018882233
16047,1739981392018673190,1739981392019800811
16048,1739981392019074196,1739981392020343566
16049,1739981392020145908,1739981392020699634
16050,1739981392020579752,1739981392021503116
16051,1739981392020891601,1739981392021887164
16052,1739981392021654081,1739981392022362432
16053,1739981392022261208,1739981392022781693
16054,1739981392022603868,1739981392023089000
16055,1739981392022986445,1739981392023769381
16056,1739981392023278935,1739981392024505193
16057,1739981392024083874,1739981392025024503
16058,1739981392024767782,1739981392025412738
16059,1739981392025266660,1739981392025914092
16060,1739981392025641247,1739981392026954574
16061,1739981392026126686,1739981392027419802
16062,1739981392027210929,1739981392027826807
16063,1739981392027607613,1739981392028167264
16064,1739981392028024217,1739981392029100138
16065,1739981392028364960,1739981392029672364
16066,1739981392029431730,1739981392030152118
16067,1739981392029927343,1739981392031063878
16068,1739981392030358818,1739981392031644406
16069,1739981392031360124,1739981392032033552
16070,1739981392031854251,1739981392032969689
16071,1739981392032220138,1739981392033629326
16072,1739981392033193327,1739981392034030203
16073,1739981392033873546,1739981392034484737
16074,1739981392034201420,1739981392035312312
16075,1739981392034692694,1739981392035796118
16076,1739981392035651997,1739981392036315401
16077,1739981392036027533,1739981392036891443
16078,1739981392036536789,1739981392037680495
16079,1739981392037073675,1739981392038224279
16080,1739981392037942119,1739981392038628509
16081,1739981392038449920,1739981392039044086
16082,1739981392038839129,1739981392039927257
16083,1739981392039227299,1739981392040528954
16084,1739981392040257473,1739981392040928922
16085,1739981392040742428,1739981392041300486
16086,1739981392041103837,1739981392042073515
16087,1739981392041644171,1739981392042729693
16088,1739981392042342215,1739981392043133430
16089,1739981392042944283,1739981392044026404
16090,1739981392043310384,1739981392044725109
16091,1739981392044207238,1739981392045122051
16092,1739981392045000917,1739981392045669672
16093,1739981392045341252,1739981392046490784
16094,1739981392045877995,1739981392047031932
16095,1739981392046837885,1739981392047478891
16096,1739981392047235213,1739981392048249296
16097,1739981392047673179,1739981392048636215
16098,1739981392048394460,1739981392049321643
16099,1739981392048983690,1739981392049682447
16100,1739981392049567278,1739981392050015154
16101,1739981392049891921,1739981392050881903
16102,1739981392050230177,1739981392051430882
16103,1739981392051228947,1739981392051896537
16104,1739981392051650478,1739981392052762263
16105,1739981392052070348,1739981392053494089
16106,1739981392052916716,1739981392054025214
16107,1739981392053724348,1739981392054429901
16108,1739981392054227150,1739981392055099889
16109,1739981392054628553,1739981392055862529
16110,1739981392055459386,1739981392056382163
16111,1739981392056115272,1739981392056789908
16112,1739981392056593103,1739981392057680992
16113,1739981392056996849,1739981392058294633
16114,1739981392058027167,1739981392058648082
16115,1739981392058491876,1739981392059724019
16116,1739981392058844572,1739981392060173317
16117,1739981392059938095,1739981392060479949
16118,1739981392060351234,1739981392060770178
16119,1739981392060658530,1739981392061683808
16120,1739981392060951462,1739981392062189884
16121,1739981392062028310,1739981392062536354
16122,1739981392062423434,1739981392062865216
16123,1739981392062744668,1739981392063751611
16124,1739981392063056556,1739981392064442891
16125,1739981392063991760,1739981392064927092
16126,1739981392064671034,1739981392065357681
16127,1739981392065122653,1739981392065782338
16128,1739981392065576065,1739981392066684350
16129,1739981392065970504,1739981392067156529
16130,1739981392066990660,1739981392067646684
16131,1739981392067335862,1739981392068023987
16132,1739981392067829458,1739981392069037043
16133,1739981392068187417,1739981392069506420
16134,1739981392069262874,1739981392069924666
16135,1739981392069724110,1739981392070790484
16136,1739981392070106605,1739981392071378677
16137,1739981392071233364,1739981392071738395
16138,1739981392071578133,1739981392072272708
16139,1739981392071945887,1739981392073151909
16140,1739981392072376098,1739981392073497816
16141,1739981392073398997,1739981392073841374
16142,1739981392073641332,1739981392074397338
16143,1739981392074039797,1739981392074715081
16144,1739981392074587709,1739981392075549438
16145,1739981392075161115,1739981392076003655
16146,1739981392075868709,1739981392076390826
16147,1739981392076253329,1739981392077040596
16148,1739981392076626748,1739981392077579458
16149,1739981392077281510,1739981392078182319
16150,1739981392077945106,1739981392078553304
16151,1739981392078423283,1739981392079177204
16152,1739981392078787115,1739981392080045128
16153,1739981392079454097,1739981392080382448
16154,1739981392080272844,1739981392080783905
16155,1739981392080529971,1739981392081642092
16156,1739981392080990995,1739981392082242383
16157,1739981392081818638,1739981392082565479
16158,1739981392082467228,1739981392082950650
16159,1739981392082724521,1739981392083739247
16160,1739981392083158567,1739981392084562222
16161,1739981392083984908,1739981392085052461
16162,1739981392084793369,1739981392085353339
16163,1739981392085224534,1739981392085760387
16164,1739981392085541570,1739981392086516218
16165,1739981392085944042,1739981392087030987
16166,1739981392086660896,1739981392087536145
16167,1739981392087359431,1739981392087951328
16168,1739981392087758398,1739981392088360519
16169,1739981392088140749,1739981392089222936
16170,1739981392088574590,1739981392090114454
16171,1739981392089403376,1739981392090553223
16172,1739981392090305501,1739981392091258533
16173,1739981392090742796,1739981392092008493
16174,1739981392091581765,1739981392092432047
16175,1739981392092279730,1739981392093609411
16176,1739981392092658399,1739981392093988415
16177,1739981392093877512,1739981392094391239
16178,1739981392094131819,1739981392094713937
16179,1739981392094582924,1739981392095684823
16180,1739981392094909474,1739981392096108550
16181,1739981392095989078,1739981392096460299
16182,1739981392096319622,1739981392096779715
16183,1739981392096674523,1739981392097741485
16184,1739981392096967092,1739981392098237813
16185,1739981392098043742,1739981392098640881
16186,1739981392098458224,1739981392099018501
16187,1739981392098843434,1739981392099810323
16188,1739981392099218183,1739981392100299379
16189,1739981392100177147,1739981392100669972
16190,1739981392100528836,1739981392101130695
16191,1739981392100867847,1739981392101926995
16192,1739981392101336679,1739981392102540310
16193,1739981392102113630,1739981392102969715
16194,1739981392102782272,1739981392103752666
16195,1739981392103165495,1739981392104328192
16196,1739981392104109132,1739981392104742276
16197,1739981392104537219,1739981392105566677
16198,1739981392104955289,1739981392106175504
16199,1739981392106006494,1739981392106550416
16200,1739981392106391661,1739981392106893506
16201,1739981392106722631,1739981392107309589
16202,1739981392107063087,1739981392108045168
16203,1739981392107453362,1739981392108589973
16204,1739981392108253723,1739981392109010323
16205,1739981392108790167,1739981392109445332
16206,1739981392109250606,1739981392110577229
16207,1739981392109665107,1739981392111058602
16208,1739981392110859833,1739981392111569225
16209,1739981392111219681,1739981392112484361
16210,1739981392111757231,1739981392113091880
16211,1739981392112836892,1739981392113499642
16212,1739981392113318583,1739981392114436035
16213,1739981392113696380,1739981392115079112
16214,1739981392114647726,1739981392115642384
16215,1739981392115382011,1739981392116103727
16216,1739981392115837849,1739981392116925492
16217,1739981392116315153,1739981392117886675
16218,1739981392117115180,1739981392118327207
16219,1739981392118131795,1739981392118756035
16220,1739981392118540763,1739981392119730087
16221,1739981392118959537,1739981392120208997
16222,1739981392120062331,1739981392120562098
16223,1739981392120442221,1739981392120952804
16224,1739981392120771707,1739981392121756474
16225,1739981392121148070,1739981392122419936
16226,1739981392122234228,1739981392122821933
16227,1739981392122664877,1739981392123961406
16228,1739981392123018996,1739981392124445668
16229,1739981392124198927,1739981392124945883
16230,1739981392124712605,1739981392125333360
16231,1739981392125167751,1739981392126461025
16232,1739981392125523589,1739981392127029919
16233,1739981392126774254,1739981392127369166
16234,1739981392127259783,1739981392127699868
16235,1739981392127568789,1739981392128717283
16236,1739981392127889024,1739981392129235798
16237,1739981392128959400,1739981392129685415
16238,1739981392129514867,1739981392130623464
16239,1739981392129888289,1739981392131320573
16240,1739981392130749402,1739981392131731553
16241,1739981392131549327,1739981392132154030
16242,1739981392131927597,1739981392132964561
16243,1739981392132338293,1739981392133478578
16244,1739981392133313335,1739981392133851039
16245,1739981392133686389,1739981392134367251
16246,1739981392134039979,1739981392134685798
16247,1739981392134546870,1739981392135353267
16248,1739981392134879620,1739981392135874029
16249,1739981392135585710,1739981392136500204
16250,1739981392136221999,1739981392136888738
16251,1739981392136734193,1739981392137830118
16252,1739981392137084559,1739981392138374896
16253,1739981392138189715,1739981392138776453
16254,1739981392138621523,1739981392139906921
16255,1739981392138970348,1739981392140386544
16256,1739981392140188178,1739981392140742101
16257,1739981392140611020,1739981392141508724
16258,1739981392140940512,1739981392142231103
16259,1739981392141797824,1739981392142653754
16260,1739981392142492165,1739981392143430904
16261,1739981392142873486,1739981392143935896
16262,1739981392143642539,1739981392144512425
16263,1739981392144236023,1739981392144871802
16264,1739981392144727084,1739981392145301825
16265,1739981392145079544,1739981392145667378
16266,1739981392145540817,1739981392146440471
16267,1739981392145899243,1739981392147159534
16268,1739981392146713209,1739981392147594342
16269,1739981392147408806,1739981392147960247
16270,1739981392147832637,1739981392148799323
16271,1739981392148175117,1739981392149460420
16272,1739981392149222730,1739981392149942537
16273,1739981392149705712,1739981392150842189
16274,1739981392150145422,1739981392151392308
16275,1739981392151158043,1739981392151786577
16276,1739981392151645474,1739981392152580997
16277,1739981392151999912,1739981392153457378
16278,1739981392152883553,1739981392153883536
16279,1739981392153689493,1739981392154427028
16280,1739981392154070032,1739981392154984007
16281,1739981392154635445,1739981392155918285
16282,1739981392155284640,1739981392156443815
16283,1739981392156246769,1739981392156902572
16284,1739981392156673516,1739981392157237278
16285,1739981392157124149,1739981392158074875
16286,1739981392157454496,1739981392158594530
16287,1739981392158402031,1739981392158937829
16288,1739981392158825809,1739981392159561354
16289,1739981392159125811,1739981392160460244
16290,1739981392159809043,1739981392160847391
16291,1739981392160702848,1739981392161270187
16292,1739981392161086399,1739981392161678034
16293,1739981392161452438,1739981392162457277
16294,1739981392161897655,1739981392162996857
16295,1739981392162899203,1739981392163396222
16296,1739981392163214549,1739981392164156829
16297,1739981392163572775,1739981392164922572
16298,1739981392164557465,1739981392165366913
16299,1739981392165136985,1739981392165880932
16300,1739981392165586610,1739981392166563053
16301,1739981392166083069,1739981392167283711
16302,1739981392166931198,1739981392167804589
16303,1739981392167610586,1739981392168153926
16304,1739981392168007347,1739981392168499414
16305,1739981392168347213,1739981392169599680
16306,1739981392168706531,1739981392169943926
16307,1739981392169836088,1739981392170266039
16308,1739981392170142111,1739981392170706626
16309,1739981392170462594,1739981392171516204
16310,1739981392170972952,1739981392172274892
16311,1739981392171750687,1739981392172635827
16312,1739981392172509529,1739981392173125248
16313,1739981392172830450,1739981392173520984
16314,1739981392173327943,1739981392174723574
16315,1739981392173714036,1739981392175093356
16316,1739981392174995256,1739981392175535595
16317,1739981392175207432,1739981392176477534
16318,1739981392175784740,1739981392177225663
16319,1739981392176645642,1739981392177673558
16320,1739981392177432182,1739981392178041247
16321,1739981392177872298,1739981392178673430
16322,1739981392178237680,1739981392179533823
16323,1739981392178989920,1739981392179992544
16324,1739981392179794462,1739981392180405577
16325,1739981392180214841,1739981392181222772
16326,1739981392180615497,1739981392181882611
16327,1739981392181397206,1739981392182270585
16328,1739981392182131903,1739981392182771883
16329,1739981392182541575,1739981392183101569
16330,1739981392182975012,1739981392183417120
16331,1739981392183316716,1739981392184692818
16332,1739981392183589430,1739981392185073393
16333,1739981392184938067,1739981392185456158
16334,1739981392185271407,1739981392186316887
16335,1739981392185642658,1739981392187010960
16336,1739981392186732039,1739981392187461482
16337,1739981392187205220,1739981392188278955
16338,1739981392187651952,1739981392188889106
16339,1739981392188491420,1739981392189291414
16340,1739981392189103087,1739981392190425097
16341,1739981392189493674,1739981392190954461
16342,1739981392190671737,1739981392191449409
16343,1739981392191225328,1739981392192357423
16344,1739981392191866363,1739981392192886920
16345,1739981392192696281,1739981392193393247
16346,1739981392193159021,1739981392194401695
16347,1739981392193593953,1739981392194906115
16348,1739981392194666166,1739981392195333630
16349,1739981392195121853,1739981392196113402
16350,1739981392195525822,1739981392196552005
16351,1739981392196287674,1739981392197131842
16352,1739981392196882174,1739981392197480664
16353,1739981392197410626,1739981392197794557
16354,1739981392197664127,1739981392198615636
16355,1739981392198001559,1739981392199105783
16356,1739981392198918176,1739981392199517806
16357,1739981392199330495,1739981392200359789
16358,1739981392199707151,1739981392201012683
16359,1739981392200756973,1739981392201360407
16360,1739981392201244018,1739981392202133591
16361,1739981392201559187,1739981392202987804
16362,1739981392202329267,1739981392203445834
16363,1739981392203217641,1739981392203815029
16364,1739981392203676450,1739981392204282042
16365,1739981392204025437,1739981392204777446
16366,1739981392204461012,1739981392205619479
16367,1739981392204947942,1739981392206104439
16368,1739981392205987280,1739981392206485139
16369,1739981392206314352,1739981392207270966
16370,1739981392206676642,1739981392207794090
16371,1739981392207690018,1739981392208268405
16372,1739981392207951880,1739981392208616811
16373,1739981392208511540,1739981392209568043
16374,1739981392209161984,1739981392209918648
16375,1739981392209781102,1739981392210379472
16376,1739981392210069482,1739981392210739259
16377,1739981392210592361,1739981392211771985
16378,1739981392211087925,1739981392212156347
16379,1739981392212013786,1739981392212527729
16380,1739981392212383794,1739981392213168928
16381,1739981392212764996,1739981392213972648
16382,1739981392213421408,1739981392214589485
16383,1739981392214223386,1739981392215064141
16384,1739981392214821600,1739981392215892582
16385,1739981392215212431,1739981392216587208
16386,1739981392216121217,1739981392216967880
16387,1739981392216842920,1739981392217750652
16388,1739981392217214886,1739981392218488254
16389,1739981392217963148,1739981392218911837
16390,1739981392218715539,1739981392219351148
16391,1739981392219136384,1739981392219702354
16392,1739981392219586032,1739981392220468118
16393,1739981392220095940,1739981392220969805
16394,1739981392220806298,1739981392221317775
16395,1739981392221173759,1739981392221614310
16396,1739981392221510268,1739981392222409374
16397,1739981392221792178,1739981392223007224
16398,1739981392222780821,1739981392223391497
16399,1739981392223216731,1739981392224456307
16400,1739981392223603936,1739981392225013138
16401,1739981392224648649,1739981392225427176
16402,1739981392225269362,1739981392226357011
16403,1739981392225656043,1739981392226880601
16404,1739981392226709015,1739981392227348876
16405,1739981392227142045,1739981392228161483
16406,1739981392227580446,1739981392228973559
16407,1739981392228520458,1739981392229568743
16408,1739981392229269029,1739981392230252142
16409,1739981392229965651,1739981392230833938
16410,1739981392230606239,1739981392231267643
16411,1739981392231051520,1739981392232259666
16412,1739981392231501236,1739981392232788211
16413,1739981392232663270,1739981392233138549
16414,1739981392233014677,1739981392233991793
16415,1739981392233339530,1739981392234864134
16416,1739981392234169073,1739981392235238801
16417,1739981392235123883,1739981392235575109
16418,1739981392235468360,1739981392236059125
16419,1739981392235823880,1739981392237205575
16420,1739981392236219075,1739981392237642293
16421,1739981392237468885,1739981392238081701
16422,1739981392237842259,1739981392238455734
16423,1739981392238310915,1739981392239291601
16424,1739981392238852669,1739981392239814856
16425,1739981392239658407,1739981392240278053
16426,1739981392240013895,1739981392241153172
16427,1739981392240458844,1739981392241690952
16428,1739981392241475115,1739981392242161254
16429,1739981392241907578,1739981392243391224
16430,1739981392242274914,1739981392243820189
16431,1739981392243647667,1739981392244348616
16432,1739981392244046803,1739981392244866801
16433,1739981392244529588,1739981392245851702
16434,1739981392245056559,1739981392246379927
16435,1739981392246198354,1739981392246814134
16436,1739981392246572200,1739981392247953544
16437,1739981392246997434,1739981392248310638
16438,1739981392248215071,1739981392248829057
16439,1739981392248470039,1739981392249160258
16440,1739981392249043295,1739981392249483394
16441,1739981392249363461,1739981392250372035
16442,1739981392249715753,1739981392250952432
16443,1739981392250739086,1739981392251347372
16444,1739981392251253693,1739981392251777707
16445,1739981392251571055,1739981392252629771
16446,1739981392251964651,1739981392253150404
16447,1739981392252990279,1739981392253562730
16448,1739981392253313095,1739981392254055983
16449,1739981392253773932,1739981392254500446
16450,1739981392254213596,1739981392255344026
16451,1739981392254697346,1739981392255901652
16452,1739981392255663309,1739981392256295848
16453,1739981392256147609,1739981392256664760
16454,1739981392256501024,1739981392257535386
16455,1739981392256857024,1739981392258035029
16456,1739981392257880035,1739981392258366318
16457,1739981392258230467,1739981392258780085
16458,1739981392258583722,1739981392259132552
16459,1739981392258989848,1739981392259810343
16460,1739981392259282768,1739981392260514008
16461,1739981392260038206,1739981392261052269
16462,1739981392260650749,1739981392261419416
16463,1739981392261185685,1739981392261861557
16464,1739981392261595342,1739981392262617321
16465,1739981392262043701,1739981392263412568
16466,1739981392262880368,1739981392263794370
16467,1739981392263627532,1739981392264244962
16468,1739981392263994962,1739981392264627182
16469,1739981392264421740,1739981392265069509
16470,1739981392264816108,1739981392266223501
16471,1739981392265185636,1739981392266661838
16472,1739981392266445777,1739981392267066932
16473,1739981392266861426,1739981392267400667
16474,1739981392267228647,1739981392268640195
16475,1739981392267646163,1739981392269048143
16476,1739981392268899047,1739981392269428736
16477,1739981392269234607,1739981392269852768
16478,1739981392269616254,1739981392270553955
16479,1739981392270177331,1739981392271215207
16480,1739981392270768433,1739981392271698041
16481,1739981392271463867,1739981392272026420
16482,1739981392271885174,1739981392272360347
16483,1739981392272233627,1739981392272675390
16484,1739981392272565924,1739981392273242040
16485,1739981392272896057,1739981392273868237
16486,1739981392273521539,1739981392274557100
16487,1739981392274188427,1739981392274994357
16488,1739981392274807590,1739981392275373220
16489,1739981392275249948,1739981392275885291
16490,1739981392275576841,1739981392276706560
16491,1739981392276108574,1739981392277197107
16492,1739981392276990723,1739981392277729226
16493,1739981392277419439,1739981392278109550
16494,1739981392277964685,1739981392278855788
16495,1739981392278327641,1739981392279715167
16496,1739981392279031345,1739981392280127305
16497,1739981392279953706,1739981392280495820
16498,1739981392280343426,1739981392280825421
16499,1739981392280719521,1739981392281590198
16500,1739981392281015212,1739981392282254774
16501,1739981392281797454,1739981392282669963
16502,1739981392282493031,1739981392283012565
16503,1739981392282886772,1739981392283316849
16504,1739981392283209678,1739981392283746069
16505,1739981392283525367,1739981392284385962
16506,1739981392283935426,1739981392285244555
16507,1739981392284569735,1739981392285632970
16508,1739981392285509290,1739981392286123787
16509,1739981392285808151,1739981392286582004
16510,1739981392286382265,1739981392287295252
16511,1739981392286784463,1739981392288332029
16512,1739981392287609755,1739981392288775801
16513,1739981392288579138,1739981392289250736
16514,1739981392288996860,1739981392289661422
16515,1739981392289447063,1739981392290703246
16516,1739981392290011909,1739981392291229212
16517,1739981392290992921,1739981392291700999
16518,1739981392291494194,1739981392292083196
16519,1739981392291964796,1739981392292966973
16520,1739981392292301200,1739981392293540178
16521,1739981392293332800,1739981392293944693
16522,1739981392293803944,1739981392294492001
16523,1739981392294163137,1739981392294864817
16524,1739981392294703173,1739981392295192028
16525,1739981392295101550,1739981392296367889
16526,1739981392295420167,1739981392296828688
16527,1739981392296611997,1739981392297228420
16528,1739981392297027942,1739981392297657036
16529,1739981392297433841,1739981392298101183
16530,1739981392297838089,1739981392299023317
16531,1739981392298305813,1739981392299806230
16532,1739981392299537173,1739981392300378198
16533,1739981392300017003,1739981392300908073
16534,1739981392300599143,1739981392301751657
16535,1739981392301125982,1739981392302511328
16536,1739981392302011735,1739981392303094792
16537,1739981392302759031,1739981392303525210
16538,1739981392303288472,1739981392303939935
16539,1739981392303729969,1739981392305318433
16540,1739981392304197200,1739981392305813625
16541,1739981392305592131,1739981392306252286
16542,1739981392306066188,1739981392307358174
16543,1739981392306480700,1739981392307796222
16544,1739981392307652273,1739981392308164982
16545,1739981392308006520,1739981392308644837
16546,1739981392308371461,1739981392309009207
16547,1739981392308836947,1739981392309679029
16548,1739981392309204801,1739981392310628766
16549,1739981392309966530,1739981392311109016
16550,1739981392310878291,1739981392311686404
16551,1739981392311334201,1739981392312101745
16552,1739981392311912685,1739981392312854183
16553,1739981392312298027,1739981392313634647
16554,1739981392313169276,1739981392314021638
16555,1739981392313896380,1739981392314604878
16556,1739981392314230043,1739981392315011042
16557,1739981392314823660,1739981392315453823
16558,1739981392315224017,1739981392316614781
16559,1739981392315645894,1739981392317037936
16560,1739981392316851446,1739981392317508965
16561,1739981392317246970,1739981392317925791
16562,1739981392317736624,1739981392318662082
16563,1739981392318122312,1739981392319111366
16564,1739981392318932972,1739981392319683149
16565,1739981392319481291,1739981392320034611
16566,1739981392319904820,1739981392320350337
16567,1739981392320292849,1739981392320708361
16568,1739981392320526521,1739981392321758138
16569,1739981392321274671,1739981392322371614
16570,1739981392322131030,1739981392322912326
16571,1739981392322611253,1739981392323438764
16572,1739981392323107745,1739981392324304796
16573,1739981392323640867,1739981392325039860
16574,1739981392324596042,1739981392325465282
16575,1739981392325271955,1739981392325966191
16576,1739981392325673491,1739981392326379012
16577,1739981392326172658,1739981392326981599
16578,1739981392326559329,1739981392327856600
16579,1739981392327351335,1739981392328501826
16580,1739981392328148043,1739981392328982404
16581,1739981392328729216,1739981392329334107
16582,1739981392329183777,1739981392329699360
16583,1739981392329522169,1739981392330641966
16584,1739981392329873713,1739981392331189725
16585,1739981392331016537,1739981392331559162
16586,1739981392331336553,1739981392331916807
16587,1739981392331846595,1739981392332499040
16588,1739981392332079927,1739981392333108990
16589,1739981392333026920,1739981392333733251
16590,1739981392333427454,1739981392334353023
16591,1739981392333948423,1739981392334772717
16592,1739981392334587574,1739981392335106715
16593,1739981392334963202,1739981392335874643
16594,1739981392335320502,1739981392336706857
16595,1739981392336170582,1739981392337237865
16596,1739981392336941808,1739981392337760263
16597,1739981392337489977,1739981392338125059
16598,1739981392337986346,1739981392338813713
16599,1739981392338361196,1739981392339676386
16600,1739981392339040365,1739981392340113867
16601,1739981392339943435,1739981392340509785
16602,1739981392340328536,1739981392340988696
16603,1739981392340691618,1739981392341641639
16604,1739981392341256468,1739981392342220034
16605,1739981392342006301,1739981392342686362
16606,1739981392342454316,1739981392343109874
16607,1739981392342885898,1739981392343480279
16608,1739981392343326412,1739981392344836314
16609,1739981392343673857,1739981392345246055
16610,1739981392345112871,1739981392345679580
16611,1739981392345463658,1739981392346025401
16612,1739981392345859579,1739981392347015194
16613,1739981392346221661,1739981392347735098
16614,1739981392347388082,1739981392348295720
16615,1739981392347974685,1739981392348722998
16616,1739981392348545745,1739981392349611603
16617,1739981392348917186,1739981392350147392
16618,1739981392349996650,1739981392350658484
16619,1739981392350299480,1739981392351051198
16620,1739981392350887391,1739981392351994636
16621,1739981392351217119,1739981392352596177
16622,1739981392352308824,1739981392353039194
16623,1739981392352819863,1739981392353521061
16624,1739981392353204045,1739981392354622318
16625,1739981392353844637,1739981392355038034
16626,1739981392354849028,1739981392355461066
16627,1739981392355230511,1739981392355878067
16628,1739981392355658737,1739981392356322764
16629,1739981392356159891,1739981392356998272
16630,1739981392356550764,1739981392357995733
16631,1739981392357156080,1739981392358466716
16632,1739981392358244643,1739981392358916430
16633,1739981392358685288,1739981392359380780
16634,1739981392359109806,1739981392360235954
16635,1739981392359593362,1739981392360769822
16636,1739981392360426112,1739981392361310936
16637,1739981392361084907,1739981392361704499
16638,1739981392361521272,1739981392362170149
16639,1739981392361893618,1739981392362566483
16640,1739981392362356611,1739981392363406938
16641,1739981392362736618,1739981392364120050
16642,1739981392363800460,1739981392364716518
16643,1739981392364432723,1739981392365164151
16644,1739981392364938924,1739981392365988504
16645,1739981392365399422,1739981392366626862
16646,1739981392366208236,1739981392367065748
16647,1739981392366865164,1739981392367494470
16648,1739981392367296533,1739981392367880936
16649,1739981392367707038,1739981392368277821
16650,1739981392368083526,1739981392369112289
16651,1739981392368479486,1739981392369987178
16652,1739981392369360983,1739981392370431013
16653,1739981392370266235,1739981392370951188
16654,1739981392370701627,1739981392371366385
16655,1739981392371166936,1739981392371760475
16656,1739981392371582782,1739981392372511771
16657,1739981392371948553,1739981392373331080
16658,1739981392372735986,1739981392373752512
16659,1739981392373557122,1739981392374097198
16660,1739981392374024662,1739981392374696690
16661,1739981392374388431,1739981392375093874
16662,1739981392374924952,1739981392375826040
16663,1739981392375294617,1739981392376678527
16664,1739981392376070410,1739981392377056276
16665,1739981392376900778,1739981392377368696
16666,1739981392377203521,1739981392377757689
16667,1739981392377552063,1739981392378218313
16668,1739981392377966659,1739981392378585991
16669,1739981392378432017,1739981392379440137
16670,1739981392378768712,1739981392380127275
16671,1739981392379841051,1739981392380511087
16672,1739981392380380006,1739981392381133996
16673,1739981392380691670,1739981392382017028
16674,1739981392381303258,1739981392382677803
16675,1739981392382437338,1739981392383132591
16676,1739981392382886001,1739981392383564424
16677,1739981392383340937,1739981392384527117
16678,1739981392383767021,1739981392385246059
16679,1739981392384757888,1739981392385736628
16680,1739981392385507845,1739981392386251402
16681,1739981392385958848,1739981392386894345
16682,1739981392386482536,1739981392387727322
16683,1739981392387249569,1739981392388241176
16684,1739981392387990500,1739981392388713771
16685,1739981392388432358,1739981392389474875
16686,1739981392388921082,1739981392390261046
16687,1739981392389698805,1739981392390729172
16688,1739981392390592493,1739981392391172852
16689,1739981392390941072,1739981392391570915
16690,1739981392391363777,1739981392391963454
16691,1739981392391746646,1739981392392717380
16692,1739981392392146543,1739981392393161488
16693,1739981392392910705,1739981392393801095
16694,1739981392393464556,1739981392394290291
16695,1739981392394029651,1739981392394746899
16696,1739981392394493509,1739981392395126515
16697,1739981392394922274,1739981392396053384
16698,1739981392395303381,1739981392396845140
16699,1739981392396282160,1739981392397259124
16700,1739981392397069591,1739981392397651236
16701,1739981392397470372,1739981392398055480
16702,1739981392397830229,1739981392398484259
16703,1739981392398212188,1739981392399639826
16704,1739981392398672951,1739981392400171459
16705,1739981392399900333,1739981392400586914
16706,1739981392400372010,1739981392401464696
16707,1739981392400780085,1739981392401962547
16708,1739981392401836077,1739981392402339097
16709,1739981392402113374,1739981392402693690
16710,1739981392402564269,1739981392403778854
16711,1739981392403238124,1739981392404256606
16712,1739981392404047622,1739981392404645867
16713,1739981392404497962,1739981392404987779
16714,1739981392404846153,1739981392405868238
16715,1739981392405185568,1739981392406363635
16716,1739981392406227638,1739981392406875422
16717,1739981392406614863,1739981392407302574
16718,1739981392407091984,1739981392408289067
16719,1739981392407589973,1739981392408816075
16720,1739981392408575803,1739981392409191495
16721,1739981392409065196,1739981392409631304
16722,1739981392409398117,1739981392410539179
16723,1739981392409824028,1739981392411138939
16724,1739981392410875527,1739981392411605692
16725,1739981392411340618,1739981392412053579
16726,1739981392411795263,1739981392412870901
16727,1739981392412231139,1739981392413648696
16728,1739981392413092352,1739981392414166782
16729,1739981392413862324,1739981392414575301
16730,1739981392414385878,1739981392414997368
16731,1739981392414837324,1739981392416045548
16732,1739981392415215585,1739981392416362569
16733,1739981392416237244,1739981392416718091
16734,1739981392416576528,1739981392417126040
16735,1739981392416919032,1739981392417450464
16736,1739981392417320147,1739981392418124001
16737,1739981392417675014,1739981392418914542
16738,1739981392418271021,1739981392419311961
16739,1739981392419185656,1739981392419777201
16740,1739981392419536983,1739981392420128722
16741,1739981392420018848,1739981392421244400
16742,1739981392420369120,1739981392421729878
16743,1739981392421498079,1739981392422181650
16744,1739981392421998852,1739981392422989443
16745,1739981392422373145,1739981392423728167
16746,1739981392423218915,1739981392424124638
16747,1739981392424005162,1739981392424578392
16748,1739981392424402880,1739981392425096508
16749,1739981392424793081,1739981392426222701
16750,1739981392425404718,1739981392426679170
16751,1739981392426487485,1739981392427208972
16752,1739981392426880846,1739981392427563917
16753,1739981392427447166,1739981392428498330
16754,1739981392427729966,1739981392428981228
16755,1739981392428786257,1739981392429343151
16756,1739981392429211976,1739981392429659783
16757,1739981392429519629,1739981392430069644
16758,1739981392429846766,1739981392430797571
16759,1739981392430205937,1739981392431333463
16760,1739981392431139833,1739981392431710407
16761,1739981392431572434,1739981392432156995
16762,1739981392431904605,1739981392432549129
16763,1739981392432347849,1739981392433595231
16764,1739981392432874899,1739981392434017635
16765,1739981392433862503,1739981392434435983
16766,1739981392434215292,1739981392434772696
16767,1739981392434619522,1739981392435242232
16768,1739981392434971737,1739981392435922389
16769,1739981392435420844,1739981392436616405
16770,1739981392436184666,1739981392437078509
16771,1739981392436845322,1739981392437470789
16772,1739981392437292340,1739981392438125805
16773,1739981392437644653,1739981392438886965
16774,1739981392438375660,1739981392439232887
16775,1739981392439152360,1739981392439571635
16776,1739981392439470550,1739981392440005100
16777,1739981392439713922,1739981392440359675
16778,1739981392440224899,1739981392441046267
16779,1739981392440582173,1739981392441715561
16780,1739981392441262918,1739981392442213666
16781,1739981392441936493,1739981392442573052
16782,1739981392442419262,1739981392443033626
16783,1739981392442760699,1739981392443737075
16784,1739981392443209165,1739981392444518942
16785,1739981392443979292,1739981392444890230
16786,1739981392444732894,1739981392445248548
16787,1739981392445119794,1739981392445683179
16788,1739981392445460408,1739981392446160750
16789,1739981392445904505,1739981392447022185
16790,1739981392446337574,1739981392447559418
16791,1739981392447288612,1739981392447985920
16792,1739981392447766161,1739981392448399073
16793,1739981392448193991,1739981392449293144
16794,1739981392448591639,1739981392449782236
16795,1739981392449608582,1739981392450155852
16796,1739981392450002490,1739981392450650279
16797,1739981392450338354,1739981392451008259
16798,1739981392450860975,1739981392451678615
16799,1739981392451222910,1739981392452533375
16800,1739981392451920408,1739981392452989245
16801,1739981392452759039,1739981392453437240
16802,1739981392453266211,1739981392453861587
16803,1739981392453669397,1739981392454425878
16804,1739981392454071708,1739981392455306495
16805,1739981392454623435,1739981392456171104
16806,1739981392455546152,1739981392456659373
16807,1739981392456443797,1739981392457042835
16808,1739981392456889024,1739981392457399041
16809,1739981392457231262,1739981392458271278
16810,1739981392457722988,1739981392458947873
16811,1739981392458618179,1739981392459461743
16812,1739981392459177190,1739981392460091768
16813,1739981392459640994,1739981392460935659
16814,1739981392460313391,1739981392461448211
16815,1739981392461193136,1739981392461871769
16816,1739981392461659498,1739981392462255289
16817,1739981392462061048,1739981392463242169
16818,1739981392462436120,1739981392463746807
16819,1739981392463446769,1739981392464097745
16820,1739981392464022571,1739981392464687766
16821,1739981392464261641,1739981392465047426
16822,1739981392464884435,1739981392465339690
16823,1739981392465251939,1739981392466205418
16824,1739981392465452897,1739981392466739922
16825,1739981392466524659,1739981392467170065
16826,1739981392466989055,1739981392467649104
16827,1739981392467388904,1739981392468033956
16828,1739981392467828211,1739981392468781274
16829,1739981392468186358,1739981392469287254
16830,1739981392469166040,1739981392469645904
16831,1739981392469542820,1739981392470041216
16832,1739981392469853911,1739981392470916358
16833,1739981392470225600,1739981392471438206
16834,1739981392471248037,1739981392471904524
16835,1739981392471673299,1739981392472263988
16836,1739981392472112332,1739981392473050867
16837,1739981392472504664,1739981392473769063
16838,1739981392473400496,1739981392474114119
16839,1739981392473967406,1739981392474512374
16840,1739981392474411725,1739981392474901688
16841,1739981392474685769,1739981392475739059
16842,1739981392475084804,1739981392476270212
16843,1739981392475939859,1739981392476646601
16844,1739981392476477922,1739981392477137226
16845,1739981392476895532,1739981392477479672
16846,1739981392477373152,1739981392478292833
16847,1739981392477670554,1739981392478852025
16848,1739981392478581470,1739981392479483621
16849,1739981392479188973,1739981392479826057
16850,1739981392479708589,1739981392480188545
16851,1739981392480041274,1739981392480905472
16852,1739981392480391501,1739981392481836418
16853,1739981392481226064,1739981392482335553
16854,1739981392482103325,1739981392482869287
16855,1739981392482558845,1739981392483276614
16856,1739981392483056475,1739981392484294745
16857,1739981392483459109,1739981392484960050
16858,1739981392484445339,1739981392485480033
16859,1739981392485275290,1739981392485933250
16860,1739981392485715263,1739981392486358813
16861,1739981392486158339,1739981392487182312
16862,1739981392486573499,1739981392487613127
16863,1739981392487487489,1739981392488034353
16864,1739981392487764856,1739981392488351404
16865,1739981392488273781,1739981392488695078
16866,1739981392488562525,1739981392489683506
16867,1739981392488932968,1739981392490152961
16868,1739981392489920478,1739981392490513736
16869,1739981392490332002,1739981392490969175
16870,1739981392490742130,1739981392491677415
16871,1739981392491195369,1739981392492404724
16872,1739981392491947191,1739981392492817602
16873,1739981392492686474,1739981392493192566
16874,1739981392493060880,1739981392493659778
16875,1739981392493413092,1739981392494822047
16876,1739981392493859784,1739981392495559546
16877,1739981392494997442,1739981392495964479
16878,1739981392495765290,1739981392496502268
16879,1739981392496186413,1739981392496844055
16880,1739981392496706485,1739981392497783042
16881,1739981392497047537,1739981392498409156
16882,1739981392497910947,1739981392498755191
16883,1739981392498599479,1739981392499086417
16884,1739981392498972852,1739981392499582572
16885,1739981392499300501,1739981392499956311
16886,1739981392499797897,1739981392500400174
16887,1739981392500149283,1739981392501328840
16888,1739981392500596037,1739981392501712050
16889,1739981392501559923,1739981392502165757
16890,1739981392501897279,1739981392502497617
16891,1739981392502351531,1739981392503142969
16892,1739981392502688746,1739981392503942839
16893,1739981392503340334,1739981392504391601
16894,1739981392504178950,1739981392504767609
16895,1739981392504635576,1739981392505101355
16896,1739981392504966321,1739981392505514144
16897,1739981392505295737,1739981392506595876
16898,1739981392505710982,1739981392507071086
16899,1739981392506820801,1739981392507422105
16900,1739981392507244963,1739981392508133059
16901,1739981392507640691,1739981392509108450
16902,1739981392508482565,1739981392509530727
16903,1739981392509324001,1739981392509946868
16904,1739981392509760757,1739981392510733956
16905,1739981392510175335,1739981392511405396
16906,1739981392510992662,1739981392511735990
16907,1739981392511635777,1739981392512140450
16908,1739981392511947311,1739981392512485551
16909,1739981392512330876,1739981392512777774
16910,1739981392512697645,1739981392513493227
16911,1739981392512905260,1739981392514414621
16912,1739981392513727713,1739981392514767219
16913,1739981392514663846,1739981392515207852
16914,1739981392514977535,1739981392515564219
16915,1739981392515404469,1739981392516399500
16916,1739981392515740830,1739981392516875091
16917,1739981392516724695,1739981392517213956
16918,1739981392517107006,1739981392517634541
16919,1739981392517421219,1739981392518090600
16920,1739981392517809461,1739981392518934185
16921,1739981392518267746,1739981392519524029
16922,1739981392519305420,1739981392520011390
16923,1739981392519795377,1739981392520753101
16924,1739981392520274594,1739981392521486261
16925,1739981392521021831,1739981392521856249
16926,1739981392521788867,1739981392522224826
16927,1739981392522023484,1739981392522576996
16928,1739981392522450555,1739981392523512777
16929,1739981392522769749,1739981392524016597
16930,1739981392523851242,1739981392524478330
16931,1739981392524267656,1739981392524804129
16932,1739981392524683078,1739981392525250138
16933,1739981392525045563,1739981392525977998
16934,1739981392525450605,1739981392526833802
16935,1739981392526197831,1739981392527197905
16936,1739981392527054318,1739981392527577284
16937,1739981392527408467,1739981392527924629
16938,1739981392527788774,1739981392528354860
16939,1739981392528122219,1739981392529193235
16940,1739981392528548289,1739981392529862904
16941,1739981392529388486,1739981392530352578
16942,1739981392530134466,1739981392530766142
16943,1739981392530573340,1739981392531207320
16944,1739981392530952639,1739981392532109379
16945,1739981392531414892,1739981392532683804
16946,1739981392532273327,1739981392533033895
16947,1739981392532890391,1739981392533399752
16948,1739981392533272071,1739981392533760151
16949,1739981392533600755,1739981392534665501
16950,1739981392533943616,1739981392535114412
16951,1739981392534863912,1739981392535657447
16952,1739981392535317055,1739981392536044057
16953,1739981392535843958,1739981392536956030
16954,1739981392536212940,1739981392537479606
16955,1739981392537270184,1739981392537890757
16956,1739981392537683105,1739981392538274952
16957,1739981392538119751,1739981392538745872
16958,1739981392538486916,1739981392539643621
16959,1739981392538948654,1739981392540009519
16960,1739981392539930451,1739981392540445677
16961,1739981392540154636,1739981392540936622
16962,1739981392540659263,1739981392541672663
16963,1739981392541142844,1739981392542488773
16964,1739981392541971930,1739981392542842917
16965,1739981392542737648,1739981392543210807
16966,1739981392543048662,1739981392543588543
16967,1739981392543462293,1739981392544032155
16968,1739981392543776863,1739981392544394232
16969,1739981392544276099,1739981392545010289
16970,1739981392544591568,1739981392545883218
16971,1739981392545256424,1739981392546273679
16972,1739981392546102716,1739981392546729332
16973,1739981392546507156,1739981392547100000
16974,1739981392546950316,1739981392547674536
16975,1739981392547301409,1739981392548534536
16976,1739981392547914950,1739981392548910097
16977,1739981392548790239,1739981392549421187
16978,1739981392549130376,1739981392549808787
16979,1739981392549638217,1739981392550148934
16980,1739981392550005851,1739981392550980491
16981,1739981392550564485,1739981392551570767
16982,1739981392551425251,1739981392551925136
16983,1739981392551815073,1739981392552249906
16984,1739981392552035130,1739981392552992588
16985,1739981392552460517,1739981392553582190
16986,1739981392553143642,1739981392554025820
16987,1739981392553880462,1739981392554407462
16988,1739981392554226786,1739981392554755393
16989,1739981392554599288,1739981392555123217
16990,1739981392554950767,1739981392556253755
16991,1739981392555334813,1739981392556650764
16992,1739981392556542190,1739981392557114265
16993,1739981392556883129,1739981392557537010
16994,1739981392557313202,1739981392558042942
16995,1739981392557743553,1739981392559161278
16996,1739981392558219258,1739981392559535027
16997,1739981392559396601,1739981392559924533
16998,1739981392559766041,1739981392560286568
16999,1739981392560120006,1739981392561131739
17000,1739981392560482097,1739981392561662470
17001,1739981392561516747,1739981392562042500
17002,1739981392561873206,1739981392562564654
17003,1739981392562207861,1739981392563396485
17004,1739981392562770947,1739981392564081623
17005,1739981392563580805,1739981392564478059
17006,1739981392564310270,1739981392564826433
17007,1739981392564691024,1739981392565193344
17008,1739981392565021418,1739981392565623190
17009,1739981392565365612,1739981392565916681
17010,1739981392565821867,1739981392566779417
17011,1739981392566112410,1739981392567348158
17012,1739981392567097330,1739981392567751459
17013,1739981392567615780,1739981392568174282
17014,1739981392568004712,1739981392568559410
17015,1739981392568384269,1739981392569585294
17016,1739981392568756669,1739981392570026152
17017,1739981392569861754,1739981392570401324
17018,1739981392570246751,1739981392570759088
17019,1739981392570616413,1739981392571511580
17020,1739981392571008906,1739981392572375140
17021,1739981392571789469,1739981392572830965
17022,1739981392572669021,1739981392573247492
17023,1739981392573073434,1739981392573737568
17024,1739981392573426350,1739981392574727955
17025,1739981392573908651,1739981392575213590
17026,1739981392574954620,1739981392575541894
17027,1739981392575399846,1739981392575898911
17028,1739981392575735252,1739981392576720549
17029,1739981392576091940,1739981392577361260
17030,1739981392577057658,1739981392577709405
17031,1739981392577578355,1739981392578050132
17032,1739981392577966757,1739981392578682953
17033,1739981392578245609,1739981392579516164
17034,1739981392578864892,1739981392579952754
17035,1739981392579748761,1739981392580422820
17036,1739981392580197344,1739981392580812740
17037,1739981392580640121,1739981392581740390
17038,1739981392581041876,1739981392582246509
17039,1739981392582061468,1739981392582647631
17040,1739981392582524748,1739981392583000761
17041,1739981392582862280,1739981392584105242
17042,1739981392583230588,1739981392584483221
17043,1739981392584322137,1739981392584853576
17044,1739981392584686322,1739981392585748209
17045,1739981392585062220,1739981392586486792
17046,1739981392585965548,1739981392586909408
17047,1739981392586690733,1739981392587277608
17048,1739981392587082436,1739981392587627221
17049,1739981392587511996,1739981392588508202
17050,1739981392587866469,1739981392589106097
17051,1739981392588861616,1739981392589520351
17052,1739981392589347133,1739981392589876099
17053,1739981392589718208,1739981392590215090
17054,1739981392590073817,1739981392590685404
17055,1739981392590382913,1739981392591459152
17056,1739981392590873289,1739981392592079699
17057,1739981392591640847,1739981392592464517
17058,1739981392592336464,1739981392592765573
17059,1739981392592665398,1739981392593073496
17060,1739981392592943705,1739981392594139856
17061,1739981392593262215,1739981392594575949
17062,1739981392594369849,1739981392594936466
17063,1739981392594808824,1739981392595426944
17064,1739981392595122593,1739981392595783681
17065,1739981392595601351,1739981392596676741
17066,1739981392595969046,1739981392597211196
17067,1739981392596977559,1739981392597514168
17068,1739981392597407428,1739981392597828878
17069,1739981392597693187,1739981392598229751
17070,1739981392598013940,1739981392598804536
17071,1739981392598437588,1739981392599619275
17072,1739981392599196952,1739981392599974286
17073,1739981392599868296,1739981392600477067
17074,1739981392600205439,1739981392600845396
17075,1739981392600698100,1739981392601273994
17076,1739981392601052932,1739981392602095776
17077,1739981392601472813,1739981392602718339
17078,1739981392602304139,1739981392603109605
17079,1739981392602901156,1739981392603476065
17080,1739981392603368624,1739981392603803552
17081,1739981392603674742,1739981392604322271
17082,1739981392603986523,1739981392604651565
17083,1739981392604505344,1739981392605727133
17084,1739981392604827664,1739981392606192010
17085,1739981392605940965,1739981392606622924
17086,1739981392606394726,1739981392607354776
17087,1739981392606821254,1739981392608089701
17088,1739981392607692358,1739981392608414761
17089,1739981392608327373,1739981392608787863
17090,1739981392608561577,1739981392609591043
17091,1739981392608983836,1739981392610215361
17092,1739981392609782978,1739981392610601390
17093,1739981392610444288,1739981392610955114
17094,1739981392610838256,1739981392611405599
17095,1739981392611173075,1739981392611769622
17096,1739981392611653326,1739981392612869631
17097,1739981392611964570,1739981392613245099
17098,1739981392613158578,1739981392613651726
17099,1739981392613409752,1739981392614054840
17100,1739981392613874116,1739981392614505735
17101,1739981392614283441,1739981392615340244
17102,1739981392614700414,1739981392615775963
17103,1739981392615576789,1739981392616414217
17104,1739981392616132944,1739981392616860399
17105,1739981392616646043,1739981392617224194
17106,1739981392617053728,1739981392618031547
17107,1739981392617433441,1739981392618671264
17108,1739981392618269680,1739981392619044628
17109,1739981392618909268,1739981392619490160
17110,1739981392619208259,1739981392619841327
17111,1739981392619697875,1739981392620689459
17112,1739981392620021002,1739981392621156406
17113,1739981392621033526,1739981392621595149
17114,1739981392621344412,1739981392621954061
17115,1739981392621823589,1739981392622855932
17116,1739981392622152288,1739981392623282307
17117,1739981392623126050,1739981392623636132
17118,1739981392623518728,1739981392624043479
17119,1739981392623899883,1739981392624543356
17120,1739981392624202245,1739981392625426449
17121,1739981392624751069,1739981392626017279
17122,1739981392625764444,1739981392626518541
17123,1739981392626224968,1739981392627090012
17124,1739981392626765043,1739981392627972626
17125,1739981392627286168,1739981392628499428
17126,1739981392628388066,1739981392628967486
17127,1739981392628667269,1739981392629334777
17128,1739981392629181199,1739981392630388057
17129,1739981392629541808,1739981392630845128
17130,1739981392630591095,1739981392631212774
17131,1739981392631049336,1739981392631570986
17132,1739981392631423039,1739981392632070510
17133,1739981392631884248,1739981392632590257
17134,1739981392632303364,1739981392633311274
17135,1739981392632750304,1739981392633776900
17136,1739981392633644058,1739981392634428635
17137,1739981392633968065,1739981392634822694
17138,1739981392634644436,1739981392635230028
17139,1739981392635008395,1739981392636365540
17140,1739981392635451955,1739981392636843936
17141,1739981392636659097,1739981392637377764
17142,1739981392637104113,1739981392637910607
17143,1739981392637597499,1739981392638562860
17144,1739981392638435505,1739981392639146215
17145,1739981392638904503,1739981392639506095
17146,1739981392639368874,1739981392640228164
17147,1739981392639724970,1739981392641134889
17148,1739981392640506715,1739981392641561822
17149,1739981392641356628,1739981392641961668
17150,1739981392641775696,1739981392642992122
17151,1739981392642176737,1739981392643502741
17152,1739981392643358879,1739981392643955352
17153,1739981392643731334,1739981392644534616
17154,1739981392644164479,1739981392645320017
17155,1739981392644722172,1739981392645940870
17156,1739981392645589530,1739981392646357048
17157,1739981392646161043,1739981392646723276
17158,1739981392646597581,1739981392647072793
17159,1739981392646910704,1739981392648199377
17160,1739981392647295090,1739981392648625416
17161,1739981392648431724,1739981392648993330
17162,1739981392648826156,1739981392649334909
17163,1739981392649166275,1739981392650163003
17164,1739981392649512023,1739981392650667895
17165,1739981392650380066,1739981392651179466
17166,1739981392651014765,1739981392651562880
17167,1739981392651332646,1739981392651985289
17168,1739981392651786174,1739981392652768826
17169,1739981392652217757,1739981392653537583
17170,1739981392652975980,1739981392654007045
17171,1739981392653748846,1739981392654528733
17172,1739981392654222117,1739981392654923072
17173,1739981392654731264,1739981392655303761
17174,1739981392655126300,1739981392656066039
17175,1739981392655542358,1739981392656686080
17176,1739981392656320218,1739981392657151329
17177,1739981392656894121,1739981392657445274
17178,1739981392657320289,1739981392657924275
17179,1739981392657618636,1739981392658942809
17180,1739981392658087682,1739981392659399352
17181,1739981392659207604,1739981392659861593
17182,1739981392659594225,1739981392660243538
17183,1739981392660031193,1739981392661145249
17184,1739981392660466631,1739981392661719034
17185,1739981392661505782,1739981392662162068
17186,1739981392661940590,1739981392662500255
17187,1739981392662312888,1739981392663289669
17188,1739981392662675804,1739981392663891391
17189,1739981392663620814,1739981392664516749
17190,1739981392664131403,1739981392664934480
17191,1739981392664758267,1739981392665695454
17192,1739981392665132196,1739981392666516982
17193,1739981392665912239,1739981392666865206
17194,1739981392666717023,1739981392667238808
17195,1739981392667065501,1739981392668136169
17196,1739981392667450095,1739981392668610520
17197,1739981392668498660,1739981392668968088
17198,1739981392668847704,1739981392669380403
17199,1739981392669171924,1739981392669677718
17200,1739981392669598639,1739981392670358643
17201,1739981392669872696,1739981392671085101
17202,1739981392670579572,1739981392671595689
17203,1739981392671344940,1739981392671992321
17204,1739981392671837146,1739981392672392360
17205,1739981392672211854,1739981392673142468
17206,1739981392672563069,1739981392673801822
17207,1739981392673326120,1739981392674286503
17208,1739981392674060782,1739981392674725362
17209,1739981392674477073,1739981392675120310
17210,1739981392674923709,1739981392675455148
17211,1739981392675318769,1739981392676361856
17212,1739981392675656020,1739981392677005472
17213,1739981392676723434,1739981392677404789
17214,1739981392677211176,1739981392677984609
17215,1739981392677589593,1739981392678872727
17216,1739981392678185928,1739981392679228608
17217,1739981392679100220,1739981392679534893
17218,1739981392679424146,1739981392679979476
17219,1739981392679720162,1739981392680314481
17220,1739981392680177085,1739981392681130788
17221,1739981392680510986,1739981392681805202
17222,1739981392681373136,1739981392682255993
17223,1739981392682000666,1739981392682655973
17224,1739981392682461953,1739981392683047599
17225,1739981392682860628,1739981392683568765
17226,1739981392683207814,1739981392684462631
17227,1739981392683767195,1739981392684842140
17228,1739981392684665339,1739981392685258499
17229,1739981392685100664,1739981392685588714
17230,1739981392685464333,1739981392686603175
17231,1739981392685819675,1739981392687142860
17232,1739981392686953921,1739981392687480793
17233,1739981392687279614,1739981392688496654
17234,1739981392687730468,1739981392689049436
17235,1739981392688800859,1739981392689482392
17236,1739981392689333813,1739981392690422455
17237,1739981392689688317,1739981392691126203
17238,1739981392690550929,1739981392691480709
17239,1739981392691382476,1739981392691917011
17240,1739981392691727448,1739981392692296613
17241,1739981392692173739,1739981392692598638
17242,1739981392692481049,1739981392693475758
17243,1739981392692794233,1739981392694014460
17244,1739981392693646290,1739981392694599089
17245,1739981392694213134,1739981392694950397
17246,1739981392694775927,1739981392695704726
17247,1739981392695142797,1739981392696423207
17248,1739981392696013110,1739981392696921430
17249,1739981392696689371,1739981392697645689
17250,1739981392697198117,1739981392698248966
17251,1739981392697863409,1739981392698733592
17252,1739981392698565348,1739981392699178383
17253,1739981392699000859,1739981392699636047
17254,1739981392699398037,1739981392700426144
17255,1739981392699810531,1739981392701034220
17256,1739981392700640158,1739981392701496742
17257,1739981392701232538,1739981392702361854
17258,1739981392701709540,1739981392702976224
17259,1739981392702578392,1739981392703432870
17260,1739981392703183622,1739981392704103653
17261,1739981392703656160,1739981392704920416
17262,1739981392704463205,1739981392705325893
17263,1739981392705146069,1739981392705631034
17264,1739981392705513935,1739981392705961512
17265,1739981392705844938,1739981392706888986
17266,1739981392706170030,1739981392707544656
17267,1739981392707270023,1739981392707983298
17268,1739981392707796229,1739981392708872936
17269,1739981392708230319,1739981392709579786
17270,1739981392709058986,1739981392710091138
17271,1739981392709811612,1739981392711333200
17272,1739981392710315030,1739981392711792240
17273,1739981392711589326,1739981392712241349
17274,1739981392712032851,1739981392712627756
17275,1739981392712471624,1739981392713865487
17276,1739981392712828542,1739981392714486325
17277,1739981392714136708,1739981392714919299
17278,1739981392714717355,1739981392715328596
17279,1739981392715128193,1739981392716551754
17280,1739981392715556708,1739981392716938040
17281,1739981392716809763,1739981392717316248
17282,1739981392717136217,1739981392717988314
17283,1739981392717530227,1739981392718728155
17284,1739981392718239901,1739981392719044793
17285,1739981392718943609,1739981392719496704
17286,1739981392719175889,1739981392719866041
17287,1739981392719705943,1739981392720185082
17288,1739981392720045415,1739981392721258425
17289,1739981392720556146,1739981392721619884
17290,1739981392721493668,1739981392722041175
17291,1739981392721849953,1739981392722419043
17292,1739981392722237489,1739981392723063933
17293,1739981392722650911,1739981392723780500
17294,1739981392723350544,1739981392724261275
17295,1739981392723984491,1739981392724601910
17296,1739981392724454446,1739981392724993315
17297,1739981392724776968,1739981392725393617
17298,1739981392725182432,1739981392726417836
17299,1739981392725657476,1739981392726812009
17300,1739981392726689999,1739981392727203562
17301,1739981392726986506,1739981392727690014
17302,1739981392727383459,1739981392728488901
17303,1739981392728007403,1739981392729054947
17304,1739981392728777700,1739981392729438174
17305,1739981392729265997,1739981392729765836
17306,1739981392729673490,1739981392730590466
17307,1739981392729942020,1739981392731314970
17308,1739981392730800784,1739981392731663558
17309,1739981392731560330,1739981392732009778
17310,1739981392731867065,1739981392732334934
17311,1739981392732239984,1739981392732776807
17312,1739981392732576617,1739981392733622485
17313,1739981392732997304,1739981392734337284
17314,1739981392733945486,1739981392734772280
17315,1739981392734558232,1739981392735204892
17316,1739981392734970480,1739981392735701003
17317,1739981392735391594,1739981392736457219
17318,1739981392736030065,1739981392737258573
17319,1739981392736595537,1739981392737686217
17320,1739981392737474193,1739981392738187353
17321,1739981392737886884,1739981392738614351
17322,1739981392738391669,1739981392739510549
17323,1739981392738793095,1739981392740055094
17324,1739981392739856496,1739981392740510801
17325,1739981392740279998,1739981392740858008
17326,1739981392740712422,1739981392741754317
17327,1739981392741073462,1739981392742325449
17328,1739981392742101458,1739981392742677204
17329,1739981392742525039,1739981392742991641
17330,1739981392742877937,1739981392743957558
17331,1739981392743168636,1739981392744618612
17332,1739981392744336129,1739981392744975663
17333,1739981392744850974,1739981392745425004
17334,1739981392745176362,1739981392746037261
17335,1739981392745621889,1739981392746746927
17336,1739981392746224642,1739981392747145547
17337,1739981392746963894,1739981392747543432
17338,1739981392747326994,1739981392747869770
17339,1739981392747730722,1739981392748702164
17340,1739981392748056195,1739981392749266315
17341,1739981392749043022,1739981392749704535
17342,1739981392749464613,1739981392750627346
17343,1739981392749924384,1739981392751364390
17344,1739981392750761305,1739981392751736929
17345,1739981392751529963,1739981392752256877
17346,1739981392751941975,1739981392752764420
17347,1739981392752464821,1739981392753898118
17348,1739981392752945373,1739981392754490932
17349,1739981392754110010,1739981392755000281
17350,1739981392754715646,1739981392755406299
17351,1739981392755253098,1739981392756336156
17352,1739981392755605469,1739981392757322761
17353,1739981392756496229,1739981392757786851
17354,1739981392757545508,1739981392758247197
17355,1739981392758029633,1739981392758629140
17356,1739981392758441874,1739981392759456620
17357,1739981392758839852,1739981392759939951
17358,1739981392759851991,1739981392760390481
17359,1739981392760098555,1739981392760720694
17360,1739981392760615535,1739981392761032508
17361,1739981392760931287,1739981392762066368
17362,1739981392761438105,1739981392762442860
17363,1739981392762264668,1739981392762882048
17364,1739981392762704379,1739981392763280653
17365,1739981392763101032,1739981392763697974
17366,1739981392763493131,1739981392764725196
17367,1739981392763888138,1739981392765479971
17368,1739981392765358671,1739981392765847038
17369,1739981392765687283,1739981392766203946
17370,1739981392766060717,1739981392766674014
17371,1739981392766412542,1739981392767481441
17372,1739981392767072458,1739981392768012258
17373,1739981392767878535,1739981392768400876
17374,1739981392768246516,1739981392769235508
17375,1739981392768605125,1739981392770000342
17376,1739981392769422345,1739981392770394920
17377,1739981392770250888,1739981392770779438
17378,1739981392770618712,1739981392771087836
17379,1739981392770996258,1739981392771421978
17380,1739981392771302097,1739981392772262537
17381,1739981392771599422,1739981392772745725
17382,1739981392772573935,1739981392773132418
17383,1739981392772993904,1739981392773449808
17384,1739981392773352158,1739981392773858882
17385,1739981392773645112,1739981392774834088
17386,1739981392774179724,1739981392775526142
17387,1739981392774995444,1739981392775923999
17388,1739981392775719692,1739981392776259228
17389,1739981392776124275,1739981392776600429
17390,1739981392776450523,1739981392776926459
17391,1739981392776799922,1739981392777625536
17392,1739981392777106278,1739981392778062696
17393,1739981392777795053,1739981392778572743
17394,1739981392778407793,1739981392779046684
17395,1739981392778801657,1739981392779383894
17396,1739981392779194297,1739981392780204123
17397,1739981392779592276,1739981392780787459
17398,1739981392780483266,1739981392781258168
17399,1739981392781129418,1739981392781663227
17400,1739981392781467201,1739981392782104770
17401,1739981392781837543,1739981392782403490
17402,1739981392782290328,1739981392782965070
17403,1739981392782577190,1739981392783557135
17404,1739981392783127476,1739981392784280927
17405,1739981392783903225,1739981392784650202
17406,1739981392784497027,1739981392785085789
17407,1739981392784858331,1739981392785420026
17408,1739981392785313828,1739981392786609659
17409,1739981392785611390,1739981392787154305
17410,1739981392786840247,1739981392787661268
17411,1739981392787369812,1739981392788191069
17412,1739981392787888959,1739981392789144085
17413,1739981392788374743,1739981392789613546
17414,1739981392789501422,1739981392789986424
17415,1739981392789754232,1739981392790848647
17416,1739981392790190925,1739981392791592612
17417,1739981392791045396,1739981392792018867
17418,1739981392792145021,1739981392792712583
17419,1739981392792395963,1739981392793601896
17420,1739981392792929747,1739981392794441817
17421,1739981392793918695,1739981392794866286
17422,1739981392794721160,1739981392795227239
17423,1739981392795058693,1739981392795978921
17424,1739981392795413008,1739981392796595650
17425,1739981392796129304,1739981392796925335
17426,1739981392796837725,1739981392797259892
17427,1739981392797098297,1739981392798009187
17428,1739981392797486501,1739981392798493267
17429,1739981392798297998,1739981392799043734
17430,1739981392798869487,1739981392799413324
17431,1739981392799205763,1739981392799720505
17432,1739981392799601565,1739981392800492797
17433,1739981392799912661,1739981392801105944
17434,1739981392800755742,1739981392801561398
17435,1739981392801318362,1739981392801944675
17436,1739981392801763599,1739981392802765315
17437,1739981392802149093,1739981392803526534
17438,1739981392802927965,1739981392803871063
17439,1739981392803736910,1739981392804370632
17440,1739981392804077403,1739981392804675769
17441,1739981392804558603,1739981392804989567
17442,1739981392804872768,1739981392805566180
17443,1739981392805597328,1739981392806364994
17444,1739981392806033451,1739981392806717744
17445,1739981392806596310,1739981392807081243
17446,1739981392806938732,1739981392807507512
17447,1739981392807297446,1739981392808343162
17448,1739981392807853185,1739981392809044171
17449,1739981392808499162,1739981392809433813
17450,1739981392809300489,1739981392809835446
17451,1739981392809669289,1739981392810227787
17452,1739981392810053718,1739981392810649042
17453,1739981392810429689,1739981392811556563
17454,1739981392810825659,1739981392812093632
17455,1739981392811870441,1739981392812507295
17456,1739981392812369878,1739981392813034627
17457,1739981392812708044,1739981392814074898
17458,1739981392813266549,1739981392814652259
17459,1739981392814260508,1739981392815027509
17460,1739981392814871320,1739981392815916760
17461,1739981392815215246,1739981392816691830
17462,1739981392816144673,1739981392817127359
17463,1739981392816983055,1739981392817502391
17464,1739981392817323098,1739981392817910558
17465,1739981392817676760,1739981392818681745
17466,1739981392818084045,1739981392819176293
17467,1739981392819060312,1739981392819594888
17468,1739981392819415672,1739981392819949839
17469,1739981392819798201,1739981392820296565
17470,1739981392820162800,1739981392821294192
17471,1739981392820709936,1739981392821634830
17472,1739981392821501720,1739981392822069961
17473,1739981392821823764,1739981392822393092
17474,1739981392822192257,1739981392823137576
17475,1739981392822611179,1739981392823803600
17476,1739981392823356845,1739981392824187328
17477,1739981392824051955,1739981392824572587
17478,1739981392824374703,1739981392824916579
17479,1739981392824786027,1739981392825340335
17480,1739981392825114608,1739981392826220506
17481,1739981392825568073,1739981392826915405
17482,1739981392826397037,1739981392827342184
17483,1739981392827140009,1739981392827749215
17484,1739981392827542663,1739981392828634208
17485,1739981392827927314,1739981392829210519
17486,1739981392828941642,1739981392829635672
17487,1739981392829426736,1739981392830006330
17488,1739981392829842078,1739981392830679481
17489,1739981392830314974,1739981392831238489
17490,1739981392830895089,1739981392831644755
17491,1739981392831430309,1739981392831947487
17492,1739981392831823203,1739981392832228507
17493,1739981392832125029,1739981392833431238
17494,1739981392832396675,1739981392833869636
17495,1739981392833666504,1739981392834424017
17496,1739981392834063795,1739981392834765318
17497,1739981392834628715,1739981392835226603
17498,1739981392834967537,1739981392836012181
17499,1739981392835558242,1739981392836511202
17500,1739981392836398697,1739981392836899965
17501,1739981392836729547,1739981392837255545
17502,1739981392837089456,1739981392838219377
17503,1739981392837430858,1739981392838733076
17504,1739981392838526732,1739981392839165428
17505,1739981392838978846,1739981392840048343
17506,1739981392839384423,1739981392840676496
17507,1739981392840419828,1739981392841020744
17508,1739981392840909387,1739981392841391528
17509,1739981392841225675,1739981392842220898
17510,1739981392841608459,1739981392842667494
17511,1739981392842563910,1739981392843006522
17512,1739981392842862702,1739981392843413252
17513,1739981392843195661,1739981392843739321
17514,1739981392843622607,1739981392844567017
17515,1739981392843912345,1739981392845358998
17516,1739981392844725286,1739981392845743024
17517,1739981392845546948,1739981392846168492
17518,1739981392845989898,1739981392846565461
17519,1739981392846411265,1739981392846954502
17520,1739981392846736970,1739981392847617344
17521,1739981392847202245,1739981392848426759
17522,1739981392848281001,1739981392848822650
17523,1739981392848684955,1739981392849293315
17524,1739981392849036986,1739981392849627228
17525,1739981392849484876,1739981392850351245
17526,1739981392849867659,1739981392851272775
17527,1739981392850575291,1739981392851707901
17528,1739981392851488116,1739981392852076481
17529,1739981392851947312,1739981392852448934
17530,1739981392852294342,1739981392853281707
17531,1739981392852716398,1739981392853773814
17532,1739981392853638530,1739981392854282887
17533,1739981392853983841,1739981392854642028
17534,1739981392854498932,1739981392855011299
17535,1739981392854829690,1739981392855602970
17536,1739981392855203965,1739981392856541368
17537,1739981392855720742,1739981392856920267
17538,1739981392856736387,1739981392857372140
17539,1739981392857128136,1739981392857795777
17540,1739981392857553112,1739981392858218565
17541,1739981392857972733,1739981392859311845
17542,1739981392858549323,1739981392859703727
17543,1739981392859550773,1739981392860096423
17544,1739981392859884112,1739981392860506134
17545,1739981392860356618,1739981392861526097
17546,1739981392860700519,1739981392862180650
17547,1739981392861928935,1739981392862629183
17548,1739981392862396732,1739981392863324507
17549,1739981392862821969,1739981392864331810
17550,1739981392863579306,1739981392864890516
17551,1739981392864540498,1739981392865303710
17552,1739981392865102785,1739981392866104547
17553,1739981392865481834,1739981392866884699
17554,1739981392866348528,1739981392867252588
17555,1739981392867112595,1739981392867578608
17556,1739981392867423818,1739981392867976229
17557,1739981392867769912,1739981392868295040
17558,1739981392868170998,1739981392868604151
17559,1739981392868483677,1739981392869359303
17560,1739981392868767664,1739981392870104274
17561,1739981392869581082,1739981392870536315
17562,1739981392870338355,1739981392870949394
17563,1739981392870745019,1739981392871343938
17564,1739981392871142086,1739981392872182845
17565,1739981392871517872,1739981392872744445
17566,1739981392872430253,1739981392873216608
17567,1739981392873073127,1739981392873569879
17568,1739981392873423940,1739981392874106266
17569,1739981392873807940,1739981392874542216
17570,1739981392874284790,1739981392875441587
17571,1739981392874746112,1739981392876132871
17572,1739981392875683084,1739981392876569038
17573,1739981392876376696,1739981392876948038
17574,1739981392876767119,1739981392877843012
17575,1739981392877157399,1739981392878391494
17576,1739981392878040498,1739981392878732517
17577,1739981392878583323,1739981392879132313
17578,1739981392878964309,1739981392879487326
17579,1739981392879309330,1739981392880330344
17580,1739981392879656592,1739981392880815861
17581,1739981392880625028,1739981392881371887
17582,1739981392881028900,1739981392881776869
17583,1739981392881614259,1739981392882885322
17584,1739981392881983974,1739981392883309300
17585,1739981392883103303,1739981392883697738
17586,1739981392883544274,1739981392884072101
17587,1739981392883881504,1739981392884497884
17588,1739981392884210674,1739981392885351682
17589,1739981392884694431,1739981392885918974
17590,1739981392885632293,1739981392886348347
17591,1739981392886149483,1739981392887147467
17592,1739981392886528745,1739981392887695083
17593,1739981392887504748,1739981392888106070
17594,1739981392887875521,1739981392889056948
17595,1739981392888305218,1739981392889605420
17596,1739981392889226318,1739981392890133772
17597,1739981392890014905,1739981392890582392
17598,1739981392890335993,1739981392890902350
17599,1739981392890802037,1739981392891592578
17600,1739981392891127764,1739981392892312117
17601,1739981392891904477,1739981392892799164
17602,1739981392892685384,1739981392893136228
17603,1739981392893019303,1739981392893595954
17604,1739981392893306271,1739981392894341354
17605,1739981392893818776,1739981392895121099
17606,1739981392894622783,1739981392895527728
17607,1739981392895410921,1739981392895913900
17608,1739981392895770568,1739981392896266561
17609,1739981392896120530,1739981392896936362
17610,1739981392896454903,1739981392897650354
17611,1739981392897183042,1739981392898148239
17612,1739981392897857145,1739981392898492608
17613,1739981392898337240,1739981392898822756
17614,1739981392898676806,1739981392899935777
17615,1739981392899006653,1739981392900303785
17616,1739981392900146102,1739981392900699172
17617,1739981392900486628,1739981392901091561
17618,1739981392900945903,1739981392902172679
17619,1739981392901287250,1739981392902536045
17620,1739981392902354267,1739981392903032061
17621,1739981392902753019,1739981392903336266
17622,1739981392903255373,1739981392903866929
17623,1739981392903537060,1739981392904645449
17624,1739981392904131552,1739981392905173073
17625,1739981392904905223,1739981392905520990
17626,1739981392905365667,1739981392905942664
17627,1739981392905701882,1739981392906769821
17628,1739981392906144214,1739981392907319506
17629,1739981392906945293,1739981392907702782
17630,1739981392907536125,1739981392908100251
17631,1739981392907887089,1739981392908836811
17632,1739981392908297338,1739981392909618235
17633,1739981392909066579,1739981392910052665
17634,1739981392909871504,1739981392910360926
17635,1739981392910253314,1739981392910677134
17636,1739981392910548015,1739981392911539674
17637,1739981392910884254,1739981392911998409
17638,1739981392911735199,1739981392912527833
17639,1739981392912313286,1739981392912946149
17640,1739981392912764167,1739981392913341071
17641,1739981392913195646,1739981392913675016
17642,1739981392913553020,1739981392914534287
17643,1739981392913864716,1739981392915290867
17644,1739981392914799072,1739981392915676021
17645,1739981392915493498,1739981392916185336
17646,1739981392915904933,1739981392917016704
17647,1739981392916498186,1739981392917565232
17648,1739981392917384628,1739981392917944720
17649,1739981392917765561,1739981392918311022
17650,1739981392918159136,1739981392919020308
17651,1739981392918518403,1739981392919936770
17652,1739981392919267271,1739981392920409013
17653,1739981392920194529,1739981392920802816
17654,1739981392920596007,1739981392921427930
17655,1739981392921010967,1739981392922292130
17656,1739981392921694340,1739981392922695103
17657,1739981392922503364,1739981392923017722
17658,1739981392922871092,1739981392923710656
17659,1739981392923222155,1739981392924482364
17660,1739981392924007984,1739981392924861370
17661,1739981392924724581,1739981392925270374
17662,1739981392925037999,1739981392925601959
17663,1739981392925455307,1739981392925937915
17664,1739981392925834199,1739981392926865203
17665,1739981392926128900,1739981392927349981
17666,1739981392927202202,1739981392927755404
17667,1739981392927597298,1739981392928145047
17668,1739981392927956678,1739981392928971377
17669,1739981392928334539,1739981392929461212
17670,1739981392929259073,1739981392929837128
17671,1739981392929654535,1739981392930277383
17672,1739981392930036175,1739981392931320388
17673,1739981392930475539,1739981392931831524
17674,1739981392931679356,1739981392932214880
17675,1739981392932071462,1739981392932675393
17676,1739981392932409253,1739981392933568218
17677,1739981392932902401,1739981392934047119
17678,1739981392933895113,1739981392934515759
17679,1739981392934276192,1739981392934840208
17680,1739981392934711825,1739981392935492621
17681,1739981392935029120,1739981392936234660
17682,1739981392935795748,1739981392936595961
17683,1739981392936511950,1739981392936921604
17684,1739981392936712738,1739981392937395413
17685,1739981392937127709,1739981392938244405
17686,1739981392937828206,1739981392938783610
17687,1739981392938602288,1739981392939194760
17688,1739981392938974432,1739981392939591042
17689,1739981392939427265,1739981392940534616
17690,1739981392939817150,1739981392941026416
17691,1739981392940805230,1739981392941376668
17692,1739981392941246210,1739981392941768843
17693,1739981392941577498,1739981392942923424
17694,1739981392941958936,1739981392943322260
17695,1739981392943173317,1739981392943670381
17696,1739981392943544579,1739981392944435368
17697,1739981392943869588,1739981392945227105
17698,1739981392944726114,1739981392945635635
17699,1739981392945469791,1739981392946048107
17700,1739981392945871178,1739981392946358222
17701,1739981392946249827,1739981392947128606
17702,1739981392946565669,1739981392947931714
17703,1739981392947399598,1739981392948309897
17704,1739981392948180064,1739981392948628296
17705,1739981392948516260,1739981392948927248
17706,1739981392948809926,1739981392949334810
17707,1739981392949113680,1739981392950216336
17708,1739981392949525621,1739981392950829689
17709,1739981392950575923,1739981392951215325
17710,1739981392951055804,1739981392951602694
17711,1739981392951405519,1739981392952470750
17712,1739981392951794464,1739981392952961867
17713,1739981392952819598,1739981392953490849
17714,1739981392953205469,1739981392954168543
17715,1739981392953702423,1739981392955003409
17716,1739981392954529574,1739981392955466317
17717,1739981392955232781,1739981392955861578
17718,1739981392955856724,1739981392956730065
17719,1739981392956145625,1739981392957611771
17720,1739981392957076629,1739981392957963423
17721,1739981392957841674,1739981392958294617
17722,1739981392958165634,1739981392958699826
17723,1739981392958494657,1739981392959032989
17724,1739981392958874673,1739981392959733933
17725,1739981392959217841,1739981392960501514
17726,1739981392959991418,1739981392960862046
17727,1739981392960723320,1739981392961301352
17728,1739981392961073591,1739981392961633021
17729,1739981392961541643,1739981392961917478
17730,1739981392961863934,1739981392962783463
17731,1739981392962044327,1739981392963310678
17732,1739981392963136125,1739981392963794205
17733,1739981392963535844,1739981392964298111
17734,1739981392964022094,1739981392964655399
17735,1739981392964494960,1739981392965512716
17736,1739981392964850692,1739981392966258520
17737,1739981392965754001,1739981392966727628
17738,1739981392966484038,1739981392967641470
17739,1739981392966935953,1739981392968157010
17740,1739981392967938543,1739981392968481268
17741,1739981392968375310,1739981392968791063
17742,1739981392968722656,1739981392970010397
17743,1739981392969034202,1739981392970388138
17744,1739981392970218694,1739981392970733457
17745,1739981392970575098,1739981392971089474
17746,1739981392970920553,1739981392971972938
17747,1739981392971289634,1739981392972654907
17748,1739981392972477404,1739981392973171671
17749,1739981392972915880,1739981392973980479
17750,1739981392973431581,1739981392974887124
17751,1739981392974224681,1739981392975400109
17752,1739981392975160851,1739981392975825624
17753,1739981392975622065,1739981392976622592
17754,1739981392976032137,1739981392977492767
17755,1739981392976876940,1739981392978026393
17756,1739981392977711046,1739981392978509489
17757,1739981392978215588,1739981392979235942
17758,1739981392978702550,1739981392980212480
17759,1739981392979622056,1739981392980752415
17760,1739981392980442775,1739981392981597961
17761,1739981392980949082,1739981392982225009
17762,1739981392981883316,1739981392982780997
17763,1739981392982450633,1739981392983352754
17764,1739981392983042223,1739981392983907049
17765,1739981392983503394,1739981392984425299
17766,1739981392984123474,1739981392984796778
17767,1739981392984622512,1739981392985141418
17768,1739981392985050757,1739981392985971771
17769,1739981392985319996,1739981392986750501
17770,1739981392986310041,1739981392987199899
17771,1739981392986981323,1739981392987606650
17772,1739981392987425998,1739981392988085335
17773,1739981392987806403,1739981392988870636
17774,1739981392988285366,1739981392989555679
17775,1739981392989142714,1739981392989964728
17776,1739981392989768333,1739981392990628086
17777,1739981392990163331,1739981392991433188
17778,1739981392990920606,1739981392991970176
17779,1739981392991661142,1739981392992529675
17780,1739981392992168901,1739981392993368464
17781,1739981392992710940,1739981392994083090
17782,1739981392993550287,1739981392994680427
17783,1739981392994334685,1739981392995119094
17784,1739981392994888440,1739981392995538308
17785,1739981392995308759,1739981392996462408
17786,1739981392995738826,1739981392996916603
17787,1739981392996622591,1739981392997382470
17788,1739981392997222664,1739981392997839553
17789,1739981392997618619,1739981392998146167
17790,1739981392998074014,1739981392998439591
17791,1739981392998250623,1739981392999193079
17792,1739981392998657005,1739981392999814007
17793,1739981392999361114,1739981393000140941
17794,1739981393000044686,1739981393000526939
17795,1739981393000316420,1739981393001347153
17796,1739981393000704863,1739981393001904233
17797,1739981393001721581,1739981393002278350
17798,1739981393002141620,1739981393002655080
17799,1739981393002401837,1739981393003669322
17800,1739981393002879954,1739981393004294984
17801,1739981393003934876,1739981393004819554
17802,1739981393004502635,1739981393005256446
17803,1739981393005036607,1739981393006427248
17804,1739981393005448901,1739981393006893619
17805,1739981393006694652,1739981393007414026
17806,1739981393007120998,1739981393007822469
17807,1739981393007628442,1739981393008885777
17808,1739981393008042994,1739981393009341216
17809,1739981393009170399,1739981393009666472
17810,1739981393009552791,1739981393009976202
17811,1739981393009857540,1739981393011015343
17812,1739981393010178408,1739981393011402133
17813,1739981393011235480,1739981393011760214
17814,1739981393011618430,1739981393012100341
17815,1739981393011964381,1739981393013113509
17816,1739981393012314611,1739981393013621391
17817,1739981393013474399,1739981393014082837
17818,1739981393013838132,1739981393014476976
17819,1739981393014306964,1739981393015406819
17820,1739981393014680020,1739981393016028532
17821,1739981393015826900,1739981393016510923
17822,1739981393016247428,1739981393017442424
17823,1739981393016737177,1739981393017935749
17824,1739981393017756016,1739981393018318269
17825,1739981393018156365,1739981393018787492
17826,1739981393018527987,1739981393019689075
17827,1739981393019094176,1739981393020230308
17828,1739981393020053096,1739981393020729224
17829,1739981393020445889,1739981393021488490
17830,1739981393020944633,1739981393022201334
17831,1739981393021745910,1739981393022708131
17832,1739981393022422709,1739981393023091077
17833,1739981393022979622,1739981393024095928
17834,1739981393023225066,1739981393024552786
17835,1739981393024371126,1739981393024928803
17836,1739981393024791365,1739981393025230959
17837,1739981393025156711,1739981393026066145
17838,1739981393025328255,1739981393026733076
17839,1739981393026234742,1739981393027163291
17840,1739981393026964031,1739981393027528330
17841,1739981393027392810,1739981393027890526
17842,1739981393027725408,1739981393028570479
17843,1739981393028076077,1739981393029319137
17844,1739981393028709364,1739981393029692737
17845,1739981393029544071,1739981393030192531
17846,1739981393029918807,1739981393030551289
17847,1739981393030402374,1739981393031392544
17848,1739981393030754541,1739981393032052855
17849,1739981393031553752,1739981393032434821
17850,1739981393032194399,1739981393033238931
17851,1739981393032628830,1739981393033919269
17852,1739981393033515321,1739981393034396016
17853,1739981393034173891,1739981393034753482
17854,1739981393034603658,1739981393035202771
17855,1739981393034970934,1739981393035992413
17856,1739981393035430430,1739981393036637348
17857,1739981393036174720,1739981393037104200
17858,1739981393036856109,1739981393037500355
17859,1739981393037323075,1739981393037877741
17860,1739981393037691217,1739981393038246592
17861,1739981393038057569,1739981393039118799
17862,1739981393038434028,1739981393039613778
17863,1739981393039271506,1739981393040133690
17864,1739981393039938806,1739981393040520458
17865,1739981393040350877,1739981393040943741
17866,1739981393040721343,1739981393041806907
17867,1739981393041134098,1739981393042415622
17868,1739981393042178098,1739981393042896125
17869,1739981393042608717,1739981393043666280
17870,1739981393043069766,1739981393044249471
17871,1739981393043970476,1739981393044937909
17872,1739981393044531340,1739981393045366042
17873,1739981393045168466,1739981393046143699
17874,1739981393045549366,1739981393047009719
17875,1739981393046410683,1739981393047352005
17876,1739981393047283266,1739981393047675687
17877,1739981393047487403,1739981393048144675
17878,1739981393047870530,1739981393049212638
17879,1739981393048372291,1739981393049631952
17880,1739981393049437398,1739981393050065772
17881,1739981393049846052,1739981393050373153
17882,1739981393050230197,1739981393051135017
17883,1739981393050573784,1739981393051865026
17884,1739981393051418668,1739981393052337611
17885,1739981393052085717,1739981393052689892
17886,1739981393052537392,1739981393053242731
17887,1739981393052898942,1739981393053996329
17888,1739981393053475901,1739981393054693149
17889,1739981393054210222,1739981393055097714
17890,1739981393054971048,1739981393055514649
17891,1739981393055296525,1739981393055882967
17892,1739981393055685669,1739981393056656435
17893,1739981393056274069,1739981393057644609
17894,1739981393057452684,1739981393058011006
17895,1739981393057862722,1739981393058378174
17896,1739981393058207751,1739981393058696629
17897,1739981393058568869,1739981393059445834
17898,1739981393058886127,1739981393059958016
17899,1739981393059811596,1739981393060399892
17900,1739981393060164923,1739981393060699818
17901,1739981393060596395,1739981393061401165
17902,1739981393060884193,1739981393062066227
17903,1739981393061644442,1739981393062539571
17904,1739981393062251379,1739981393062927189
17905,1739981393062754797,1739981393063774253
17906,1739981393063114230,1739981393064517707
17907,1739981393063968446,1739981393065039585
17908,1739981393064771152,1739981393065400782
17909,1739981393065227278,1739981393065784900
17910,1739981393065593488,1739981393066416138
17911,1739981393065995310,1739981393067231219
17912,1739981393066665214,1739981393067706394
17913,1739981393067484805,1739981393068185614
17914,1739981393067919748,1739981393068746575
17915,1739981393068383411,1739981393069772784
17916,1739981393069124594,1739981393070206069
17917,1739981393070045966,1739981393070703960
17918,1739981393070439566,1739981393071651902
17919,1739981393070932085,1739981393072196872
17920,1739981393071975525,1739981393072584127
17921,1739981393072416800,1739981393073369393
17922,1739981393072802245,1739981393073831348
17923,1739981393073628642,1739981393074516975
17924,1739981393074094753,1739981393074894784
17925,1739981393074725690,1739981393075246442
17926,1739981393075089682,1739981393075593249
17927,1739981393075428658,1739981393076524983
17928,1739981393075797153,1739981393077136646
17929,1739981393076699164,1739981393077533449
17930,1739981393077327469,1739981393078003737
17931,1739981393077755071,1739981393078427034
17932,1739981393078214108,1739981393078768677
17933,1739981393078622991,1739981393079601064
17934,1739981393079082942,1739981393080147445
17935,1739981393079981605,1739981393080715300
17936,1739981393080370387,1739981393081434527
17937,1739981393080935666,1739981393082197111
17938,1739981393081625194,1739981393082737378
17939,1739981393082420214,1739981393083136348
17940,1739981393082954578,1739981393083472898
17941,1739981393083343278,1739981393084549321
17942,1739981393083638370,1739981393084956092
17943,1739981393084804333,1739981393085376731
17944,1739981393085228276,1739981393085838886
17945,1739981393085564190,1739981393086568894
17946,1739981393086029679,1739981393087161914
17947,1739981393086777104,1739981393087536935
17948,1739981393087450237,1739981393088016729
17949,1739981393087679559,1739981393088400944
17950,1739981393088265395,1739981393089394631
17951,1739981393088647756,1739981393089890164
17952,1739981393089775677,1739981393090393483
17953,1739981393090135443,1739981393090754085
17954,1739981393090585986,1739981393091512107
17955,1739981393090924286,1739981393092186696
17956,1739981393091705320,1739981393092706417
17957,1739981393092423858,1739981393093064468
17958,1739981393092928328,1739981393093425091
17959,1739981393093274483,1739981393094606082
17960,1739981393093665483,1739981393095039641
17961,1739981393094886544,1739981393095400929
17962,1739981393095273770,1739981393096224568
17963,1739981393095595073,1739981393096734098
17964,1739981393096609330,1739981393097094256
17965,1739981393096963800,1739981393097466660
17966,1739981393097350262,1739981393098308028
17967,1739981393097660921,1739981393098774863
17968,1739981393098660780,1739981393099195964
17969,1739981393099014962,1739981393099566422
17970,1739981393099432900,1739981393100306253
17971,1739981393099778933,1739981393100996289
17972,1739981393100498433,1739981393101388871
17973,1739981393101245235,1739981393101780343
17974,1739981393101586731,1739981393102138696
17975,1739981393101999925,1739981393102933790
17976,1739981393102508838,1739981393103593570
17977,1739981393103341767,1739981393103948590
17978,1739981393103833240,1739981393104468035
17979,1739981393104158517,1739981393104943327
17980,1739981393104674281,1739981393105709437
17981,1739981393105212856,1739981393106263454
17982,1739981393106051166,1739981393106662391
17983,1739981393106480172,1739981393106999473
17984,1739981393106850347,1739981393107329221
17985,1739981393107220074,1739981393108249649
17986,1739981393107517419,1739981393108742542
17987,1739981393108580266,1739981393109147440
17988,1739981393109004252,1739981393109520613
17989,1739981393109371188,1739981393110267644
17990,1739981393109790685,1739981393110831308
17991,1739981393110632555,1739981393111427227
17992,1739981393111101564,1739981393111829643
17993,1739981393111685417,1739981393112272318
17994,1739981393112029232,1739981393113192593
17995,1739981393112500197,1739981393113837695
17996,1739981393113425780,1739981393114408330
17997,1739981393114108351,1739981393114877590
17998,1739981393114615311,1739981393115777583
17999,1739981393115066203,1739981393116583904
18000,1739981393116055824,1739981393117065854
18001,1739981393116821303,1739981393117639763
18002,1739981393117246581,1739981393118398148
18003,1739981393117780783,1739981393118785177
18004,1739981393118648922,1739981393119137073
18005,1739981393119017760,1739981393119513263
18006,1739981393119343874,1739981393120354812
18007,1739981393119767783,1739981393121122507
18008,1739981393120583180,1739981393121514594
18009,1739981393121359648,1739981393121959930
18010,1739981393121707554,1739981393122599694
18011,1739981393122187177,1739981393123325907
18012,1739981393122803568,1739981393123691874
18013,1739981393123546309,1739981393124171167
18014,1739981393123904355,1739981393124547156
18015,1739981393124392357,1739981393125058006
18016,1739981393124739625,1739981393126006311
18017,1739981393125475217,1739981393126381456
18018,1739981393126182444,1739981393126890891
18019,1739981393126601807,1739981393127703517
18020,1739981393127110242,1739981393128411437
18021,1739981393127928486,1739981393128898655
18022,1739981393128649509,1739981393129727560
18023,1739981393129101915,1739981393130304144
18024,1739981393130122816,1739981393130785069
18025,1739981393130542932,1739981393131540640
18026,1739981393130981829,1739981393132369344
18027,1739981393131769193,1739981393132816125
18028,1739981393132536940,1739981393133157500
18029,1739981393133051904,1739981393133438954
18030,1739981393133336602,1739981393134591726
18031,1739981393133661048,1739981393134972907
18032,1739981393134882615,1739981393135438681
18033,1739981393135114810,1739981393135835538
18034,1739981393135680500,1739981393136991353
18035,1739981393136052639,1739981393137425708
18036,1739981393137250924,1739981393137874236
18037,1739981393137647000,1739981393138262122
18038,1739981393138073979,1739981393139096354
18039,1739981393138455008,1739981393139804131
18040,1739981393139305966,1739981393140223329
18041,1739981393139991153,1739981393140688089
18042,1739981393140407587,1739981393141066715
18043,1739981393140912475,1739981393141905127
18044,1739981393141260270,1739981393142663831
18045,1739981393142154713,1739981393143056633
18046,1739981393142904889,1739981393143362139
18047,1739981393143268626,1739981393143985786
18048,1739981393143690505,1739981393144678667
18049,1739981393144178529,1739981393145089101
18050,1739981393144888339,1739981393145432848
18051,1739981393145302187,1739981393145774059
18052,1739981393145638683,1739981393146184035
18053,1739981393145984440,1739981393146795540
18054,1739981393146421123,1739981393147529983
18055,1739981393147028745,1739981393147919677
18056,1739981393147730519,1739981393148269814
18057,1739981393148100130,1739981393148852820
18058,1739981393148467129,1739981393149431724
18059,1739981393149113272,1739981393149975817
18060,1739981393149793649,1739981393150389675
18061,1739981393150249361,1739981393151098686
18062,1739981393150630638,1739981393151923863
18063,1739981393151282619,1739981393152317312
18064,1739981393152179022,1739981393152695405
18065,1739981393152546164,1739981393153083620
18066,1739981393152922808,1739981393153757936
18067,1739981393153295064,1739981393154493878
18068,1739981393154070723,1739981393154967268
18069,1739981393154737339,1739981393155345761
18070,1739981393155189321,1739981393155663772
18071,1739981393155559368,1739981393156662168
18072,1739981393155870975,1739981393157261680
18073,1739981393157076046,1739981393157670979
18074,1739981393157461338,1739981393158085792
18075,1739981393157882767,1739981393159209245
18076,1739981393158293934,1739981393159642796
18077,1739981393159474281,1739981393160007875
18078,1739981393159836924,1739981393160328454
18079,1739981393160189439,1739981393160635915
18080,1739981393160523108,1739981393161739855
18081,1739981393160813458,1739981393162194633
18082,1739981393161993534,1739981393162562267
18083,1739981393162370815,1739981393163054546
18084,1739981393162739468,1739981393164020511
18085,1739981393163203922,1739981393164632229
18086,1739981393164319783,1739981393165039740
18087,1739981393164848684,1739981393165374905
18088,1739981393165211893,1739981393165867908
18089,1739981393165616962,1739981393166762479
18090,1739981393166060034,1739981393167148086
18091,1739981393166989765,1739981393167498459
18092,1739981393167341809,1739981393167833571
18093,1739981393167670451,1739981393168873524
18094,1739981393168021600,1739981393169215840
18095,1739981393169077641,1739981393169621193
18096,1739981393169412737,1739981393169930835
18097,1739981393169814109,1739981393170793138
18098,1739981393170119098,1739981393171330693
18099,1739981393171141901,1739981393171787311
18100,1739981393171510373,1739981393172285930
18101,1739981393172005554,1739981393173286113
18102,1739981393172496872,1739981393173863980
18103,1739981393173577458,1739981393174367896
18104,1739981393174136075,1739981393174815667
18105,1739981393174576840,1739981393175273001
18106,1739981393174989390,1739981393176108790
18107,1739981393175465282,1739981393176656354
18108,1739981393176456234,1739981393177054233
18109,1739981393176862632,1739981393177325393
18110,1739981393177251500,1739981393177610167
18111,1739981393177548951,1739981393178704434
18112,1739981393177964936,1739981393179094276
18113,1739981393178972216,1739981393179442131
18114,1739981393179227913,1739981393179843280
18115,1739981393179643456,1739981393180761597
18116,1739981393180049421,1739981393181404175
18117,1739981393180951213,1739981393181838193
18118,1739981393181634293,1739981393182209826
18119,1739981393182055786,1739981393182559361
18120,1739981393182418416,1739981393183484878
18121,1739981393182794481,1739981393184064725
18122,1739981393183864746,1739981393184594224
18123,1739981393184218526,1739981393184995281
18124,1739981393184816080,1739981393186130900
18125,1739981393185216469,1739981393186680540
18126,1739981393186362924,1739981393187078326
18127,1739981393186911309,1739981393187441252
18128,1739981393187289817,1739981393188391984
18129,1739981393187613350,1739981393188855299
18130,1739981393188681769,1739981393189211595
18131,1739981393189081362,1739981393189628784
18132,1739981393189425506,1739981393190219636
18133,1739981393189828480,1739981393190947417
18134,1739981393190649165,1739981393191462389
18135,1739981393191185605,1739981393192200436
18136,1739981393191658137,1739981393192890245
18137,1739981393192390176,1739981393193295997
18138,1739981393193149435,1739981393193935052
18139,1739981393193546669,1739981393194918320
18140,1739981393194229846,1739981393195359925
18141,1739981393195188481,1739981393195756905
18142,1739981393195611491,1739981393196186708
18143,1739981393195989525,1739981393197392247
18144,1739981393196378409,1739981393197750431
18145,1739981393197647587,1739981393198108391
18146,1739981393197993515,1739981393198583567
18147,1739981393198361538,1739981393199418735
18148,1739981393198799774,1739981393199949105
18149,1739981393199785341,1739981393200329807
18150,1739981393200177570,1739981393201094859
18151,1739981393200586655,1739981393201891909
18152,1739981393201383092,1739981393202342141
18153,1739981393202156781,1739981393202700303
18154,1739981393202587256,1739981393203023081
18155,1739981393202881385,1739981393203983252
18156,1739981393203204250,1739981393204472102
18157,1739981393204241964,1739981393204864715
18158,1739981393204675277,1739981393205226038
18159,1739981393205065166,1739981393206003227
18160,1739981393205429576,1739981393206608583
18161,1739981393206224025,1739981393206957057
18162,1739981393206844072,1739981393207291398
18163,1739981393207157878,1739981393208133797
18164,1739981393207483163,1739981393208947464
18165,1739981393208383209,1739981393209440629
18166,1739981393209175087,1739981393209870922
18167,1739981393209658578,1739981393210223813
18168,1739981393210042467,1739981393211338474
18169,1739981393210417594,1739981393211762884
18170,1739981393211580035,1739981393212090776
18171,1739981393211968266,1739981393212494260
18172,1739981393212298850,1739981393213390684
18173,1739981393212742572,1739981393213868134
18174,1739981393213739301,1739981393214455449
18175,1739981393214044834,1739981393214772168
18176,1739981393214653140,1739981393215061753
18177,1739981393214979410,1739981393216141735
18178,1739981393215226687,1739981393216534895
18179,1739981393216380930,1739981393216988565
18180,1739981393216709354,1739981393217320703
18181,1739981393217223982,1739981393218024017
18182,1739981393217448470,1739981393218816584
18183,1739981393218248431,1739981393219233084
18184,1739981393219079156,1739981393219588341
18185,1739981393219441330,1739981393220459883
18186,1739981393219796450,1739981393221063738
18187,1739981393220742667,1739981393221428145
18188,1739981393221240299,1739981393222258981
18189,1739981393221628453,1739981393222967469
18190,1739981393222635123,1739981393223376620
18191,1739981393223159786,1739981393224016353
18192,1739981393223564001,1739981393224892354
18193,1739981393224427808,1739981393225268777
18194,1739981393225128151,1739981393225581077
18195,1739981393225475609,1739981393226019999
18196,1739981393225790575,1739981393226319694
18197,1739981393226199312,1739981393227085209
18198,1739981393226567490,1739981393227790774
18199,1739981393227269539,1739981393228256099
18200,1739981393228028615,1739981393228622453
18201,1739981393228487704,1739981393229130497
18202,1739981393228846109,1739981393229452900
18203,1739981393229343993,1739981393230173110
18204,1739981393229661633,1739981393230808949
18205,1739981393230339420,1739981393231287344
18206,1739981393231026460,1739981393231713671
18207,1739981393231475406,1739981393232384617
18208,1739981393231894902,1739981393232900183
18209,1739981393232602843,1739981393233474839
18210,1739981393233147449,1739981393233903605
18211,1739981393233704201,1739981393234469122
18212,1739981393234177500,1739981393234868190
18213,1739981393234666427,1739981393235482387
18214,1739981393235077545,1739981393236126197
18215,1739981393235748345,1739981393236549926
18216,1739981393236347741,1739981393236943796
18217,1739981393236780233,1739981393237277590
18218,1739981393237132701,1739981393238107375
18219,1739981393237642280,1739981393238732684
18220,1739981393238446346,1739981393239145805
18221,1739981393238919486,1739981393239547833
18222,1739981393239313844,1739981393240654175
18223,1739981393239714734,1739981393240997806
18224,1739981393240885730,1739981393241365090
18225,1739981393241192993,1739981393241746961
18226,1739981393241542590,1739981393242624112
18227,1739981393241969839,1739981393243255915
18228,1739981393242983331,1739981393243646806
18229,1739981393243469652,1739981393244643920
18230,1739981393243840343,1739981393245428694
18231,1739981393244909399,1739981393245821281
18232,1739981393245662205,1739981393246231579
18233,1739981393246068568,1739981393246655937
18234,1739981393246480842,1739981393247157493
18235,1739981393246854819,1739981393247912575
18236,1739981393247404120,1739981393248450209
18237,1739981393248162428,1739981393248813605
18238,1739981393248680881,1739981393249165229
18239,1739981393248981211,1739981393249595617
18240,1739981393249355182,1739981393250653059
18241,1739981393249780167,1739981393251025925
18242,1739981393250873945,1739981393251368468
18243,1739981393251218420,1739981393251775762
18244,1739981393251575262,1739981393252887100
18245,1739981393251968351,1739981393253296667
18246,1739981393253084311,1739981393253698628
18247,1739981393253524137,1739981393254130720
18248,1739981393253904054,1739981393254522343
18249,1739981393254372695,1739981393255417084
18250,1739981393254729538,1739981393256046345
18251,1739981393255790939,1739981393256415811
18252,1739981393256214501,1739981393257341572
18253,1739981393256605873,1739981393257929434
18254,1739981393257644375,1739981393258303074
18255,1739981393258187736,1739981393258634513
18256,1739981393258534339,1739981393259562336
18257,1739981393258830775,1739981393260176877
18258,1739981393259737491,1739981393260530653
18259,1739981393260431746,1739981393260836906
18260,1739981393260662836,1739981393261280325
18261,1739981393261057079,1739981393261955231
18262,1739981393261491136,1739981393262743055
18263,1739981393262148201,1739981393263160784
18264,1739981393263286407,1739981393263744251
18265,1739981393263572462,1739981393264077065
18266,1739981393263953900,1739981393264544209
18267,1739981393264269695,1739981393265347845
18268,1739981393264732509,1739981393266238672
18269,1739981393265984497,1739981393266672018
18270,1739981393266433624,1739981393267277699
18271,1739981393266879553,1739981393268134903
18272,1739981393267720915,1739981393268552163
18273,1739981393268437413,1739981393269033817
18274,1739981393268767828,1739981393269777489
18275,1739981393269234929,1739981393270508792
18276,1739981393270088348,1739981393270965138
18277,1739981393270771620,1739981393271387027
18278,1739981393271176706,1739981393272223383
18279,1739981393271592544,1739981393272634732
18280,1739981393272449277,1739981393272983758
18281,1739981393272837746,1739981393273336386
18282,1739981393273223541,1739981393274173511
18283,1739981393273533592,1739981393275046000
18284,1739981393274458349,1739981393275434190
18285,1739981393275224060,1739981393275870434
18286,1739981393275653216,1739981393276239802
18287,1739981393276079407,1739981393276753374
18288,1739981393276456592,1739981393277320492
18289,1739981393277082193,1739981393277929607
18290,1739981393277729904,1739981393278347009
18291,1739981393278129354,1739981393279010975
18292,1739981393278575702,1739981393279921567
18293,1739981393279205699,1739981393280332805
18294,1739981393280141452,1739981393280738289
18295,1739981393280525678,1739981393281144105
18296,1739981393280988346,1739981393281925623
18297,1739981393281380679,1739981393282587078
18298,1739981393282199699,1739981393283024939
18299,1739981393282839883,1739981393283331565
18300,1739981393283207980,1739981393283625450
18301,1739981393283514941,1739981393284106714
18302,1739981393283802092,1739981393285098067
18303,1739981393284456689,1739981393285526662
18304,1739981393285296385,1739981393285981277
18305,1739981393285757941,1739981393286329794
18306,1739981393286180283,1739981393287455077
18307,1739981393286510918,1739981393287990396
18308,1739981393287689580,1739981393288470652
18309,1739981393288201569,1739981393289275536
18310,1739981393288683613,1739981393290043811
18311,1739981393289516217,1739981393290438392
18312,1739981393290236778,1739981393290903426
18313,1739981393290674470,1739981393291595931
18314,1739981393291119411,1739981393292266690
18315,1739981393291822605,1739981393292752105
18316,1739981393292507680,1739981393293512521
18317,1739981393292951846,1739981393294365617
18318,1739981393293799041,1739981393294774740
18319,1739981393294623354,1739981393295101034
18320,1739981393295014934,1739981393295438380
18321,1739981393295322157,1739981393295859293
18322,1739981393295659723,1739981393296646597
18323,1739981393296051905,1739981393297370964
18324,1739981393296977340,1739981393297732065
18325,1739981393297582080,1739981393298148803
18326,1739981393297917176,1739981393298521919
18327,1739981393298369241,1739981393299100285
18328,1739981393298718635,1739981393299964021
18329,1739981393299347131,1739981393300355408
18330,1739981393300235684,1739981393300683851
18331,1739981393300543889,1739981393301042512
18332,1739981393300871112,1739981393302148678
18333,1739981393301203446,1739981393302678282
18334,1739981393302389861,1739981393303056379
18335,1739981393302892292,1739981393303872219
18336,1739981393303243508,1739981393304630273
18337,1739981393304045706,1739981393305035252
18338,1739981393304921244,1739981393305394544
18339,1739981393305222884,1739981393306267363
18340,1739981393305597354,1739981393306990382
18341,1739981393306500706,1739981393307361439
18342,1739981393307201025,1739981393307811154
18343,1739981393307587186,1739981393308192565
18344,1739981393308012237,1739981393308513364
18345,1739981393308410159,1739981393309328860
18346,1739981393308733593,1739981393310062757
18347,1739981393309522611,1739981393310417358
18348,1739981393310218368,1739981393311366409
18349,1739981393310615421,1739981393311946805
18350,1739981393311718262,1739981393312387473
18351,1739981393312177750,1739981393312985107
18352,1739981393312597449,1739981393313608991
18353,1739981393313185555,1739981393314568534
18354,1739981393314197450,1739981393314931961
18355,1739981393314808321,1739981393315335562
18356,1739981393315146976,1739981393316315720
18357,1739981393315530553,1739981393316838344
18358,1739981393316694195,1739981393317206662
18359,1739981393317073186,1739981393317943945
18360,1739981393317420318,1739981393318610623
18361,1739981393318152286,1739981393318940620
18362,1739981393318863631,1739981393319334217
18363,1739981393319071923,1739981393319653672
18364,1739981393319532515,1739981393319988903
18365,1739981393319869132,1739981393321135154
18366,1739981393320306538,1739981393321570648
18367,1739981393321406296,1739981393322017353
18368,1739981393321801133,1739981393322394947
18369,1739981393322225194,1739981393323496098
18370,1739981393322580295,1739981393323981607
18371,1739981393323789786,1739981393324453742
18372,1739981393324198600,1739981393324845464
18373,1739981393324662964,1739981393325645818
18374,1739981393325044335,1739981393326433274
18375,1739981393325938189,1739981393326890711
18376,1739981393326717145,1739981393327345700
18377,1739981393327126631,1739981393328331221
18378,1739981393327575382,1739981393328846719
18379,1739981393328695349,1739981393329274267
18380,1739981393329056240,1739981393329662391
18381,1739981393329487262,1739981393330456174
18382,1739981393329846131,1739981393330996226
18383,1739981393330888788,1739981393331418597
18384,1739981393331146311,1739981393331745015
18385,1739981393331651906,1739981393332415942
18386,1739981393331962989,1739981393333369291
18387,1739981393332666908,1739981393333767227
18388,1739981393333603543,1739981393334222397
18389,1739981393333996666,1739981393334633680
18390,1739981393334468103,1739981393335760987
18391,1739981393334865355,1739981393336192454
18392,1739981393335978023,1739981393336584163
18393,1739981393336451051,1739981393336926765
18394,1739981393336789276,1739981393337340552
18395,1739981393337119616,1739981393338273993
18396,1739981393337679250,1739981393338824563
18397,1739981393338685651,1739981393339306194
18398,1739981393339014441,1739981393340170184
18399,1739981393339491356,1739981393340665513
18400,1739981393340409392,1739981393341127557
18401,1739981393340912352,1739981393341461166
18402,1739981393341328192,1739981393342254354
18403,1739981393341812472,1739981393342780808
18404,1739981393342609269,1739981393343162230
18405,1739981393343039292,1739981393343719101
18406,1739981393343364561,1739981393344450971
18407,1739981393343970518,1739981393344950102
18408,1739981393344758993,1739981393345386363
18409,1739981393345166563,1739981393345811315
18410,1739981393345634899,1739981393346595592
18411,1739981393346009622,1739981393347251970
18412,1739981393346798507,1739981393347660943
18413,1739981393347509493,1739981393348013258
18414,1739981393347873973,1739981393348743592
18415,1739981393348199837,1739981393349447406
18416,1739981393348892244,1739981393349998784
18417,1739981393349706697,1739981393350391239
18418,1739981393350250723,1739981393350724426
18419,1739981393350580268,1739981393351920717
18420,1739981393350905707,1739981393352366596
18421,1739981393352186974,1739981393352794377
18422,1739981393352592619,1739981393353201992
18423,1739981393353024261,1739981393353923405
18424,1739981393353404778,1739981393354699500
18425,1739981393354104641,1739981393355185040
18426,1739981393354933649,1739981393355577598
18427,1739981393355428978,1739981393355942620
18428,1739981393355810259,1739981393356267070
18429,1739981393356179626,1739981393357347652
18430,1739981393356506002,1739981393357705254
18431,1739981393357607198,1739981393358077888
18432,1739981393357863650,1739981393358472592
18433,1739981393358275026,1739981393359347562
18434,1739981393358663795,1739981393359885824
18435,1739981393359739473,1739981393360265536
18436,1739981393360126072,1739981393360693108
18437,1739981393360472696,1739981393361840025
18438,1739981393360911035,1739981393362233153
18439,1739981393362094451,1739981393362627798
18440,1739981393362427181,1739981393363378876
18441,1739981393362860428,1739981393364325426
18442,1739981393363649539,1739981393364776096
18443,1739981393364550537,1739981393365133874
18444,1739981393364996349,1739981393365467164
18445,1739981393365325760,1739981393366256469
18446,1739981393365655468,1739981393366941589
18447,1739981393366411129,1739981393367252088
18448,1739981393367159076,1739981393367577606
18449,1739981393367370659,1739981393368061597
18450,1739981393367763223,1739981393368345017
18451,1739981393368209126,1739981393369442560
18452,1739981393368518767,1739981393369923990
18453,1739981393369690818,1739981393370369316
18454,1739981393370168660,1739981393370760214
18455,1739981393370592634,1739981393371503062
18456,1739981393370979114,1739981393372222104
18457,1739981393371754943,1739981393372744441
18458,1739981393372478839,1739981393373130665
18459,1739981393372962429,1739981393373883654
18460,1739981393373311400,1739981393374712636
18461,1739981393374067993,1739981393375114886
18462,1739981393374915897,1739981393375528664
18463,1739981393375311555,1739981393376684444
18464,1739981393375723672,1739981393377074998
18465,1739981393376918278,1739981393377431296
18466,1739981393377266834,1739981393377853972
18467,1739981393377621967,1739981393378184684
18468,1739981393378055804,1739981393379030042
18469,1739981393378365233,1739981393379718623
18470,1739981393379292901,1739981393380115281
18471,1739981393379908889,1739981393380626878
18472,1739981393380353067,1739981393381361048
18473,1739981393380907366,1739981393381925718
18474,1739981393381732775,1739981393382423338
18475,1739981393382130161,1739981393382806976
18476,1739981393382659443,1739981393383597757
18477,1739981393382984008,1739981393384283939
18478,1739981393383786645,1739981393384739454
18479,1739981393384529259,1739981393385136877
18480,1739981393384948768,1739981393385955891
18481,1739981393385323193,1739981393386542274
18482,1739981393386192105,1739981393386931244
18483,1739981393386771504,1739981393387657641
18484,1739981393387128304,1739981393388386351
18485,1739981393387898736,1739981393388746343
18486,1739981393388672722,1739981393389061864
18487,1739981393388906128,1739981393389443304
18488,1739981393389243012,1739981393389762820
18489,1739981393389663898,1739981393390517369
18490,1739981393389964007,1739981393391208706
18491,1739981393390686825,1739981393391712523
18492,1739981393391404966,1739981393392058269
18493,1739981393391933921,1739981393392440947
18494,1739981393392243486,1739981393393034721
18495,1739981393392655458,1739981393393906013
18496,1739981393393203836,1739981393394419125
18497,1739981393394146153,1739981393394777637
18498,1739981393394637835,1739981393395198999
18499,1739981393394996175,1739981393396040768
18500,1739981393395404714,1739981393396790955
18501,1739981393396296187,1739981393397181510
18502,1739981393397020228,1739981393397530233
18503,1739981393397395825,1739981393398490789
18504,1739981393397716240,1739981393398971955
18505,1739981393398815511,1739981393399381745
18506,1739981393399186827,1739981393399797140
18507,1739981393399566522,1739981393400648058
18508,1739981393399979850,1739981393401165887
18509,1739981393401008310,1739981393401651972
18510,1739981393401402700,1739981393402034794
18511,1739981393401891749,1739981393402504193
18512,1739981393402244969,1739981393403153252
18513,1739981393402937624,1739981393403729571
18514,1739981393403511210,1739981393404112359
18515,1739981393403947679,1739981393404657070
18516,1739981393404285398,1739981393405422406
18517,1739981393404860070,1739981393406087214
18518,1739981393405642644,1739981393406500295
18519,1739981393406347747,1739981393406827053
18520,1739981393406688956,1739981393407903952
18521,1739981393407037288,1739981393408456008
18522,1739981393408132907,1739981393408961256
18523,1739981393408683040,1739981393409883055
18524,1739981393409172497,1739981393410444612
18525,1739981393410289534,1739981393410931859
18526,1739981393410669081,1739981393411795805
18527,1739981393411145927,1739981393412302858
18528,1739981393412166058,1739981393412705511
18529,1739981393412549853,1739981393413536075
18530,1739981393412901677,1739981393414005469
18531,1739981393413832565,1739981393414458191
18532,1739981393414301356,1739981393414838691
18533,1739981393414738864,1739981393415185033
18534,1739981393415043932,1739981393415959499
18535,1739981393415380287,1739981393416730589
18536,1739981393416153396,1739981393417197679
18537,1739981393416938498,1739981393417653474
18538,1739981393417420336,1739981393417994741
18539,1739981393417848621,1739981393418861147
18540,1739981393418207857,1739981393419516926
18541,1739981393419252190,1739981393419928735
18542,1739981393419736472,1739981393420299253
18543,1739981393420123529,1739981393421157613
18544,1739981393420560385,1739981393422052963
18545,1739981393421405112,1739981393422447301
18546,1739981393422220664,1739981393422839179
18547,1739981393422650340,1739981393423899373
18548,1739981393423025192,1739981393424524972
18549,1739981393424182943,1739981393424877195
18550,1739981393424711467,1739981393425154773
18551,1739981393424976345,1739981393425810855
18552,1739981393425346613,1739981393426390045
18553,1739981393425992639,1739981393426784388
18554,1739981393426613591,1739981393427109724
18555,1739981393427013355,1739981393427431729
18556,1739981393427325058,1739981393427867741
18557,1739981393427610785,1739981393428683673
18558,1739981393428059521,1739981393429275958
18559,1739981393429035140,1739981393429676039
18560,1739981393429518655,1739981393430147113
18561,1739981393429871298,1739981393431217173
18562,1739981393430348229,1739981393431582395
18563,1739981393431482157,1739981393431928516
18564,1739981393431723954,1739981393432340723
18565,1739981393432108972,1739981393433257020
18566,1739981393432557521,1739981393433829982
18567,1739981393433609027,1739981393434319692
18568,1739981393434051588,1739981393434738912
18569,1739981393434592349,1739981393435650549
18570,1739981393434950388,1739981393436159974
18571,1739981393435927339,1739981393436539964
18572,1739981393436424653,1739981393437658134
18573,1739981393436735118,1739981393438004726
18574,1739981393437893508,1739981393438358814
18575,1739981393438157737,1739981393438812195
18576,1739981393438571770,1739981393439233046
18577,1739981393438997345,1739981393439834533
18578,1739981393439660830,1739981393440328572
18579,1739981393440214766,1739981393440832313
18580,1739981393440485238,1739981393441195385
18581,1739981393441014068,1739981393442246113
18582,1739981393441402961,1739981393442709877
18583,1739981393442474376,1739981393443114875
18584,1739981393442928867,1739981393443470839
18585,1739981393443347911,1739981393444295902
18586,1739981393443670124,1739981393445239314
18587,1739981393444538283,1739981393445667911
18588,1739981393445461759,1739981393446014604
18589,1739981393445856633,1739981393446428861
18590,1739981393446193924,1739981393447390719
18591,1739981393446645694,1739981393447927903
18592,1739981393447746767,1739981393448326487
18593,1739981393448114108,1739981393448657741
18594,1739981393448521791,1739981393449345949
18595,1739981393448862942,1739981393450126877
18596,1739981393449575935,1739981393450453740
18597,1739981393450341330,1739981393450734893
18598,1739981393450652169,1739981393451217508
18599,1739981393450928802,1739981393452089770
18600,1739981393451426949,1739981393452651972
18601,1739981393452460789,1739981393453027387
18602,1739981393452867770,1739981393453903078
18603,1739981393453240396,1739981393454465902
18604,1739981393454296403,1739981393454860116
18605,1739981393454726946,1739981393455594437
18606,1739981393455063540,1739981393456156591
18607,1739981393455757922,1739981393456628813
18608,1739981393456483512,1739981393457054643
18609,1739981393456820384,1739981393458193484
18610,1739981393457222355,1739981393458552543
18611,1739981393458430379,1739981393458898455
18612,1739981393458735297,1739981393459725790
18613,1739981393459107467,1739981393460367196
18614,1739981393459942215,1739981393460673674
18615,1739981393460551462,1739981393461114051
18616,1739981393460882332,1739981393461433690
18617,1739981393461347276,1739981393462195246
18618,1739981393461629692,1739981393462833615
18619,1739981393462427325,1739981393463252056
18620,1739981393463065459,1739981393463661470
18621,1739981393463444367,1739981393464011209
18622,1739981393463873698,1739981393465002686
18623,1739981393464491460,1739981393465535099
18624,1739981393465327517,1739981393466017547
18625,1739981393465748172,1739981393466433809
18626,1739981393466253089,1739981393467258654
18627,1739981393466637991,1739981393467770976
18628,1739981393467638337,1739981393468300356
18629,1739981393468012158,1739981393469204324
18630,1739981393468495932,1739981393470061979
18631,1739981393469373146,1739981393470460962
18632,1739981393470295829,1739981393470867825
18633,1739981393470684847,1739981393471378140
18634,1739981393471052213,1739981393472196895
18635,1739981393471645422,1739981393472692056
18636,1739981393472442520,1739981393473225371
18637,1739981393473013163,1739981393473551008
18638,1739981393473441150,1739981393473896819
18639,1739981393473746458,1739981393474423631
18640,1739981393474096145,1739981393474752810
18641,1739981393474604126,1739981393475258162
18642,1739981393474975578,1739981393475890016
18643,1739981393475408292,1739981393476470467
18644,1739981393476200310,1739981393476841700
18645,1739981393476656069,1739981393477224079
18646,1739981393477021280,1739981393478311258
18647,1739981393477399310,1739981393478740407
18648,1739981393478513032,1739981393479275302
18649,1739981393478968654,1739981393480387037
18650,1739981393479454841,1739981393480947565
18651,1739981393480679801,1739981393481384479
18652,1739981393481159109,1739981393482381827
18653,1739981393481581450,1739981393482892246
18654,1739981393482610929,1739981393483419570
18655,1739981393483113112,1739981393483842411
18656,1739981393483647405,1739981393484758351
18657,1739981393484012814,1739981393485426886
18658,1739981393484986508,1739981393485841282
18659,1739981393485646491,1739981393486700894
18660,1739981393486050929,1739981393487435198
18661,1739981393486887347,1739981393487775645
18662,1739981393487697389,1739981393488086477
18663,1739981393487927578,1739981393488497415
18664,1739981393488279820,1739981393488899440
18665,1739981393488714021,1739981393489617298
18666,1739981393489100726,1739981393490421437
18667,1739981393489854362,1739981393490803423
18668,1739981393490678564,1739981393491239773
18669,1739981393491042626,1739981393491605716
18670,1739981393491477948,1739981393492523449
18671,1739981393491789619,1739981393493149912
18672,1739981393492683481,1739981393493602189
18673,1739981393493345009,1739981393493959643
18674,1739981393493782590,1739981393494435538
18675,1739981393494144178,1739981393494804333
18676,1739981393494633059,1739981393495744344
18677,1739981393495060654,1739981393496628993
18678,1739981393495962387,1739981393497075418
18679,1739981393496856181,1739981393497462774
18680,1739981393497321424,1739981393497837215
18681,1739981393497689831,1739981393498988171
18682,1739981393498186641,1739981393499437315
18683,1739981393499224183,1739981393499876948
18684,1739981393499626590,1739981393500681117
18685,1739981393500065455,1739981393501358743
18686,1739981393500966789,1739981393501695908
18687,1739981393501611630,1739981393502157032
18688,1739981393501827443,1739981393502558219
18689,1739981393502409593,1739981393502860271
18690,1739981393502746555,1739981393503536523
18691,1739981393503063839,1739981393504510028
18692,1739981393503742812,1739981393504957510
18693,1739981393504762982,1739981393505413823
18694,1739981393505187193,1739981393505762442
18695,1739981393505622184,1739981393506805664
18696,1739981393505975708,1739981393507249336
18697,1739981393507044149,1739981393507629116
18698,1739981393507485847,1739981393508030691
18699,1739981393507822671,1739981393509219888
18700,1739981393508215073,1739981393509753195
18701,1739981393509506849,1739981393510197596
18702,1739981393510011870,1739981393511079160
18703,1739981393510394913,1739981393511880003
18704,1739981393511253253,1739981393512369123
18705,1739981393512090986,1739981393512761007
18706,1739981393512557531,1739981393513118552
18707,1739981393512956655,1739981393513456630
18708,1739981393513318567,1739981393514140957
18709,1739981393513645001,1739981393514929517
18710,1739981393514432018,1739981393515332774
18711,1739981393515145736,1739981393515728584
18712,1739981393515543393,1739981393516179151
18713,1739981393515912336,1739981393516533613
18714,1739981393516356706,1739981393517544057
18715,1739981393516724901,1739981393517962776
18716,1739981393517801165,1739981393518338596
18717,1739981393518179558,1739981393518697396
18718,1739981393518514718,1739981393519509615
18719,1739981393518886011,1739981393520057934
18720,1739981393519870196,1739981393520417276
18721,1739981393520243935,1739981393520741154
18722,1739981393520611387,1739981393521792963
18723,1739981393520955326,1739981393522290101
18724,1739981393522109312,1739981393522694746
18725,1739981393522521263,1739981393523068665
18726,1739981393522868132,1739981393523811967
18727,1739981393523215579,1739981393524326645
18728,1739981393523994047,1739981393524866811
18729,1739981393524742362,1739981393525212000
18730,1739981393525057485,1739981393525559387
18731,1739981393525420274,1739981393525929972
18732,1739981393525763705,1739981393526852984
18733,1739981393526126412,1739981393527359119
18734,1739981393527219617,1739981393527802268
18735,1739981393527580495,1739981393528190698
18736,1739981393528050305,1739981393528946721
18737,1739981393528392650,1739981393529660363
18738,1739981393529103072,1739981393530102940
18739,1739981393529914507,1739981393530467809
18740,1739981393530310062,1739981393530820763
18741,1739981393530693990,1739981393531521612
18742,1739981393531013225,1739981393532359317
18743,1739981393531818698,1739981393532751838
18744,1739981393532638171,1739981393533100131
18745,1739981393532972597,1739981393533431938
18746,1739981393533329562,1739981393534179229
18747,1739981393533665496,1739981393534947783
18748,1739981393534444011,1739981393535340620
18749,1739981393535217770,1739981393535726354
18750,1739981393535557481,1739981393536192729
18751,1739981393535941302,1739981393536521241
18752,1739981393536377841,1739981393537418815
18753,1739981393536697623,1739981393537944954
18754,1739981393537801955,1739981393538439598
18755,1739981393538150665,1739981393538878843
18756,1739981393538647771,1739981393539718609
18757,1739981393539058777,1739981393540318593
18758,1739981393539943025,1739981393540727094
18759,1739981393540541483,1739981393541177615
18760,1739981393540945948,1739981393542290499
18761,1739981393541421743,1739981393542664982
18762,1739981393542530397,1739981393543143368
18763,1739981393542870077,1739981393543589215
18764,1739981393543362973,1739981393544291452
18765,1739981393544000136,1739981393544865352
18766,1739981393544598671,1739981393545183344
18767,1739981393545082252,1739981393545506063
18768,1739981393545408885,1739981393546453380
18769,1739981393545679367,1739981393546926579
18770,1739981393546777371,1739981393547268885
18771,1739981393547136814,1739981393547593155
18772,1739981393547512977,1739981393548567901
18773,1739981393547702617,1739981393549027323
18774,1739981393548906844,1739981393549445650
18775,1739981393549158339,1739981393549811535
18776,1739981393549648628,1739981393551044450
18777,1739981393550016149,1739981393551429688
18778,1739981393551235402,1739981393551776913
18779,1739981393551610061,1739981393552170614
18780,1739981393551968917,1739981393553164165
18781,1739981393552370034,1739981393553788349
18782,1739981393553523144,1739981393554407979
18783,1739981393554026616,1739981393554780304
18784,1739981393554624064,1739981393555556642
18785,1739981393555005580,1739981393556454230
18786,1739981393555742089,1739981393556884845
18787,1739981393556697262,1739981393557352213
18788,1739981393557106819,1739981393557858260
18789,1739981393557561800,1739981393558381123
18790,1739981393558105028,1739981393558914522
18791,1739981393558584893,1739981393559329370
18792,1739981393559170317,1739981393559692613
18793,1739981393559567224,1739981393560410439
18794,1739981393559886952,1739981393561237813
18795,1739981393560611751,1739981393561621284
18796,1739981393561464290,1739981393562062882
18797,1739981393561826337,1739981393562445678
18798,1739981393562274623,1739981393563270201
18799,1739981393562644411,1739981393564059341
18800,1739981393563597727,1739981393564557818
18801,1739981393564340283,1739981393564993468
18802,1739981393564770846,1739981393565328460
18803,1739981393565207143,1739981393566176768
18804,1739981393565515425,1739981393567034991
18805,1739981393566452517,1739981393567445341
18806,1739981393567270912,1739981393567900192
18807,1739981393567686318,1739981393568637332
18808,1739981393568113270,1739981393569387609
18809,1739981393568815063,1739981393569823208
18810,1739981393569629074,1739981393570174836
18811,1739981393570061406,1739981393570495130
18812,1739981393570403054,1739981393570944859
18813,1739981393570727585,1739981393571705694
18814,1739981393571127636,1739981393572390100
18815,1739981393571877364,1739981393572863019
18816,1739981393572629761,1739981393573208139
18817,1739981393573064503,1739981393573655127
18818,1739981393573464759,1739981393573981746
18819,1739981393573844987,1739981393574939291
18820,1739981393574173570,1739981393575466441
18821,1739981393575190304,1739981393575869574
18822,1739981393575721113,1739981393576380714
18823,1739981393576075077,1739981393577587422
18824,1739981393576566337,1739981393578045160
18825,1739981393577843007,1739981393578355605
18826,1739981393578210902,1739981393579271655
18827,1739981393578553108,1739981393579842988
18828,1739981393579621561,1739981393580266388
18829,1739981393580064128,1739981393581383023
18830,1739981393580465594,1739981393581768443
18831,1739981393581650344,1739981393582129057
18832,1739981393582026031,1739981393582564836
18833,1739981393582340933,1739981393582909704
18834,1739981393582754764,1739981393583746551
18835,1739981393583092415,1739981393584437910
18836,1739981393584060240,1739981393584807851
18837,1739981393584637726,1739981393585261734
18838,1739981393585015981,1739981393585671891
18839,1739981393585489886,1739981393586452286
18840,1739981393585859708,1739981393586988456
18841,1739981393586827518,1739981393587414529
18842,1739981393587222517,1739981393587872181
18843,1739981393587605550,1739981393588689457
18844,1739981393588067452,1739981393589494274
18845,1739981393588891720,1739981393590072413
18846,1739981393589744883,1739981393590478959
18847,1739981393590284277,1739981393591162468
18848,1739981393590664617,1739981393591729346
18849,1739981393591339022,1739981393592201198
18850,1739981393592120990,1739981393592543171
18851,1739981393592350632,1739981393592971109
18852,1739981393592772081,1739981393593260894
18853,1739981393593177155,1739981393594108282
18854,1739981393593464585,1739981393594816123
18855,1739981393594594673,1739981393595302451
18856,1739981393595044393,1739981393595691113
18857,1739981393595532928,1739981393596412292
18858,1739981393595885445,1739981393597247532
18859,1739981393596678055,1739981393597602997
18860,1739981393597487523,1739981393598009700
18861,1739981393597879752,1739981393598426332
18862,1739981393598237519,1739981393599679625
18863,1739981393598643347,1739981393600244699
18864,1739981393599911447,1739981393600666512
18865,1739981393600460687,1739981393601468091
18866,1739981393600902612,1739981393602200260
18867,1739981393601647117,1739981393602589922
18868,1739981393602507266,1739981393602998615
18869,1739981393602745322,1739981393603376628
18870,1739981393603220439,1739981393604004876
18871,1739981393603595466,1739981393604812311
18872,1739981393604219507,1739981393605224430
18873,1739981393605063332,1739981393605600074
18874,1739981393605410617,1739981393605977240
18875,1739981393605888449,1739981393606755621
18876,1739981393606103023,1739981393607605303
18877,1739981393607013173,1739981393607960714
18878,1739981393607838675,1739981393608427950
18879,1739981393608178619,1739981393608802258
18880,1739981393608647118,1739981393609903053
18881,1739981393608981014,1739981393610309145
18882,1739981393610148223,1739981393610710100
18883,1739981393610539102,1739981393611078569
18884,1739981393610926346,1739981393612051872
18885,1739981393611195549,1739981393612668709
18886,1739981393612384418,1739981393613125558
18887,1739981393612907598,1739981393613746796
18888,1739981393613325122,1739981393614728023
18889,1739981393613979997,1739981393615121794
18890,1739981393614939566,1739981393615549999
18891,1739981393615399594,1739981393615945870
18892,1739981393615732130,1739981393616783931
18893,1739981393616131712,1739981393617259697
18894,1739981393617092007,1739981393617687932
18895,1739981393617533024,1739981393618048998
18896,1739981393617886540,1739981393618771760
18897,1739981393618220366,1739981393619511656
18898,1739981393619039448,1739981393620040201
18899,1739981393619770490,1739981393620431721
18900,1739981393620238281,1739981393620827910
18901,1739981393620680215,1739981393621792180
18902,1739981393621052157,1739981393622615267
18903,1739981393621975758,1739981393623079746
18904,1739981393622813195,1739981393623519891
18905,1739981393623253421,1739981393623937759
18906,1739981393623701423,1739981393624827809
18907,1739981393624105671,1739981393625451684
18908,1739981393625042169,1739981393625924240
18909,1739981393625731995,1739981393626751871
18910,1739981393626100800,1739981393627515431
18911,1739981393626930733,1739981393628026248
18912,1739981393627785097,1739981393628362541
18913,1739981393628252311,1739981393628781057
18914,1739981393628582851,1739981393629703729
18915,1739981393628968588,1739981393630189607
18916,1739981393630026892,1739981393630519094
18917,1739981393630410148,1739981393630917855
18918,1739981393630732430,1739981393631280994
18919,1739981393631143527,1739981393632138694
18920,1739981393631522303,1739981393632629881
18921,1739981393632507959,1739981393633083575
18922,1739981393632761110,1739981393633471750
18923,1739981393633297080,1739981393634527767
18924,1739981393633646854,1739981393635253693
18925,1739981393634650865,1739981393635650570
18926,1739981393635528070,1739981393636006696
18927,1739981393635864317,1739981393636368907
18928,1739981393636211798,1739981393636898693
18929,1739981393636645086,1739981393637850153
18930,1739981393637145613,1739981393638337124
18931,1739981393638086406,1739981393638722539
18932,1739981393638591859,1739981393639508258
18933,1739981393638932265,1739981393640352898
18934,1739981393639860932,1739981393640777586
18935,1739981393640576905,1739981393641512123
18936,1739981393640982225,1739981393642064262
18937,1739981393641840639,1739981393642367482
18938,1739981393642249069,1739981393642692394
18939,1739981393642575030,1739981393643360498
18940,1739981393642897412,1739981393644099636
18941,1739981393643649987,1739981393644458774
18942,1739981393644369583,1739981393644958564
18943,1739981393644586406,1739981393645312193
18944,1739981393645136978,1739981393646259097
18945,1739981393645492756,1739981393646782620
18946,1739981393646580874,1739981393647153356
18947,1739981393647030545,1739981393647901728
18948,1739981393647331814,1739981393648762205
18949,1739981393648193074,1739981393649216424
18950,1739981393648964275,1739981393649563148
18951,1739981393649409590,1739981393649893040
18952,1739981393649741498,1739981393651024525
18953,1739981393650069670,1739981393651482137
18954,1739981393651249702,1739981393651876987
18955,1739981393651671351,1739981393652301636
18956,1739981393652106414,1739981393653109456
18957,1739981393652527380,1739981393653575296
18958,1739981393653424427,1739981393654063145
18959,1739981393653812237,1739981393654472149
18960,1739981393654302542,1739981393654841800
18961,1739981393654716727,1739981393655624295
18962,1739981393655035643,1739981393656307000
18963,1739981393655921126,1739981393656783925
18964,1739981393656568876,1739981393657185611
18965,1739981393656985338,1739981393657565538
18966,1739981393657424966,1739981393658326371
18967,1739981393657788234,1739981393659003057
18968,1739981393658601550,1739981393659480466
18969,1739981393659226332,1739981393659827791
18970,1739981393659709098,1739981393660205347
18971,1739981393660024320,1739981393660638825
18972,1739981393660402915,1739981393661782222
18973,1739981393660995207,1739981393662172993
18974,1739981393661999690,1739981393662573193
18975,1739981393662404656,1739981393662926139
18976,1739981393662775096,1739981393663682204
18977,1739981393663095618,1739981393664486093
18978,1739981393663987226,1739981393664839985
18979,1739981393664736147,1739981393665178459
18980,1739981393665040649,1739981393665650534
18981,1739981393665363345,1739981393666418781
18982,1739981393665879371,1739981393667161455
18983,1739981393666605444,1739981393667547646
18984,1739981393667418494,1739981393667921973
18985,1739981393667771497,1739981393668290923
18986,1739981393668147133,1739981393668975663
18987,1739981393668472676,1739981393669890317
18988,1739981393669158043,1739981393670401435
18989,1739981393670127029,1739981393670830500
18990,1739981393670614891,1739981393671246816
18991,1739981393671021663,1739981393672041649
18992,1739981393671425350,1739981393672867440
18993,1739981393672236472,1739981393673278924
18994,1739981393673130856,1739981393673687367
18995,1739981393673480699,1739981393674102715
18996,1739981393673861693,1739981393674582792
18997,1739981393674289445,1739981393674870214
18998,1739981393674778046,1739981393675843553
18999,1739981393675213237,1739981393676208489
19000,1739981393676091088,1739981393676551721
19001,1739981393676399628,1739981393676881516
19002,1739981393676748382,1739981393677992439
19003,1739981393677084342,1739981393678431209
19004,1739981393678224303,1739981393678827619
19005,1739981393678662541,1739981393679215635
19006,1739981393679018931,1739981393680157934
19007,1739981393679413471,1739981393680636305
19008,1739981393680330803,1739981393680983878
19009,1739981393680830871,1739981393681352762
19010,1739981393681184931,1739981393682239258
19011,1739981393681529430,1739981393682911212
19012,1739981393682551411,1739981393683323360
19013,1739981393683130135,1739981393684167511
19014,1739981393683533519,1739981393684886151
19015,1739981393684416620,1739981393685360337
19016,1739981393685168457,1739981393685755791
19017,1739981393685538401,1739981393686159781
19018,1739981393685944703,1739981393686489702
19019,1739981393686348788,1739981393687288487
19020,1739981393686659259,1739981393687854262
19021,1739981393687615726,1739981393688212186
19022,1739981393688061907,1739981393688587277
19023,1739981393688424919,1739981393689855739
19024,1739981393688764432,1739981393690224149
19025,1739981393690129694,1739981393690647620
19026,1739981393690458294,1739981393691081709
19027,1739981393690857908,1739981393692186031
19028,1739981393691276201,1739981393692627751
19029,1739981393692398524,1739981393693015503
19030,1739981393692851347,1739981393693389652
19031,1739981393693235180,1739981393694263100
19032,1739981393693600634,1739981393695031959
19033,1739981393694562273,1739981393695490200
19034,1739981393695252977,1739981393695915701
19035,1739981393695678206,1739981393696725748
19036,1739981393696146813,1739981393697620259
19037,1739981393696953867,1739981393698060573
19038,1739981393697830148,1739981393698413718
19039,1739981393698215898,1739981393698806697
19040,1739981393698653471,1739981393699540177
19041,1739981393699026304,1739981393700106333
19042,1739981393699830676,1739981393700641345
19043,1739981393700432041,1739981393700968090
19044,1739981393700860308,1739981393701291735
19045,1739981393701140509,1739981393702265640
19046,1739981393701494079,1739981393702726068
19047,1739981393702569082,1739981393703193666
19048,1739981393702919548,1739981393703531157
19049,1739981393703371894,1739981393704399809
19050,1739981393703716874,1739981393705048953
19051,1739981393704648601,1739981393705504308
19052,1739981393705266914,1739981393705979936
19053,1739981393705752510,1739981393706462561
19054,1739981393706202384,1739981393707600525
19055,1739981393706657608,1739981393707988432
19056,1739981393707752703,1739981393708401195
19057,1739981393708235243,1739981393709510951
19058,1739981393708599349,1739981393709922913
19059,1739981393709742877,1739981393710319772
19060,1739981393710124165,1739981393711572793
19061,1739981393710535628,1739981393712068393
19062,1739981393711822759,1739981393712474359
19063,1739981393712328450,1739981393713437107
19064,1739981393712674582,1739981393713903184
19065,1739981393713752628,1739981393714379030
19066,1739981393714141171,1739981393714813215
19067,1739981393714591681,1739981393715109240
19068,1739981393714981978,1739981393715765110
19069,1739981393715301162,1739981393716674916
19070,1739981393716015080,1739981393717082905
19071,1739981393716946575,1739981393717518050
19072,1739981393717341846,1739981393717926032
19073,1739981393717714493,1739981393718827572
19074,1739981393718121055,1739981393719326949
19075,1739981393719187388,1739981393719693139
19076,1739981393719547272,1739981393720095901
19077,1739981393719895714,1739981393721288515
19078,1739981393720284334,1739981393721688333
19079,1739981393721567648,1739981393722030356
19080,1739981393721872029,1739981393723031242
19081,1739981393722233735,1739981393723544355
19082,1739981393723406846,1739981393723977420
19083,1739981393723745034,1739981393724462312
19084,1739981393724204224,1739981393725314444
19085,1739981393724660445,1739981393725896468
19086,1739981393725461714,1739981393726361234
19087,1739981393726095702,1739981393726767854
19088,1739981393726620331,1739981393727130659
19089,1739981393726976100,1739981393727499031
19090,1739981393727326981,1739981393728661934
19091,1739981393727679982,1739981393729051376
19092,1739981393728893068,1739981393729567816
19093,1739981393729271140,1739981393730055273
19094,1739981393729759178,1739981393730891017
19095,1739981393730208580,1739981393731608993
19096,1739981393731090922,1739981393732143315
19097,1739981393731809089,1739981393732979918
19098,1739981393732333297,1739981393733519825
19099,1739981393733288574,1739981393733885009
19100,1739981393733753580,1739981393734487305
19101,1739981393734104324,1739981393734846546
19102,1739981393734711104,1739981393735949558
19103,1739981393735130961,1739981393736450452
19104,1739981393736221184,1739981393736866414
19105,1739981393736666824,1739981393737762389
19106,1739981393737099685,1739981393738346475
19107,1739981393738128348,1739981393738717286
19108,1739981393738606593,1739981393739080769
19109,1739981393738934814,1739981393739931284
19110,1739981393739273282,1739981393740446076
19111,1739981393740239623,1739981393740833887
19112,1739981393740723236,1739981393741220165
19113,1739981393741048185,1739981393742166574
19114,1739981393741416072,1739981393742662164
19115,1739981393742499578,1739981393743091073
19116,1739981393742872314,1739981393743724464
19117,1739981393743287545,1739981393744624179
19118,1739981393744009972,1739981393744995997
19119,1739981393744849186,1739981393745353439
19120,1739981393745173108,1739981393745810747
19121,1739981393745569138,1739981393746924444
19122,1739981393746196839,1739981393747363084
19123,1739981393747166361,1739981393747811808
19124,1739981393747580899,1739981393748295240
19125,1739981393748014456,1739981393749429036
19126,1739981393748479474,1739981393749870452
19127,1739981393749644256,1739981393750274050
19128,1739981393750083977,1739981393750619080
19129,1739981393750474924,1739981393750915865
19130,1739981393750816503,1739981393752094624
19131,1739981393751048216,1739981393752502135
19132,1739981393752367526,1739981393752940204
19133,1739981393752798741,1739981393753394024
19134,1739981393753175533,1739981393753786458
19135,1739981393753595531,1739981393754727579
19136,1739981393753984452,1739981393755474261
19137,1739981393754913144,1739981393755978706
19138,1739981393755703309,1739981393756398302
19139,1739981393756182293,1739981393756785149
19140,1739981393756584323,1739981393757107951
19141,1739981393756964292,1739981393757838465
19142,1739981393757280698,1739981393758503444
19143,1739981393758061453,1739981393758920804
19144,1739981393758761508,1739981393759534081
19145,1739981393759089061,1739981393760508182
19146,1739981393759721069,1739981393760900767
19147,1739981393760756197,1739981393761302751
19148,1739981393761083647,1739981393761623632
19149,1739981393761496582,1739981393762377253
19150,1739981393761830602,1739981393762869851
19151,1739981393762763430,1739981393763278887
19152,1739981393763012592,1739981393763633928
19153,1739981393763490221,1739981393763961058
19154,1739981393763812327,1739981393765250030
19155,1739981393764164875,1739981393765613948
19156,1739981393765503110,1739981393766065992
19157,1739981393765863802,1739981393766441710
19158,1739981393766248827,1739981393767222599
19159,1739981393766647336,1739981393767835103
19160,1739981393767565955,1739981393768202352
19161,1739981393768035592,1739981393768600195
19162,1739981393768389422,1739981393769776874
19163,1739981393768798204,1739981393770192391
19164,1739981393770057003,1739981393770632477
19165,1739981393770426256,1739981393771617485
19166,1739981393770816535,1739981393772101956
19167,1739981393771972400,1739981393772522068
19168,1739981393772306203,1739981393773399178
19169,1739981393772703114,1739981393773861191
19170,1739981393773640955,1739981393774557638
19171,1739981393774194911,1739981393775034385
19172,1739981393774772760,1739981393775381500
19173,1739981393775213319,1739981393775709964
19174,1739981393775569244,1739981393776456352
19175,1739981393775960631,1739981393777258404
19176,1739981393776671509,1739981393777640247
19177,1739981393777492625,1739981393778091776
19178,1739981393777834314,1739981393778433528
19179,1739981393778298251,1739981393779346942
19180,1739981393778617311,1739981393779799663
19181,1739981393779663844,1739981393780256103
19182,1739981393779996862,1739981393780734480
19183,1739981393780465585,1739981393781882069
19184,1739981393780941535,1739981393782426601
19185,1739981393782159141,1739981393782864796
19186,1739981393782668170,1739981393783767355
19187,1739981393783055455,1739981393784598721
19188,1739981393783931133,1739981393785017761
19189,1739981393784830388,1739981393785430307
19190,1739981393785225668,1739981393785734012
19191,1739981393785649209,1739981393786039690
19192,1739981393785913551,1739981393786879724
19193,1739981393786342850,1739981393787410703
19194,1739981393787246834,1739981393787777913
19195,1739981393787667806,1739981393788086202
19196,1739981393787951094,1739981393789079472
19197,1739981393788282179,1739981393789593770
19198,1739981393789430876,1739981393790079034
19199,1739981393789813170,1739981393790501167
19200,1739981393790302683,1739981393791357888
19201,1739981393790690766,1739981393791805519
19202,1739981393791719788,1739981393792213486
19203,1739981393792028045,1739981393793041004
19204,1739981393792340629,1739981393793787435
19205,1739981393793342154,1739981393794295235
19206,1739981393794055725,1739981393794754902
19207,1739981393794498294,1739981393795086682
19208,1739981393794948571,1739981393795933515
19209,1739981393795252411,1739981393796654343
19210,1739981393796142409,1739981393797019788
19211,1739981393796890767,1739981393797375604
19212,1739981393797202618,1739981393797807278
19213,1739981393797550748,1739981393798168971
19214,1739981393798055747,1739981393798957605
19215,1739981393798300176,1739981393799494670
19216,1739981393799324371,1739981393799940567
19217,1739981393799699167,1739981393800323216
19218,1739981393800134284,1739981393801325721
19219,1739981393800608632,1739981393801736310
19220,1739981393801571447,1739981393802107529
19221,1739981393801959129,1739981393802460814
19222,1739981393802302307,1739981393802880765
19223,1739981393802644770,1739981393803737360
19224,1739981393803096947,1739981393804369258
19225,1739981393804097606,1739981393804825438
19226,1739981393804580150,1739981393805238682
19227,1739981393805034995,1739981393806050137
19228,1739981393805410944,1739981393806762545
19229,1739981393806286239,1739981393807149482
19230,1739981393806963738,1739981393807449548
19231,1739981393807410106,1739981393807870372
19232,1739981393807621580,1739981393808617130
19233,1739981393808088849,1739981393809286753
19234,1739981393808830056,1739981393809674322
19235,1739981393809526560,1739981393810104704
19236,1739981393809886119,1739981393810494275
19237,1739981393810314042,1739981393811601490
19238,1739981393810691991,1739981393812042245
19239,1739981393811834061,1739981393812420898
19240,1739981393812218927,1739981393812798387
19241,1739981393812596676,1739981393813768700
19242,1739981393812997188,1739981393814366553
19243,1739981393814079978,1739981393814825728
19244,1739981393814618603,1739981393815215306
19245,1739981393815052967,1739981393816136432
19246,1739981393815434306,1739981393816810801
19247,1739981393816513654,1739981393817213890
19248,1739981393817012863,1739981393818161233
19249,1739981393817405918,1739981393818673023
19250,1739981393818497058,1739981393819010765
19251,1739981393818886013,1739981393819366673
19252,1739981393819253247,1739981393820173310
19253,1739981393819600340,1739981393820709772
19254,1739981393820491561,1739981393821102692
19255,1739981393820923269,1739981393821413089
19256,1739981393821319318,1739981393822258451
19257,1739981393821540454,1739981393822732442
19258,1739981393822454329,1739981393823364286
19259,1739981393823071916,1739981393823873796
19260,1739981393823607814,1739981393824402081
19261,1739981393824106564,1739981393824862684
19262,1739981393824608932,1739981393826013235
19263,1739981393825076741,1739981393826393245
19264,1739981393826251132,1739981393826778321
19265,1739981393826629498,1739981393827221046
19266,1739981393827012996,1739981393828132729
19267,1739981393827463597,1739981393828768580
19268,1739981393828444197,1739981393829201801
19269,1739981393828973739,1739981393830405397
19270,1739981393829403419,1739981393830912884
19271,1739981393830635877,1739981393831301507
19272,1739981393831173723,1739981393832167253
19273,1739981393831494140,1739981393832732148
19274,1739981393832536530,1739981393833110350
19275,1739981393832968168,1739981393833436936
19276,1739981393833341524,1739981393834544540
19277,1739981393833678187,1739981393834929811
19278,1739981393834825228,1739981393835315549
19279,1739981393835161916,1739981393835772910
19280,1739981393835540691,1739981393836593263
19281,1739981393835982588,1739981393837284983
19282,1739981393836789736,1739981393837641097
19283,1739981393837526083,1739981393838022419
19284,1739981393837882675,1739981393838332051
19285,1739981393838223685,1739981393838908628
19286,1739981393838569377,1739981393839904928
19287,1739981393839298369,1739981393840352795
19288,1739981393840124667,1739981393840758317
19289,1739981393840552866,1739981393841517184
19290,1739981393840952969,1739981393842353379
19291,1739981393841807364,1739981393842729052
19292,1739981393842564439,1739981393843107062
19293,1739981393842944603,1739981393843908145
19294,1739981393843308918,1739981393844650518
19295,1739981393844214811,1739981393845007754
19296,1739981393844890501,1739981393845444354
19297,1739981393845226269,1739981393845819724
19298,1739981393845704857,1739981393846177699
19299,1739981393846017840,1739981393847238775
19300,1739981393846357945,1739981393847652941
19301,1739981393847468995,1739981393848094292
19302,1739981393847838227,1739981393848453089
19303,1739981393848296737,1739981393849343506
19304,1739981393848632858,1739981393849833039
19305,1739981393849690255,1739981393850207412
19306,1739981393849967654,1739981393850679805
19307,1739981393850393828,1739981393851517795
19308,1739981393850862997,1739981393852236745
19309,1739981393851738333,1739981393852697427
19310,1739981393852493640,1739981393853085815
19311,1739981393852960378,1739981393853475738
19312,1739981393853328629,1739981393854185005
19313,1739981393853669138,1739981393854858567
19314,1739981393854555728,1739981393855177406
19315,1739981393855094662,1739981393855639130
19316,1739981393855348689,1739981393855930098
19317,1739981393855848298,1739981393856790268
19318,1739981393856124969,1739981393857580222
19319,1739981393857085049,1739981393858157219
19320,1739981393857812887,1739981393858575899
19321,1739981393858372955,1739981393859463399
19322,1739981393858762004,1739981393860049647
19323,1739981393859800150,1739981393860410200
19324,1739981393860227173,1739981393860765821
19325,1739981393860619008,1739981393861559462
19326,1739981393860982666,1739981393862233039
19327,1739981393861779427,1739981393862634747
19328,1739981393862474871,1739981393863476330
19329,1739981393862845719,1739981393864392922
19330,1739981393863709439,1739981393864794034
19331,1739981393864616141,1739981393865191011
19332,1739981393865009418,1739981393865561439
19333,1739981393865382036,1739981393865855505
19334,1739981393865791724,1739981393866530196
19335,1739981393866143283,1739981393867217133
19336,1739981393866729564,1739981393867607729
19337,1739981393867441963,1739981393867964607
19338,1739981393867824781,1739981393868334152
19339,1739981393868180133,1739981393868760637
19340,1739981393868540695,1739981393869651361
19341,1739981393868976920,1739981393870223946
19342,1739981393869996199,1739981393870638800
19343,1739981393870424468,1739981393871205982
19344,1739981393870847821,1739981393872043590
19345,1739981393871483679,1739981393872430024
19346,1739981393872221466,1739981393872925485
19347,1739981393872634681,1739981393873340753
19348,1739981393873106574,1739981393874418277
19349,1739981393873532728,1739981393874808518
19350,1739981393874580724,1739981393875285088
19351,1739981393875057133,1739981393876239962
19352,1739981393875523918,1739981393876818360
19353,1739981393876619859,1739981393877242376
19354,1739981393877020046,1739981393877886478
19355,1739981393877464910,1739981393878605124
19356,1739981393878110481,1739981393879107067
19357,1739981393878819852,1739981393879456027
19358,1739981393879313896,1739981393879793360
19359,1739981393879688345,1739981393880654199
19360,1739981393880004910,1739981393881354433
19361,1739981393880910326,1739981393881765141
19362,1739981393881605368,1739981393882187070
19363,1739981393881959141,1739981393882547468
19364,1739981393882377812,1739981393883148242
19365,1739981393882716049,1739981393883797278
19366,1739981393883367759,1739981393884431837
19367,1739981393884104986,1739981393884804750
19368,1739981393884605985,1739981393885201194
19369,1739981393884974097,1739981393885624695
19370,1739981393885390210,1739981393886606211
19371,1739981393885993983,1739981393887036849
19372,1739981393886835163,1739981393887397371
19373,1739981393887260231,1739981393887718146
19374,1739981393887590121,1739981393888465812
19375,1739981393887886747,1739981393889040866
19376,1739981393888826543,1739981393889366764
19377,1739981393889240642,1739981393889672139
19378,1739981393889570216,1739981393890288499
19379,1739981393889873705,1739981393891235091
19380,1739981393890570196,1739981393891617808
19381,1739981393891484660,1739981393892106200
19382,1739981393891830969,1739981393892526789
19383,1739981393892292385,1739981393893382531
19384,1739981393892761405,1739981393893969120
19385,1739981393893608263,1739981393894476482
19386,1739981393894237471,1739981393894900334
19387,1739981393894710566,1739981393895418826
19388,1739981393895145333,1739981393896334995
19389,1739981393895653582,1739981393896891710
19390,1739981393896630690,1739981393897301557
19391,1739981393897084071,1739981393897704505
19392,1739981393897491238,1739981393898682932
19393,1739981393897891444,1739981393899132701
19394,1739981393899008512,1739981393899411402
19395,1739981393899249535,1739981393899839935
19396,1739981393899620695,1739981393900227575
19397,1739981393900046918,1739981393901034493
19398,1739981393900433115,1739981393901615727
19399,1739981393901421697,1739981393901984477
19400,1739981393901853976,1739981393902412527
19401,1739981393902165925,1739981393903215210
19402,1739981393902612514,1739981393903719501
19403,1739981393903404916,1739981393904289643
19404,1739981393904013643,1739981393904628501
19405,1739981393904470893,1739981393904951611
19406,1739981393904830601,1739981393905623562
19407,1739981393905120182,1739981393906481599
19408,1739981393905898324,1739981393906922785
19409,1739981393906727984,1739981393907295848
19410,1739981393907107814,1739981393908204438
19411,1739981393907513222,1739981393908795240
19412,1739981393908564978,1739981393909206654
19413,1739981393909143661,1739981393909770176
19414,1739981393909522239,1739981393910617784
19415,1739981393909983972,1739981393911087466
19416,1739981393910913235,1739981393911420276
19417,1739981393911286966,1739981393911877611
19418,1739981393911623224,1739981393912233593
19419,1739981393912091448,1739981393912895963
19420,1739981393912444585,1739981393913731186
19421,1739981393913091655,1739981393914099949
19422,1739981393913955586,1739981393914539715
19423,1739981393914345952,1739981393914867457
19424,1739981393914745918,1739981393915142180
19425,1739981393915045216,1739981393916099831
19426,1739981393915380741,1739981393916518393
19427,1739981393916315260,1739981393916925520
19428,1739981393916767376,1739981393917352059
19429,1739981393917144239,1739981393918096540
19430,1739981393917553219,1739981393918830857
19431,1739981393918340810,1739981393919213491
19432,1739981393919082842,1739981393919704323
19433,1739981393919435249,1739981393920715244
19434,1739981393919976181,1739981393921144118
19435,1739981393920964162,1739981393921516740
19436,1739981393921353992,1739981393921878704
19437,1739981393921735368,1739981393922664717
19438,1739981393922089645,1739981393923170846
19439,1739981393923042558,1739981393923571828
19440,1739981393923374963,1739981393923924517
19441,1739981393923762428,1739981393924408842
19442,1739981393924096216,1739981393924805762
19443,1739981393924653024,1739981393925636597
19444,1739981393925031598,1739981393926139004
19445,1739981393926016126,1739981393926507203
19446,1739981393926348973,1739981393926847185
19447,1739981393926697677,1739981393927717867
19448,1739981393927019167,1739981393928253337
19449,1739981393928087139,1739981393928602951
19450,1739981393928434386,1739981393929011912
19451,1739981393928780633,1739981393929937171
19452,1739981393929196775,1739981393930632809
19453,1739981393930151322,1739981393931003890
19454,1739981393930853420,1739981393931380335
19455,1739981393931200548,1739981393932555894
19456,1739981393931588155,1739981393932992554
19457,1739981393932784984,1739981393933448490
19458,1739981393933214338,1739981393933842038
19459,1739981393933633021,1739981393934805130
19460,1739981393934014441,1739981393935272825
19461,1739981393935020681,1739981393935667223
19462,1739981393935443263,1739981393936011229
19463,1739981393935873145,1739981393936812328
19464,1739981393936195479,1739981393937491767
19465,1739981393936999079,1739981393937990828
19466,1739981393937697731,1739981393938333481
19467,1739981393938175597,1739981393938709822
19468,1739981393938540550,1739981393939427087
19469,1739981393938873579,1739981393940184483
19470,1739981393939632906,1739981393940530448
19471,1739981393940420750,1739981393940859703
19472,1739981393940675701,1739981393941295090
19473,1739981393941042761,1739981393942177032
19474,1739981393941480352,1739981393942608711
19475,1739981393942465428,1739981393943059196
19476,1739981393942837179,1739981393943963057
19477,1739981393943217450,1739981393944735374
19478,1739981393944293065,1739981393945108934
19479,1739981393944936170,1739981393945435562
19480,1739981393945322304,1739981393945717910
19481,1739981393945640949,1739981393946747309
19482,1739981393945903081,1739981393947133858
19483,1739981393947002444,1739981393947465553
19484,1739981393947285108,1739981393947958144
19485,1739981393947684766,1739981393948728610
19486,1739981393948177408,1739981393949509509
19487,1739981393949043101,1739981393949967289
19488,1739981393949792451,1739981393950283341
19489,1739981393950228006,1739981393950656375
19490,1739981393950428004,1739981393951370242
19491,1739981393950852389,1739981393952195539
19492,1739981393951726659,1739981393952610768
19493,1739981393952413562,1739981393953012227
19494,1739981393952804281,1739981393954122721
19495,1739981393953212777,1739981393954513830
19496,1739981393954282571,1739981393954854495
19497,1739981393954717381,1739981393955249875
19498,1739981393955046916,1739981393955977821
19499,1739981393955470680,1739981393956688244
19500,1739981393956171803,1739981393957140867
19501,1739981393956969023,1739981393957510801
19502,1739981393957331305,1739981393957813165
19503,1739981393957700585,1739981393958153566
19504,1739981393957982126,1739981393959123814
19505,1739981393958386946,1739981393959628499
19506,1739981393959473593,1739981393960128361
19507,1739981393959829188,1739981393960554798
19508,1739981393960308427,1739981393961039113
19509,1739981393960750157,1739981393961817639
19510,1739981393961261047,1739981393962312576
19511,1739981393962158518,1739981393962767298
19512,1739981393962549192,1739981393963260681
19513,1739981393962963088,1739981393964535367
19514,1739981393963454493,1739981393964988692
19515,1739981393964810248,1739981393965435122
19516,1739981393965199391,1739981393966219057
19517,1739981393965621889,1739981393966946676
19518,1739981393966409039,1739981393967315583
19519,1739981393967168024,1739981393967662404
19520,1739981393967530456,1739981393967955020
19521,1739981393967851590,1739981393968248697
19522,1739981393968143204,1739981393969231334
19523,1739981393968462397,1739981393969741334
19524,1739981393969598940,1739981393970101805
19525,1739981393969953752,1739981393970598181
19526,1739981393970286005,1739981393971212350
19527,1739981393970828176,1739981393972076057
19528,1739981393971403024,1739981393972527449
19529,1739981393972298231,1739981393972978799
19530,1739981393972736679,1739981393973445469
19531,1739981393973189462,1739981393974627828
19532,1739981393973645009,1739981393975190594
19533,1739981393974875103,1739981393975504224
19534,1739981393975351411,1739981393976658627
19535,1739981393975713129,1739981393977086663
19536,1739981393976922212,1739981393977597621
19537,1739981393977364851,1739981393978402749
19538,1739981393977843329,1739981393979192039
19539,1739981393978661522,1739981393979633087
19540,1739981393979407905,1739981393980433506
19541,1739981393979860462,1739981393981205032
19542,1739981393980692439,1739981393981633915
19543,1739981393981484696,1739981393982559088
19544,1739981393981870522,1739981393983139532
19545,1739981393982921980,1739981393983492478
19546,1739981393983412270,1739981393983825792
19547,1739981393983657666,1739981393984745694
19548,1739981393984045198,1739981393985275894
19549,1739981393984966571,1739981393985698863
19550,1739981393985525562,1739981393986409570
19551,1739981393985933825,1739981393987362809
19552,1739981393986580319,1739981393987765236
19553,1739981393987636454,1739981393988239176
19554,1739981393987947465,1739981393988631173
19555,1739981393988422585,1739981393989479176
19556,1739981393988793699,1739981393989916915
19557,1739981393989762864,1739981393990431682
19558,1739981393990145053,1739981393991354320
19559,1739981393990650395,1739981393991892013
19560,1739981393991712852,1739981393992378665
19561,1739981393992126241,1739981393993068727
19562,1739981393992557329,1739981393994030718
19563,1739981393993340696,1739981393994513874
19564,1739981393994250774,1739981393994876229
19565,1739981393994749687,1739981393995346175
19566,1739981393995108678,1739981393996226523
19567,1739981393995543702,1739981393996602910
19568,1739981393996482062,1739981393996956225
19569,1739981393996797375,1739981393997375048
19570,1739981393997242451,1739981393998114302
19571,1739981393997598222,1739981393998814045
19572,1739981393998320580,1739981393999234826
19573,1739981393999064584,1739981393999726297
19574,1739981393999469797,1739981394000048644
19575,1739981393999938368,1739981394000365762
19576,1739981394000224290,1739981394001439195
19577,1739981394000553389,1739981394001939054
19578,1739981394001644751,1739981394002404953
19579,1739981394002176131,1739981394002858758
19580,1739981394002659922,1739981394003962223
19581,1739981394003055266,1739981394004499185
19582,1739981394004201103,1739981394004874845
19583,1739981394004679166,1739981394005978695
19584,1739981394005083300,1739981394006477205
19585,1739981394006208710,1739981394006945422
19586,1739981394006706589,1739981394007815023
19587,1739981394007131013,1739981394008324574
19588,1739981394008111761,1739981394008666799
19589,1739981394008523325,1739981394009125167
19590,1739981394008887834,1739981394009479081
19591,1739981394009328421,1739981394010181870
19592,1739981394009693445,1739981394010619997
19593,1739981394010439387,1739981394011284361
19594,1739981394010892459,1739981394011639307
19595,1739981394011502380,1739981394012093386
19596,1739981394011844282,1739981394012729560
19597,1739981394012279243,1739981394013538654
19598,1739981394012947264,1739981394014054324
19599,1739981394013809863,1739981394014445988
19600,1739981394014276107,1739981394014796600
19601,1739981394014645006,1739981394015785138
19602,1739981394014972327,1739981394016397219
19603,1739981394016128039,1739981394016881959
19604,1739981394016672649,1739981394017767026
19605,1739981394017074417,1739981394018347929
19606,1739981394018141236,1739981394018735856
19607,1739981394018608400,1739981394019919827
19608,1739981394018946493,1739981394020344088
19609,1739981394020202752,1739981394020756787
19610,1739981394020520943,1739981394021681445
19611,1739981394020977498,1739981394022114124
19612,1739981394021996656,1739981394022461220
19613,1739981394022334779,1739981394022899228
19614,1739981394022710987,1739981394023205167
19615,1739981394023150067,1739981394024016333
19616,1739981394023357730,1739981394024861314
19617,1739981394024278050,1739981394025258246
19618,1739981394025130196,1739981394025710297
19619,1739981394025474060,1739981394026349630
19620,1739981394025893643,1739981394027216797
19621,1739981394026597367,1739981394027635618
19622,1739981394027461407,1739981394028020247
19623,1739981394027850807,1739981394028376237
19624,1739981394028252249,1739981394028845786
19625,1739981394028580937,1739981394029945619
19626,1739981394029183754,1739981394030348675
19627,1739981394030215168,1739981394030701998
19628,1739981394030550997,1739981394031534222
19629,1739981394030904152,1739981394032377129
19630,1739981394031879360,1739981394032793166
19631,1739981394032636814,1739981394033226615
19632,1739981394033011875,1739981394033533449
19633,1739981394033414958,1739981394034285873
19634,1739981394033794277,1739981394035055392
19635,1739981394034486711,1739981394035437625
19636,1739981394035245097,1739981394035796885
19637,1739981394035668826,1739981394036166666
19638,1739981394036005193,1739981394036673684
19639,1739981394036368429,1739981394037534160
19640,1739981394037124941,1739981394038140179
19641,1739981394037860915,1739981394038492708
19642,1739981394038375403,1739981394038819887
19643,1739981394038697854,1739981394039684909
19644,1739981394039241252,1739981394040290734
19645,1739981394040048210,1739981394040774613
19646,1739981394040490683,1739981394041192345
19647,1739981394040989027,1739981394042079542
19648,1739981394041399728,1739981394042914963
19649,1739981394042237000,1739981394043333939
19650,1739981394043093944,1739981394043665346
19651,1739981394043525908,1739981394044044334
19652,1739981394043858142,1739981394044423948
19653,1739981394044211400,1739981394044751721
19654,1739981394044633930,1739981394045510421
19655,1739981394044926154,1739981394045993056
19656,1739981394045832124,1739981394046353273
19657,1739981394046214561,1739981394046862078
19658,1739981394046551892,1739981394047675539
19659,1739981394047098670,1739981394048271079
19660,1739981394048031175,1739981394048744308
19661,1739981394048526224,1739981394049761560
19662,1739981394048977500,1739981394050271981
19663,1739981394050067382,1739981394050648853
19664,1739981394050515742,1739981394051449999
19665,1739981394050845216,1739981394052226522
19666,1739981394051727228,1739981394052680646
19667,1739981394052431901,1739981394053148186
19668,1739981394052912581,1739981394053623587
19669,1739981394053353705,1739981394054653197
19670,1739981394053809306,1739981394055213361
19671,1739981394054898469,1739981394055654046
19672,1739981394055446748,1739981394056906271
19673,1739981394055862721,1739981394057332644
19674,1739981394057196121,1739981394057737770
19675,1739981394057585912,1739981394058488499
19676,1739981394057940958,1739981394059205952
19677,1739981394058838713,1739981394059527418
19678,1739981394059424398,1739981394059951009
19679,1739981394059740312,1739981394060698671
19680,1739981394060144104,1739981394061446096
19681,1739981394061000094,1739981394062016612
19682,1739981394061695824,1739981394062362605
19683,1739981394062247583,1739981394062820069
19684,1739981394062579888,1739981394063610973
19685,1739981394063011194,1739981394064079734
19686,1739981394063939389,1739981394064647732
19687,1739981394064216632,1739981394065009738
19688,1739981394064857778,1739981394065506225
19689,1739981394065196149,1739981394066422557
19690,1739981394065747519,1739981394066923841
19691,1739981394066696143,1739981394067407924
19692,1739981394067133225,1739981394068436027
19693,1739981394067643166,1739981394069035736
19694,1739981394068653777,1739981394069403709
19695,1739981394069250696,1739981394070594701
19696,1739981394069646414,1739981394071031281
19697,1739981394070874198,1739981394071527641
19698,1739981394071286380,1739981394072374571
19699,1739981394071804188,1739981394073001999
19700,1739981394072565367,1739981394073338036
19701,1739981394073197922,1739981394073774161
19702,1739981394073578321,1739981394074132583
19703,1739981394073989197,1739981394074498383
19704,1739981394074367785,1739981394075018525
19705,1739981394074690183,1739981394075678286
19706,1739981394075281404,1739981394076156622
19707,1739981394075982118,1739981394076549535
19708,1739981394076388933,1739981394077458169
19709,1739981394076774982,1739981394078106459
19710,1739981394077688770,1739981394078545620
19711,1739981394078341900,1739981394079484061
19712,1739981394078760167,1739981394080017136
19713,1739981394079817043,1739981394080389340
19714,1739981394080216495,1739981394081252302
19715,1739981394080574628,1739981394081941766
19716,1739981394081624080,1739981394082315128
19717,1739981394082162597,1739981394083325099
19718,1739981394082495294,1739981394084010887
19719,1739981394083663079,1739981394084480127
19720,1739981394084235644,1739981394084899776
19721,1739981394084670943,1739981394085774396
19722,1739981394085086103,1739981394086266056
19723,1739981394086112621,1739981394086659030
19724,1739981394086535024,1739981394087064416
19725,1739981394086876968,1739981394087817124
19726,1739981394087228909,1739981394088505302
19727,1739981394088043274,1739981394088967127
19728,1739981394088747752,1739981394089330195
19729,1739981394089207480,1739981394089707867
19730,1739981394089521609,1739981394090595661
19731,1739981394089919794,1739981394091123661
19732,1739981394090774423,1739981394091529973
19733,1739981394091362912,1739981394091935953
19734,1739981394091710119,1739981394092327773
19735,1739981394092157198,1739981394093100503
19736,1739981394092543896,1739981394093907629
19737,1739981394093417198,1739981394094415129
19738,1739981394094134778,1739981394094939410
19739,1739981394094618075,1739981394095354894
19740,1739981394095134433,1739981394096331681
19741,1739981394095533876,1739981394096867748
19742,1739981394096674754,1739981394097210348
19743,1739981394097082638,1739981394097498165
19744,1739981394097418361,1739981394098307932
19745,1739981394097691420,1739981394098821793
19746,1739981394098735860,1739981394099194390
19747,1739981394099030200,1739981394099635564
19748,1739981394099419367,1739981394100437022
19749,1739981394099826457,1739981394101089469
19750,1739981394100613127,1739981394101436846
19751,1739981394101357026,1739981394101866342
19752,1739981394101659090,1739981394102796347
19753,1739981394102084501,1739981394103401316
19754,1739981394103098977,1739981394103826780
19755,1739981394103642954,1739981394104312687
19756,1739981394104042133,1739981394104812777
19757,1739981394104512043,1739981394105953621
19758,1739981394104997802,1739981394106428288
19759,1739981394106178759,1739981394106824488
19760,1739981394106646264,1739981394108051576
19761,1739981394107039461,1739981394108466196
19762,1739981394108239744,1739981394108933175
19763,1739981394108710955,1739981394109323277
19764,1739981394109143826,1739981394110142818
19765,1739981394109530365,1739981394110636697
19766,1739981394110395867,1739981394111197012
19767,1739981394110916476,1739981394111555432
19768,1739981394111389204,1739981394111869576
19769,1739981394111736251,1739981394112222518
19770,1739981394112077127,1739981394113429939
19771,1739981394112397563,1739981394113855963
19772,1739981394113739871,1739981394114438524
19773,1739981394114104078,1739981394114808215
19774,1739981394114668337,1739981394115370577
19775,1739981394115017511,1739981394116140335
19776,1739981394115659531,1739981394116652598
19777,1739981394116471464,1739981394117058406
19778,1739981394116896754,1739981394117517415
19779,1739981394117328878,1739981394118411254
19780,1739981394117734766,1739981394118970528
19781,1739981394118750338,1739981394119421040
19782,1739981394119183991,1739981394120290240
19783,1739981394119667719,1739981394120894728
19784,1739981394120672726,1739981394121348357
19785,1739981394121128566,1739981394122121580
19786,1739981394121619075,1739981394122621661
19787,1739981394122463617,1739981394123149955
19788,1739981394122845716,1739981394123516860
19789,1739981394123371939,1739981394124332695
19790,1739981394123698234,1739981394125079704
19791,1739981394124575591,1739981394125565608
19792,1739981394125289689,1739981394125934648
19793,1739981394125761390,1739981394126829769
19794,1739981394126133800,1739981394127616846
19795,1739981394126986219,1739981394128003536
19796,1739981394127873811,1739981394128391162
19797,1739981394128197008,1739981394128711945
19798,1739981394128582059,1739981394129625014
19799,1739981394128922811,1739981394130153928
19800,1739981394129844269,1739981394130639070
19801,1739981394130482554,1739981394131165902
19802,1739981394130849664,1739981394132031078
19803,1739981394131284236,1739981394132755877
19804,1739981394132218099,1739981394133219240
19805,1739981394132996097,1739981394133560307
19806,1739981394133407324,1739981394133868247
19807,1739981394133742611,1739981394134773953
19808,1739981394134180365,1739981394135238639
19809,1739981394135124416,1739981394135573072
19810,1739981394135473353,1739981394135915474
19811,1739981394135818761,1739981394136887678
19812,1739981394136141960,1739981394137401852
19813,1739981394137221904,1739981394137856691
19814,1739981394137652413,1739981394138321895
19815,1739981394138057048,1739981394139368930
19816,1739981394138520960,1739981394139874824
19817,1739981394139720370,1739981394140269254
19818,1739981394140076544,1739981394140925181
19819,1739981394140471393,1739981394141857017
19820,1739981394141137811,1739981394142346190
19821,1739981394142098238,1739981394142891752
19822,1739981394142562204,1739981394143253708
19823,1739981394143128380,1739981394144290828
19824,1739981394143445970,1739981394144848119
19825,1739981394144609635,1739981394145235797
19826,1739981394145040267,1739981394145934892
19827,1739981394145433252,1739981394146768746
19828,1739981394146177747,1739981394147148924
19829,1739981394146987402,1739981394147506690
19830,1739981394147387498,1739981394147941378
19831,1739981394147708958,1739981394148274607
19832,1739981394148137836,1739981394148809631
19833,1739981394148462671,1739981394149461060
19834,1739981394149006674,1739981394150086500
19835,1739981394149783828,1739981394150431628
19836,1739981394150306943,1739981394150844617
19837,1739981394150615529,1739981394151615132
19838,1739981394151019612,1739981394152312305
19839,1739981394151807051,1739981394152728812
19840,1739981394152536737,1739981394153152485
19841,1739981394152976705,1739981394153594735
19842,1739981394153356534,1739981394154835483
19843,1739981394153813495,1739981394155236647
19844,1739981394155093609,1739981394155615589
19845,1739981394155466742,1739981394156139177
19846,1739981394155854749,1739981394157321957
19847,1739981394156341054,1739981394157780887
19848,1739981394157603999,1739981394158212908
19849,1739981394157990061,1739981394158790675
19850,1739981394158387014,1739981394159493949
19851,1739981394159092588,1739981394159998474
19852,1739981394159779444,1739981394160333684
19853,1739981394160250461,1739981394160641076
19854,1739981394160551490,1739981394161441388
19855,1739981394160830777,1739981394162249647
19856,1739981394161697153,1739981394162692661
19857,1739981394162524217,1739981394163078641
19858,1739981394162872036,1739981394163396221
19859,1739981394163223191,1739981394164052078
19860,1739981394163585057,1739981394164804703
19861,1739981394164434067,1739981394165285015
19862,1739981394165028119,1739981394165689838
19863,1739981394165530003,1739981394166588147
19864,1739981394165908675,1739981394167240478
19865,1739981394166910112,1739981394167612729
19866,1739981394167473468,1739981394167992591
19867,1739981394167803944,1739981394168995431
19868,1739981394168183666,1739981394169431373
19869,1739981394169348589,1739981394169738163
19870,1739981394169680913,1739981394170161768
19871,1739981394169872455,1739981394170495494
19872,1739981394170337454,1739981394171342001
19873,1739981394170683591,1739981394171833963
19874,1739981394171672715,1739981394172282401
19875,1739981394172034914,1739981394172671365
19876,1739981394172507792,1739981394173561082
19877,1739981394172914392,1739981394174073509
19878,1739981394173941442,1739981394174587033
19879,1739981394174401777,1739981394174975931
19880,1739981394174831329,1739981394175782526
19881,1739981394175177177,1739981394176384548
19882,1739981394176004182,1739981394176930628
19883,1739981394176589936,1739981394177360251
19884,1739981394177186435,1739981394178312694
19885,1739981394177603543,1739981394178911457
19886,1739981394178656440,1739981394179387861
19887,1739981394179135337,1739981394180049011
19888,1739981394179575130,1739981394180691838
19889,1739981394180266291,1739981394181209197
19890,1739981394181069600,1739981394181591932
19891,1739981394181422482,1739981394182023640
19892,1739981394181814394,1739981394182350390
19893,1739981394182222468,1739981394183162603
19894,1739981394182571272,1739981394183707671
19895,1739981394183525169,1739981394184152293
19896,1739981394183949619,1739981394184575443
19897,1739981394184423992,1739981394184966754
19898,1739981394184780910,1739981394185884809
19899,1739981394185156514,1739981394186362704
19900,1739981394186238068,1739981394186783876
19901,1739981394186607021,1739981394187160892
19902,1739981394187003203,1739981394187949608
19903,1739981394187370746,1739981394188742028
19904,1739981394188222764,1739981394189166721
19905,1739981394188977453,1739981394189663695
19906,1739981394189420651,1739981394190044220
19907,1739981394189893348,1739981394190843444
19908,1739981394190222693,1739981394191547574
19909,1739981394191016031,1739981394191907020
19910,1739981394191822099,1739981394192207430
19911,1739981394192138559,1739981394192677096
19912,1739981394192336944,1739981394192997170
19913,1739981394192913095,1739981394193790729
19914,1739981394193118676,1739981394194452672
19915,1739981394194200659,1739981394194886008
19916,1739981394194712804,1739981394195251471
19917,1739981394195078237,1739981394195946381
19918,1739981394195498644,1739981394196810740
19919,1739981394196171596,1739981394197198509
19920,1739981394197066127,1739981394197531220
19921,1739981394197446050,1739981394197952081
19922,1739981394197722217,1739981394199135042
19923,1739981394198235728,1739981394199547839
19924,1739981394199424552,1739981394199974117
19925,1739981394199785589,1739981394200810417
19926,1739981394200203206,1739981394201550419
19927,1739981394201087851,1739981394201953913
19928,1739981394201812787,1739981394202366791
19929,1739981394202168691,1739981394203121447
19930,1739981394202563147,1739981394203746774
19931,1739981394203388185,1739981394204239025
19932,1739981394203976991,1739981394204601248
19933,1739981394204463082,1739981394204933869
19934,1739981394204834016,1739981394205771766
19935,1739981394205147238,1739981394206354884
19936,1739981394205962184,1739981394206807154
19937,1739981394206588778,1739981394207169569
19938,1739981394207030343,1739981394207508569
19939,1739981394207377180,1739981394208471836
19940,1739981394207686829,1739981394208958240
19941,1739981394208762516,1739981394209388795
19942,1739981394209193967,1739981394210303040
19943,1739981394209650158,1739981394211150172
19944,1739981394210530223,1739981394211607442
19945,1739981394211400792,1739981394212023020
19946,1739981394211853974,1739981394212357966
19947,1739981394212229294,1739981394213590063
19948,1739981394212559215,1739981394214033173
19949,1739981394213819627,1739981394214570039
19950,1739981394214235998,1739981394214991992
19951,1739981394214775326,1739981394215689664
19952,1739981394215200920,1739981394216408412
19953,1739981394215879111,1739981394216905189
19954,1739981394216655039,1739981394217237872
19955,1739981394217154109,1739981394217585735
19956,1739981394217474610,1739981394218312171
19957,1739981394217858082,1739981394219178163
19958,1739981394218553947,1739981394219558256
19959,1739981394219402337,1739981394219962508
19960,1739981394219758158,1739981394220342016
19961,1739981394220161859,1739981394221215601
19962,1739981394220529912,1739981394221837319
19963,1739981394221598565,1739981394222275980
19964,1739981394222079015,1739981394222662799
19965,1739981394222483531,1739981394223790156
19966,1739981394222857753,1739981394224346155
19967,1739981394224013661,1739981394224869014
19968,1739981394224539458,1739981394225222074
19969,1739981394225059623,1739981394226022774
19970,1739981394225441203,1739981394226791259
19971,1739981394226257237,1739981394227216508
19972,1739981394226992673,1739981394227637150
19973,1739981394227396109,1739981394228046758
19974,1739981394227837410,1739981394228658496
19975,1739981394228196351,1739981394229416331
19976,1739981394228899532,1739981394229883890
19977,1739981394229663680,1739981394230225572
19978,1739981394230069030,1739981394230594711
19979,1739981394230410431,1739981394231178910
19980,1739981394230798831,1739981394232097265
19981,1739981394231333777,1739981394232462049
19982,1739981394232365530,1739981394232901811
19983,1739981394232687558,1739981394233258387
19984,1739981394233162266,1739981394234079698
19985,1739981394233495305,1739981394234712817
19986,1739981394234309139,1739981394235124360
19987,1739981394234984209,1739981394235537763
19988,1739981394235360677,1739981394236309027
19989,1739981394235742281,1739981394237020440
19990,1739981394236513171,1739981394237488162
19991,1739981394237237059,1739981394237866493
19992,1739981394237705438,1739981394238259515
19993,1739981394238088993,1739981394239060327
19994,1739981394238481225,1739981394239777435
19995,1739981394239237657,1739981394240183413
19996,1739981394239986190,1739981394240762163
19997,1739981394240551553,1739981394241128865
19998,1739981394241053082,1739981394241441988
19999,1739981394241283557,1739981394242573144
20000,1739981394241634558,1739981394242985779
20001,1739981394242801723,1739981394243419761
20002,1739981394243221874,1739981394243792234
20003,1739981394243616679,1739981394245171297
20004,1739981394244017441,1739981394245651903
20005,1739981394245361683,1739981394246049927
20006,1739981394245935277,1739981394246900931
20007,1739981394246241090,1739981394247623832
20008,1739981394247205744,1739981394248149898
20009,1739981394247861633,1739981394248545480
20010,1739981394248345502,1739981394248906221
20011,1739981394248729510,1739981394250047328
20012,1739981394249095703,1739981394250393992
20013,1739981394250247138,1739981394250814965
20014,1739981394250598624,1739981394251211545
20015,1739981394251081740,1739981394251905745
20016,1739981394251462864,1739981394252586814
20017,1739981394252063948,1739981394253025390
20018,1739981394252799692,1739981394253397747
20019,1739981394253239209,1739981394253721166
20020,1739981394253610031,1739981394254809910
20021,1739981394253932296,1739981394255246650
20022,1739981394255099375,1739981394255757846
20023,1739981394255492855,1739981394256130892
20024,1739981394255944736,1739981394256988550
20025,1739981394256333971,1739981394257464402
20026,1739981394257320060,1739981394257891036
20027,1739981394257678384,1739981394258381780
20028,1739981394258138115,1739981394259214165
20029,1739981394258621718,1739981394259975358
20030,1739981394259406214,1739981394260376921
20031,1739981394260213831,1739981394260909158
20032,1739981394260589566,1739981394262021430
20033,1739981394261094981,1739981394262421427
20034,1739981394262232397,1739981394262871068
20035,1739981394262713356,1739981394263247060
20036,1739981394263101152,1739981394264043323
20037,1739981394263503512,1739981394264712566
20038,1739981394264213917,1739981394265041166
20039,1739981394264982785,1739981394265370780
20040,1739981394265175973,1739981394266188445
20041,1739981394265560573,1739981394266838734
20042,1739981394266390839,1739981394267243700
20043,1739981394267065015,1739981394267637417
20044,1739981394267469701,1739981394267966897
20045,1739981394267815756,1739981394268718823
20046,1739981394268165647,1739981394269456209
20047,1739981394268962798,1739981394269871101
20048,1739981394269702962,1739981394270292083
20049,1739981394270085790,1739981394270692382
20050,1739981394270504413,1739981394271529289
20051,1739981394270884024,1739981394272293845
20052,1739981394271782773,1739981394272687558
20053,1739981394272510989,1739981394273105908
20054,1739981394272894182,1739981394273437977
20055,1739981394273304678,1739981394273751055
20056,1739981394273612937,1739981394274737345
20057,1739981394273949086,1739981394275251678
20058,1739981394274924484,1739981394275636337
20059,1739981394275493605,1739981394275970382
20060,1739981394275830760,1739981394276612185
20061,1739981394276162619,1739981394277464600
20062,1739981394276834186,1739981394277876027
20063,1739981394277723932,1739981394278413382
20064,1739981394278153375,1739981394278797805
20065,1739981394278642228,1739981394279742821
20066,1739981394279025259,1739981394280343147
20067,1739981394280120795,1739981394280870180
20068,1739981394280610442,1739981394281574019
20069,1739981394281090290,1739981394282090199
20070,1739981394281812691,1739981394282660770
20071,1739981394282460749,1739981394283197325
20072,1739981394282881940,1739981394284087431
20073,1739981394283364594,1739981394284759958
20074,1739981394284457011,1739981394285166549
20075,1739981394284999715,1739981394285636702
20076,1739981394285333594,1739981394286498533
20077,1739981394285823424,1739981394287308549
20078,1739981394286699906,1739981394287721808
20079,1739981394287527301,1739981394288072498
20080,1739981394287945277,1739981394288399087
20081,1739981394288274181,1739981394288774411
20082,1739981394288578049,1739981394289667985
20083,1739981394288951600,1739981394290143189
20084,1739981394289989955,1739981394290569132
20085,1739981394290339371,1739981394290915415
20086,1739981394290767928,1739981394292060421
20087,1739981394291104826,1739981394292507882
20088,1739981394292275662,1739981394292870001
20089,1739981394292692698,1739981394293256935
20090,1739981394293058251,1739981394294160324
20091,1739981394293457144,1739981394294940132
20092,1739981394294413899,1739981394295356991
20093,1739981394295184125,1739981394295767499
20094,1739981394295607222,1739981394296149421
20095,1739981394295954927,1739981394296968575
20096,1739981394296382309,1739981394297840813
20097,1739981394297250118,1739981394298299108
20098,1739981394298144655,1739981394298701743
20099,1739981394298521519,1739981394299524093
20100,1739981394298901683,1739981394300021774
20101,1739981394299952287,1739981394300538782
20102,1739981394300229251,1739981394300853617
20103,1739981394300747305,1739981394301167782
20104,1739981394301090271,1739981394301961619
20105,1739981394301303723,1739981394302801812
20106,1739981394302162680,1739981394303175233
20107,1739981394303027548,1739981394303648819
20108,1739981394303391995,1739981394304017226
20109,1739981394303855495,1739981394304409938
20110,1739981394304201997,1739981394304896277
20111,1739981394304626258,1739981394305609833
20112,1739981394305163002,1739981394306086476
20113,1739981394305899324,1739981394306514040
20114,1739981394306295082,1739981394306939530
20115,1739981394306704386,1739981394307911741
20116,1739981394307130203,1739981394308400756
20117,1739981394308225055,1739981394308746598
20118,1739981394308579754,1739981394309066731
20119,1739981394308941095,1739981394309741671
20120,1739981394309206970,1739981394310451964
20121,1739981394309933061,1739981394310781754
20122,1739981394310686480,1739981394311095648
20123,1739981394310975186,1739981394311580068
20124,1739981394311317415,1739981394311900209
20125,1739981394311771596,1739981394312992162
20126,1739981394312479051,1739981394313442708
20127,1739981394313248227,1739981394313815320
20128,1739981394313666578,1739981394314340071
20129,1739981394314047612,1739981394314717987
20130,1739981394314566078,1739981394315475041
20131,1739981394314893121,1739981394316207291
20132,1739981394315677139,1739981394316677391
20133,1739981394316461412,1739981394317046157
20134,1739981394316889587,1739981394318060566
20135,1739981394317202836,1739981394318593049
20136,1739981394318322183,1739981394319045527
20137,1739981394318821739,1739981394319806094
20138,1739981394319243913,1739981394320266374
20139,1739981394320004695,1739981394320712459
20140,1739981394320618445,1739981394321203953
20141,1739981394320850523,1739981394321554809
20142,1739981394321445948,1739981394321887594
20143,1739981394321765932,1739981394322716498
20144,1739981394322089156,1739981394323356402
20145,1739981394323136916,1739981394323764670
20146,1739981394323573727,1739981394324149655
20147,1739981394323967097,1739981394324530725
20148,1739981394324392948,1739981394325341430
20149,1739981394324749708,1739981394326135868
20150,1739981394325536943,1739981394326535455
20151,1739981394326328050,1739981394326966782
20152,1739981394326741002,1739981394327318878
20153,1739981394327167400,1739981394328123638
20154,1739981394327504509,1739981394328807993
20155,1739981394328372931,1739981394329323655
20156,1739981394329020099,1739981394330276799
20157,1739981394329526566,1739981394330845227
20158,1739981394330561621,1739981394331193095
20159,1739981394331073581,1739981394332196957
20160,1739981394331317973,1739981394332627326
20161,1739981394332464810,1739981394333031846
20162,1739981394332822339,1739981394333608230
20163,1739981394333202102,1739981394334429928
20164,1739981394333822328,1739981394334797939
20165,1739981394334660957,1739981394335236388
20166,1739981394335014944,1739981394335611330
20167,1739981394335432226,1739981394335967004
20168,1739981394335806772,1739981394337151870
20169,1739981394336141673,1739981394337516886
20170,1739981394337426040,1739981394337927176
20171,1739981394337663207,1739981394338327438
20172,1739981394338146626,1739981394339521901
20173,1739981394338609045,1739981394339928639
20174,1739981394339784160,1739981394340287772
20175,1739981394340165675,1739981394340598710
20176,1739981394340495494,1739981394341416716
20177,1739981394340781671,1739981394342080058
20178,1739981394341622782,1739981394342535895
20179,1739981394342327202,1739981394343003656
20180,1739981394342712979,1739981394343400828
20181,1739981394343202358,1739981394344605159
20182,1739981394343580473,1739981394345207738
20183,1739981394344814106,1739981394345601578
20184,1739981394345416348,1739981394346409940
20185,1739981394345766174,1739981394347110391
20186,1739981394346602954,1739981394347461893
20187,1739981394347316799,1739981394347785490
20188,1739981394347681201,1739981394348193652
20189,1739981394348018788,1739981394348510341
20190,1739981394348423391,1739981394348817206
20191,1739981394348736758,1739981394349940482
20192,1739981394348986101,1739981394350343381
20193,1739981394350187243,1739981394350787282
20194,1739981394350603996,1739981394351138376
20195,1739981394351011283,1739981394352236248
20196,1739981394351358093,1739981394352722526
20197,1739981394352529996,1739981394353075182
20198,1739981394352940041,1739981394353513178
20199,1739981394353233995,1739981394354586957
20200,1739981394353733306,1739981394355168560
20201,1739981394354793709,1739981394355636106
20202,1739981394355388715,1739981394356476441
20203,1739981394355834655,1739981394357480738
20204,1739981394356722253,1739981394357899933
20205,1739981394357778308,1739981394358337638
20206,1739981394358164426,1739981394359198575
20207,1739981394358591207,1739981394359735700
20208,1739981394359609860,1739981394360071594
20209,1739981394359963169,1739981394360568798
20210,1739981394360279555,1739981394360924866
20211,1739981394360784339,1739981394361683143
20212,1739981394361115151,1739981394362395658
20213,1739981394361892975,1739981394362802756
20214,1739981394362606950,1739981394363277442
20215,1739981394363036585,1739981394364071866
20216,1739981394363557098,1739981394364628211
20217,1739981394364342965,1739981394364982628
20218,1739981394364866989,1739981394365341707
20219,1739981394365187077,1739981394366449218
20220,1739981394365551047,1739981394366915976
20221,1739981394366668874,1739981394367406740
20222,1739981394367133250,1739981394368317209
20223,1739981394367607933,1739981394368892116
20224,1739981394368731168,1739981394369344708
20225,1739981394369100914,1739981394370278908
20226,1739981394369557909,1739981394370767056
20227,1739981394370597112,1739981394371160106
20228,1739981394370995532,1739981394371492213
20229,1739981394371376812,1739981394371815113
20230,1739981394371720551,1739981394372774581
20231,1739981394372044310,1739981394373299725
20232,1739981394373098308,1739981394373653499
20233,1739981394373507609,1739981394374137035
20234,1739981394373852135,1739981394374484172
20235,1739981394374365624,1739981394374924887
20236,1739981394374671235,1739981394375612587
20237,1739981394375236576,1739981394376286902
20238,1739981394375839236,1739981394376682759
20239,1739981394376519495,1739981394377092546
20240,1739981394376886771,1739981394377437193
20241,1739981394377268888,1739981394378367591
20242,1739981394377637147,1739981394378872259
20243,1739981394378713303,1739981394379409728
20244,1739981394379067935,1739981394380248561
20245,1739981394379625254,1739981394380808449
20246,1739981394380446122,1739981394381308066
20247,1739981394381050334,1739981394382071657
20248,1739981394381539997,1739981394382684526
20249,1739981394382214108,1739981394383151030
20250,1739981394382937052,1739981394383551634
20251,1739981394383373515,1739981394384456717
20252,1739981394383763954,1739981394385146486
20253,1739981394384669527,1739981394385534934
20254,1739981394385431180,1739981394385853580
20255,1739981394385754731,1739981394386204601
20256,1739981394386045702,1739981394387399478
20257,1739981394386436853,1739981394387814465
20258,1739981394387637280,1739981394388206580
20259,1739981394388002834,1739981394388605109
20260,1739981394388441578,1739981394389502938
20261,1739981394389071774,1739981394389914414
20262,1739981394389757601,1739981394390367415
20263,1739981394390112507,1739981394390787197
20264,1739981394390548594,1739981394391922771
20265,1739981394390966554,1739981394392293618
20266,1739981394392195309,1739981394392734872
20267,1739981394392437630,1739981394393698336
20268,1739981394392953576,1739981394394363044
20269,1739981394394063651,1739981394394750155
20270,1739981394394610671,1739981394395081553
20271,1739981394394930095,1739981394395868567
20272,1739981394395299606,1739981394396367950
20273,1739981394396219271,1739981394396883119
20274,1739981394396592953,1739981394397206784
20275,1739981394397103744,1739981394397525239
20276,1739981394397447081,1739981394398574866
20277,1739981394397638936,1739981394399063302
20278,1739981394398839069,1739981394399494103
20279,1739981394399323520,1739981394399975215
20280,1739981394399703645,1739981394400783319
20281,1739981394400392005,1739981394401420170
20282,1739981394401010324,1739981394401802690
20283,1739981394401646988,1739981394402183981
20284,1739981394402031609,1739981394403000560
20285,1739981394402376920,1739981394404030730
20286,1739981394403244390,1739981394404530629
20287,1739981394404234251,1739981394404901739
20288,1739981394404743417,1739981394405335070
20289,1739981394405133304,1739981394406439289
20290,1739981394405519725,1739981394406976508
20291,1739981394406718976,1739981394407431251
20292,1739981394407240074,1739981394407842756
20293,1739981394407672676,1739981394408524622
20294,1739981394408036867,1739981394409225043
20295,1739981394408815090,1739981394409595411
20296,1739981394409481702,1739981394409918900
20297,1739981394409812785,1739981394410424488
20298,1739981394410062835,1739981394411132051
20299,1739981394410664158,1739981394411974741
20300,1739981394411409504,1739981394412374276
20301,1739981394412245665,1739981394412742848
20302,1739981394412619710,1739981394413119121
20303,1739981394412971777,1739981394413951892
20304,1739981394413353849,1739981394414593023
20305,1739981394414302008,1739981394415040095
20306,1739981394414852990,1739981394415521150
20307,1739981394415249140,1739981394416335046
20308,1739981394415750780,1739981394416906951
20309,1739981394416559818,1739981394417413113
20310,1739981394417165700,1739981394418368518
20311,1739981394417631787,1739981394418924616
20312,1739981394418764273,1739981394419407078
20313,1739981394419148444,1739981394419784524
20314,1739981394419633060,1739981394420649028
20315,1739981394420010173,1739981394421224802
20316,1739981394420952930,1739981394421566909
20317,1739981394421444657,1739981394421907077
20318,1739981394421774348,1739981394422238749
20319,1739981394422135280,1739981394423552420
20320,1739981394422446725,1739981394423962936
20321,1739981394423786654,1739981394424462680
20322,1739981394424164724,1739981394424883500
20323,1739981394424685120,1739981394425293219
20324,1739981394425091580,1739981394426097651
20325,1739981394425471638,1739981394426631208
20326,1739981394426470537,1739981394427068125
20327,1739981394426877601,1739981394427443562
20328,1739981394427225637,1739981394428245665
20329,1739981394427760447,1739981394428791880
20330,1739981394428643270,1739981394429282767
20331,1739981394428995721,1739981394429774662
20332,1739981394429481854,1739981394430479498
20333,1739981394429992032,1739981394431090790
20334,1739981394430850388,1739981394431553578
20335,1739981394431333744,1739981394431909922
20336,1739981394431770512,1739981394432943938
20337,1739981394432111595,1739981394433373192
20338,1739981394433269940,1739981394433847755
20339,1739981394433561691,1739981394434492506
20340,1739981394434090411,1739981394434806634
20341,1739981394434695581,1739981394435665828
20342,1739981394435005170,1739981394436212554
20343,1739981394435817842,1739981394436781062
20344,1739981394436541964,1739981394437183889
20345,1739981394436968961,1739981394437666114
20346,1739981394437370281,1739981394438540226
20347,1739981394437858588,1739981394439131785
20348,1739981394438926890,1739981394439502794
20349,1739981394439412314,1739981394440436177
20350,1739981394439716359,1739981394441049112
20351,1739981394440787676,1739981394441484675
20352,1739981394441275769,1739981394442618653
20353,1739981394441705633,1739981394443345185
20354,1739981394442872095,1739981394443808525
20355,1739981394443603681,1739981394444763524
20356,1739981394444006783,1739981394445445622
20357,1739981394445058605,1739981394445858674
20358,1739981394445678407,1739981394446767534
20359,1739981394446072069,1739981394447324899
20360,1739981394447124926,1739981394447813245
20361,1739981394447556052,1739981394448184666
20362,1739981394448079453,1739981394449296541
20363,1739981394448412674,1739981394449651735
20364,1739981394449550679,1739981394449966958
20365,1739981394449837799,1739981394450712796
20366,1739981394450126146,1739981394451469496
20367,1739981394450942167,1739981394452197214
20368,1739981394451686375,1739981394452581984
20369,1739981394452449937,1739981394453089419
20370,1739981394452803244,1739981394453486976
20371,1739981394453314532,1739981394453947604
20372,1739981394453686264,1739981394454970409
20373,1739981394454135663,1739981394455436845
20374,1739981394455245448,1739981394455877809
20375,1739981394455664273,1739981394456318455
20376,1739981394456050652,1739981394457178710
20377,1739981394456527826,1739981394457701945
20378,1739981394457545174,1739981394458128636
20379,1739981394457969134,1739981394458432476
20380,1739981394458361377,1739981394459319196
20381,1739981394458570231,1739981394459834792
20382,1739981394459628862,1739981394460208692
20383,1739981394460085425,1739981394460587093
20384,1739981394460416948,1739981394461508781
20385,1739981394460774207,1739981394462216439
20386,1739981394461686841,1739981394462665772
20387,1739981394462498102,1739981394463060810
20388,1739981394462868561,1739981394463371137
20389,1739981394463232394,1739981394464078068
20390,1739981394463567141,1739981394464824930
20391,1739981394464277293,1739981394465304350
20392,1739981394465172360,1739981394465804209
20393,1739981394465527003,1739981394466185765
20394,1739981394466022675,1739981394466991214
20395,1739981394466392876,1739981394467739877
20396,1739981394467205992,1739981394468123178
20397,1739981394467974353,1739981394468559643
20398,1739981394468367548,1739981394468963798
20399,1739981394468805780,1739981394469729036
20400,1739981394469185604,1739981394470246831
20401,1739981394469958053,1739981394470749038
20402,1739981394470611631,1739981394471086617
20403,1739981394470986647,1739981394471510836
20404,1739981394471225602,1739981394472751310
20405,1739981394471752994,1739981394473213491
20406,1739981394473045963,1739981394473689837
20407,1739981394473439215,1739981394474095158
20408,1739981394473928805,1739981394474532990
20409,1739981394474311145,1739981394475544048
20410,1739981394474725949,1739981394476096018
20411,1739981394475920176,1739981394476751156
20412,1739981394476341630,1739981394477223418
20413,1739981394476973622,1739981394478000065
20414,1739981394477573604,1739981394478754134
20415,1739981394478207307,1739981394479324463
20416,1739981394479028880,1739981394479747476
20417,1739981394479586435,1739981394480109263
20418,1739981394479993774,1739981394480979144
20419,1739981394480312345,1739981394481644589
20420,1739981394481215989,1739981394482000830
20421,1739981394481894061,1739981394482466925
20422,1739981394482226086,1739981394482796507
20423,1739981394482685796,1739981394483579560
20424,1739981394483007420,1739981394484300418
20425,1739981394483776298,1739981394484780237
20426,1739981394484511478,1739981394485220425
20427,1739981394485041789,1739981394485875116
20428,1739981394485508229,1739981394486695156
20429,1739981394486098889,1739981394487602595
20430,1739981394487011664,1739981394488014382
20431,1739981394487862349,1739981394488465279
20432,1739981394488262586,1739981394488889761
20433,1739981394488665763,1739981394489929243
20434,1739981394489084389,1739981394490484803
20435,1739981394490217326,1739981394490901372
20436,1739981394490762182,1739981394491684564
20437,1739981394491146833,1739981394492672552
20438,1739981394491933794,1739981394493167746
20439,1739981394492903202,1739981394493629837
20440,1739981394493373290,1739981394494065707
20441,1739981394493825008,1739981394494447139
20442,1739981394494214891,1739981394495248207
20443,1739981394494652886,1739981394495842328
20444,1739981394495552075,1739981394496210260
20445,1739981394496064331,1739981394496558665
20446,1739981394496405628,1739981394497394167
20447,1739981394496756949,1739981394498321926
20448,1739981394497571670,1739981394498768791
20449,1739981394498597997,1739981394499251173
20450,1739981394499012067,1739981394499649507
20451,1739981394499443500,1739981394500367670
20452,1739981394499837404,1739981394501106170
20453,1739981394500682239,1739981394501527975
20454,1739981394501376850,1739981394502037082
20455,1739981394501744165,1739981394502467995
20456,1739981394502216000,1739981394503705825
20457,1739981394502660283,1739981394504343997
20458,1739981394503997294,1739981394504813267
20459,1739981394504567962,1739981394505200466
20460,1739981394504973593,1739981394506135815
20461,1739981394505460307,1739981394506731689
20462,1739981394506530596,1739981394507204431
20463,1739981394506961113,1739981394508411086
20464,1739981394507421022,1739981394508884964
20465,1739981394508674779,1739981394509250488
20466,1739981394509098152,1739981394509657692
20467,1739981394509491335,1739981394510057902
20468,1739981394509899707,1739981394510792728
20469,1739981394510264002,1739981394511616860
20470,1739981394510968824,1739981394512004555
20471,1739981394511839415,1739981394512451861
20472,1739981394512214398,1739981394512865408
20473,1739981394512645856,1739981394513660226
20474,1739981394513061831,1739981394514899569
20475,1739981394514004973,1739981394515337083
20476,1739981394515118746,1739981394515727643
20477,1739981394515544661,1739981394516519206
20478,1739981394515917921,1739981394517379672
20479,1739981394516747742,1739981394517837069
20480,1739981394517609264,1739981394518256859
20481,1739981394518087119,1739981394519079995
20482,1739981394518483246,1739981394519872184
20483,1739981394519449532,1739981394520306029
20484,1739981394520122581,1739981394520677797
20485,1739981394520540591,1739981394521021995
20486,1739981394520902206,1739981394521313021
20487,1739981394521215227,1739981394522322573
20488,1739981394521521338,1739981394522721240
20489,1739981394522610755,1739981394523077183
20490,1739981394522865491,1739981394523438849
20491,1739981394523224540,1739981394524620048
20492,1739981394523641989,1739981394525102223
20493,1739981394524910272,1739981394525573760
20494,1739981394525384145,1739981394526067461
20495,1739981394525768888,1739981394527193336
20496,1739981394526207748,1739981394527722544
20497,1739981394527445382,1739981394528149736
20498,1739981394527960621,1739981394528820945
20499,1739981394528353785,1739981394529598429
20500,1739981394529067253,1739981394530096127
20501,1739981394529852275,1739981394530800961
20502,1739981394530332000,1739981394531658582
20503,1739981394531143661,1739981394532204148
20504,1739981394531961225,1739981394532644151
20505,1739981394532456645,1739981394533559536
20506,1739981394532846132,1739981394534134536
20507,1739981394533694897,1739981394534510976
20508,1739981394534420706,1739981394534856881
20509,1739981394534772878,1739981394535259606
20510,1739981394534968333,1739981394536070927
20511,1739981394535468005,1739981394536633910
20512,1739981394536313141,1739981394536995361
20513,1739981394536910003,1739981394537442871
20514,1739981394537188757,1739981394538109660
20515,1739981394537647825,1739981394538886622
20516,1739981394538399675,1739981394539332845
20517,1739981394539164310,1739981394539811427
20518,1739981394539568953,1739981394540152844
20519,1739981394540027474,1739981394541054926
20520,1739981394540339052,1739981394541536806
20521,1739981394541439827,1739981394541952187
20522,1739981394541692883,1739981394542847650
20523,1739981394542173801,1739981394543501934
20524,1739981394543067475,1739981394543878357
20525,1739981394543720107,1739981394544437174
20526,1739981394544077739,1739981394544787745
20527,1739981394544664423,1739981394545830045
20528,1739981394544989612,1739981394546169650
20529,1739981394546052955,1739981394546463951
20530,1739981394546388735,1739981394546758973
20531,1739981394546639569,1739981394547682859
20532,1739981394546950043,1739981394548235400
20533,1739981394547964845,1739981394548651891
20534,1739981394548561422,1739981394549048381
20535,1739981394548791484,1739981394549483380
20536,1739981394549240082,1739981394550349880
20537,1739981394549681891,1739981394550981795
20538,1739981394550591642,1739981394551445622
20539,1739981394551221312,1739981394552042256
20540,1739981394551628885,1739981394552869041
20541,1739981394552247329,1739981394553271675
20542,1739981394553086661,1739981394553734634
20543,1739981394553480581,1739981394554122707
20544,1739981394553975069,1739981394554582443
20545,1739981394554318466,1739981394555753779
20546,1739981394554772062,1739981394556242879
20547,1739981394556030963,1739981394556708077
20548,1739981394556490469,1739981394557524104
20549,1739981394557026613,1739981394557997834
20550,1739981394557881351,1739981394558366662
20551,1739981394558545171,1739981394559098481
20552,1739981394558821711,1739981394559563250
20553,1739981394559376091,1739981394560320037
20554,1739981394559758880,1739981394560835590
20555,1739981394560540672,1739981394561225888
20556,1739981394561074663,1739981394561662909
20557,1739981394561405156,1739981394562573189
20558,1739981394561890231,1739981394563275456
20559,1739981394562763378,1739981394563701375
20560,1739981394563479022,1739981394564239476
20561,1739981394563936229,1739981394564635325
20562,1739981394564467120,1739981394565413366
20563,1739981394564844277,1739981394565970496
20564,1739981394565572709,1739981394566450331
20565,1739981394566175787,1739981394566799625
20566,1739981394566643859,1739981394567675334
20567,1739981394567019156,1739981394568324838
20568,1739981394568031900,1739981394568752385
20569,1739981394568537119,1739981394569684100
20570,1739981394568960150,1739981394570187414
20571,1739981394570012865,1739981394570535647
20572,1739981394570411619,1739981394570836410
20573,1739981394570682184,1739981394571669081
20574,1739981394571041468,1739981394572376331
20575,1739981394571928272,1739981394572678930
20576,1739981394572583541,1739981394573129383
20577,1739981394572934298,1739981394573487021
20578,1739981394573337881,1739981394574392864
20579,1739981394573677592,1739981394574910596
20580,1739981394574610101,1739981394575253092
20581,1739981394575151546,1739981394575639770
20582,1739981394575465820,1739981394576469605
20583,1739981394575832388,1739981394577005312
20584,1739981394576807909,1739981394577529047
20585,1739981394577261038,1739981394578426584
20586,1739981394577756451,1739981394579047967
20587,1739981394578780330,1739981394579559223
20588,1739981394579276253,1739981394580043650
20589,1739981394579814069,1739981394581239494
20590,1739981394580207964,1739981394581629027
20591,1739981394581499507,1739981394582132755
20592,1739981394581886172,1739981394582870925
20593,1739981394582366916,1739981394583755264
20594,1739981394583150652,1739981394584329948
20595,1739981394583977594,1739981394584665677
20596,1739981394584527239,1739981394584987915
20597,1739981394584902419,1739981394585958338
20598,1739981394585123121,1739981394586369295
20599,1739981394586271376,1739981394586732152
20600,1739981394586582461,1739981394587099307
20601,1739981394586966919,1739981394587969931
20602,1739981394587343430,1739981394588587833
20603,1739981394588146195,1739981394589048859
20604,1739981394588826840,1739981394589347142
20605,1739981394589229158,1739981394589728776
20606,1739981394589529645,1739981394590496862
20607,1739981394589916839,1739981394591402434
20608,1739981394590807703,1739981394591840246
20609,1739981394591609210,1739981394592240665
20610,1739981394592103198,1739981394592971198
20611,1739981394592458027,1739981394593843164
20612,1739981394593195270,1739981394594388172
20613,1739981394594058038,1739981394594798813
20614,1739981394594597514,1739981394595101673
20615,1739981394594989964,1739981394595861815
20616,1739981394595335566,1739981394596546939
20617,1739981394596110240,1739981394596931578
20618,1739981394596793674,1739981394597262133
20619,1739981394597157626,1739981394597606048
20620,1739981394597447992,1739981394598774819
20621,1739981394597776923,1739981394599158294
20622,1739981394599032125,1739981394599635547
20623,1739981394599367634,1739981394600055502
20624,1739981394599836850,1739981394600884187
20625,1739981394600227273,1739981394601500523
20626,1739981394601105880,1739981394601860453
20627,1739981394601745335,1739981394602339987
20628,1739981394602063950,1739981394603312804
20629,1739981394602533186,1739981394603835699
20630,1739981394603658043,1739981394604429417
20631,1739981394604081847,1739981394604838685
20632,1739981394604625173,1739981394605611283
20633,1739981394605012285,1739981394606468591
20634,1739981394605871135,1739981394606876853
20635,1739981394606715111,1739981394607236455
20636,1739981394607097142,1739981394607627911
20637,1739981394607433376,1739981394608171102
20638,1739981394607830496,1739981394608764479
20639,1739981394608404750,1739981394609388258
20640,1739981394609130345,1739981394609753401
20641,1739981394609632874,1739981394610145823
20642,1739981394609941489,1739981394610952581
20643,1739981394610359111,1739981394611514300
20644,1739981394611207098,1739981394611916947
20645,1739981394611757096,1739981394612777448
20646,1739981394612115173,1739981394613629977
20647,1739981394613038398,1739981394614100824
20648,1739981394613881596,1739981394614594464
20649,1739981394614292599,1739981394615466067
20650,1739981394614782600,1739981394616201200
20651,1739981394615649002,1739981394616555762
20652,1739981394616417884,1739981394617078165
20653,1739981394616774053,1739981394617489830
20654,1739981394617283527,1739981394618659161
20655,1739981394617668258,1739981394619067052
20656,1739981394618825490,1739981394619370817
20657,1739981394619240407,1739981394619729902
20658,1739981394619597015,1739981394620515873
20659,1739981394619978254,1739981394621314969
20660,1739981394620800951,1739981394621712035
20661,1739981394621542367,1739981394622193312
20662,1739981394621916236,1739981394623049115
20663,1739981394622447151,1739981394623611659
20664,1739981394623303958,1739981394624104279
20665,1739981394623945829,1739981394624574861
20666,1739981394624355484,1739981394625020140
20667,1739981394624773733,1739981394625426056
20668,1739981394625217349,1739981394626568885
20669,1739981394625614685,1739981394627038173
20670,1739981394626835504,1739981394627393615
20671,1739981394627223166,1739981394627740859
20672,1739981394627584156,1739981394628870592
20673,1739981394627941461,1739981394629304807
20674,1739981394629111026,1739981394629705886
20675,1739981394629508757,1739981394630675182
20676,1739981394629906381,1739981394631259882
20677,1739981394630976324,1739981394631661797
20678,1739981394631480254,1739981394632510132
20679,1739981394631839153,1739981394633024816
20680,1739981394632697229,1739981394633471816
20681,1739981394633330831,1739981394633898201
20682,1739981394633676500,1739981394634253219
20683,1739981394634066639,1739981394634632069
20684,1739981394634472215,1739981394635076950
20685,1739981394634816498,1739981394635719934
20686,1739981394635251487,1739981394636420846
20687,1739981394635934130,1739981394636833724
20688,1739981394636640824,1739981394637324750
20689,1739981394637038893,1739981394637646262
20690,1739981394637538655,1739981394638477498
20691,1739981394637860265,1739981394638985613
20692,1739981394638813456,1739981394639423188
20693,1739981394639179579,1739981394639891384
20694,1739981394639615753,1739981394641120441
20695,1739981394640093985,1739981394641620425
20696,1739981394641277703,1739981394642140535
20697,1739981394641874306,1739981394643005781
20698,1739981394642355884,1739981394643815273
20699,1739981394643247167,1739981394644541381
20700,1739981394644070004,1739981394644921607
20701,1739981394644753343,1739981394645307549
20702,1739981394645160552,1739981394646090098
20703,1739981394645482588,1739981394646782942
20704,1739981394646285421,1739981394647158387
20705,1739981394646999691,1739981394647598203
20706,1739981394647356220,1739981394647897303
20707,1739981394647803187,1739981394648193657
20708,1739981394648092196,1739981394648766336
20709,1739981394648410013,1739981394649706173
20710,1739981394649055611,1739981394650074393
20711,1739981394649940956,1739981394650505385
20712,1739981394650274742,1739981394650845217
20713,1739981394650698340,1739981394651681220
20714,1739981394651056945,1739981394652262707
20715,1739981394652096777,1739981394652657680
20716,1739981394652548656,1739981394653098048
20717,1739981394652870067,1739981394654397084
20718,1739981394653293120,1739981394654871110
20719,1739981394654634394,1739981394655280620
20720,1739981394655082581,1739981394656134961
20721,1739981394655470985,1739981394656770360
20722,1739981394656284650,1739981394657319909
20723,1739981394657099803,1739981394657713950
20724,1739981394657600270,1739981394658134219
20725,1739981394657945825,1739981394658873481
20726,1739981394658334468,1739981394659487342
20727,1739981394659147898,1739981394659966528
20728,1739981394659753159,1739981394660300495
20729,1739981394660181135,1739981394660608817
20730,1739981394660531993,1739981394660974434
20731,1739981394660855412,1739981394661981305
20732,1739981394661365416,1739981394662389000
20733,1739981394662227023,1739981394662840462
20734,1739981394662623410,1739981394663215674
20735,1739981394663059965,1739981394663839204
20736,1739981394663430171,1739981394664695574
20737,1739981394664091694,1739981394665084003
20738,1739981394664968940,1739981394665502676
20739,1739981394665281913,1739981394666470395
20740,1739981394665753328,1739981394666965295
20741,1739981394666766831,1739981394667450863
20742,1739981394667185068,1739981394668109035
20743,1739981394667662151,1739981394668948731
20744,1739981394668429553,1739981394669374077
20745,1739981394669204838,1739981394669723385
20746,1739981394669569668,1739981394670052998
20747,1739981394669915129,1739981394671068155
20748,1739981394670224398,1739981394671428683
20749,1739981394671297269,1739981394671807257
20750,1739981394671609036,1739981394672148190
20751,1739981394672019217,1739981394673011950
20752,1739981394672348533,1739981394673705072
20753,1739981394673259544,1739981394674193033
20754,1739981394673948880,1739981394674546091
20755,1739981394674395386,1739981394674964265
20756,1739981394674745025,1739981394675730233
20757,1739981394675148959,1739981394676501860
20758,1739981394675957381,1739981394676901803
20759,1739981394676730875,1739981394677370387
20760,1739981394677152546,1739981394677736651
20761,1739981394677599813,1739981394678650453
20762,1739981394677934353,1739981394679343547
20763,1739981394679004316,1739981394679743854
20764,1739981394679566339,1739981394680546943
20765,1739981394679958187,1739981394681022709
20766,1739981394680769160,1739981394681511165
20767,1739981394681397656,1739981394681816870
20768,1739981394681704923,1739981394682266171
20769,1739981394682038747,1739981394682580962
20770,1739981394682471787,1739981394683320848
20771,1739981394682764051,1739981394684096630
20772,1739981394683527759,1739981394684457203
20773,1739981394684282015,1739981394684865469
20774,1739981394684661147,1739981394685230822
20775,1739981394685097180,1739981394686174096
20776,1739981394685454824,1739981394686717221
20777,1739981394686506994,1739981394687096799
20778,1739981394686924830,1739981394687813996
20779,1739981394687388203,1739981394688557861
20780,1739981394688047270,1739981394688999426
20781,1739981394688788842,1739981394689440269
20782,1739981394689204371,1739981394690305094
20783,1739981394689651258,1739981394690942819
20784,1739981394690640497,1739981394691303423
20785,1739981394691135741,1739981394692095620
20786,1739981394691505525,1739981394692832332
20787,1739981394692338086,1739981394693204159
20788,1739981394693072267,1739981394693570163
20789,1739981394693428424,1739981394694003782
20790,1739981394693807892,1739981394694463207
20791,1739981394694217460,1739981394694839468
20792,1739981394694699578,1739981394695639569
20793,1739981394695033818,1739981394696485749
20794,1739981394695838998,1739981394696913119
20795,1739981394696730576,1739981394697370020
20796,1739981394697111682,1739981394697764011
20797,1739981394697571989,1739981394698931394
20798,1739981394697950880,1739981394699384303
20799,1739981394699154113,1739981394699791192
20800,1739981394699537585,1739981394700123211
20801,1739981394700001678,1739981394701264881
20802,1739981394700313801,1739981394701663944
20803,1739981394701472286,1739981394702136576
20804,1739981394701850529,1739981394702991908
20805,1739981394702305963,1739981394703470009
20806,1739981394703317899,1739981394704078105
20807,1739981394703722108,1739981394704589314
20808,1739981394704286874,1739981394705400239
20809,1739981394704782257,1739981394706433405
20810,1739981394705947401,1739981394706795080
20811,1739981394706714273,1739981394707172193
20812,1739981394706981782,1739981394707581585
20813,1739981394707346079,1739981394708359853
20814,1739981394707792779,1739981394708997963
20815,1739981394708543963,1739981394709461287
20816,1739981394709224753,1739981394709856178
20817,1739981394709685487,1739981394710288710
20818,1739981394710067339,1739981394710870815
20819,1739981394710477359,1739981394711480636
20820,1739981394711088071,1739981394711955790
20821,1739981394711795798,1739981394712344552
20822,1739981394712172722,1739981394712782045
20823,1739981394712579934,1739981394713554331
20824,1739981394712984062,1739981394714301273
20825,1739981394713741275,1739981394714793477
20826,1739981394714571166,1739981394715159399
20827,1739981394715000747,1739981394715528020
20828,1739981394715374797,1739981394716246730
20829,1739981394715721807,1739981394716958924
20830,1739981394716508652,1739981394717316087
20831,1739981394717209491,1739981394717819168
20832,1739981394717532899,1739981394718149433
20833,1739981394718069760,1739981394718460882
20834,1739981394718355484,1739981394719384563
20835,1739981394718651170,1739981394719898137
20836,1739981394719821896,1739981394720382486
20837,1739981394720076080,1739981394720750570
20838,1739981394720575595,1739981394721877593
20839,1739981394720935032,1739981394722339764
20840,1739981394722167902,1739981394722866755
20841,1739981394722563112,1739981394723274853
20842,1739981394723049862,1739981394724324531
20843,1739981394723457758,1739981394724717961
20844,1739981394724571605,1739981394725259340
20845,1739981394724933282,1739981394726182497
20846,1739981394725537041,1739981394726696002
20847,1739981394726525099,1739981394727171631
20848,1739981394726962041,1739981394728291009
20849,1739981394727293727,1739981394728691541
20850,1739981394728528457,1739981394729087012
20851,1739981394728945342,1739981394729396481
20852,1739981394729314370,1739981394730128533
20853,1739981394729611221,1739981394730895362
20854,1739981394730479700,1739981394731216320
20855,1739981394731153403,1739981394731581860
20856,1739981394731373226,1739981394732000681
20857,1739981394731770162,1739981394732710787
20858,1739981394732200318,1739981394733606850
20859,1739981394732878681,1739981394733974086
20860,1739981394733815778,1739981394734572340
20861,1739981394734169291,1739981394735064236
20862,1739981394734766049,1739981394735912702
20863,1739981394735219542,1739981394736652551
20864,1739981394736084356,1739981394737030046
20865,1739981394736875477,1739981394737351150
20866,1739981394737206341,1739981394738356723
20867,1739981394737582325,1739981394739018141
20868,1739981394738623022,1739981394739408632
20869,1739981394739227325,1739981394740253962
20870,1739981394739598016,1739981394741241489
20871,1739981394740480147,1739981394741672406
20872,1739981394741458765,1739981394742061291
20873,1739981394741877325,1739981394743099297
20874,1739981394742297520,1739981394743459104
20875,1739981394743292738,1739981394743829599
20876,1739981394743654803,1739981394744312814
20877,1739981394744010572,1739981394744656018
20878,1739981394744523813,1739981394744983110
20879,1739981394744844126,1739981394745776501
20880,1739981394745193930,1739981394746550488
20881,1739981394745953210,1739981394746953228
20882,1739981394746827078,1739981394747359741
20883,1739981394747162480,1739981394747742335
20884,1739981394747547590,1739981394748625592
20885,1739981394747935031,1739981394749096630
20886,1739981394748994041,1739981394749616637
20887,1739981394749251016,1739981394750364501
20888,1739981394749808084,1739981394751061955
20889,1739981394750537731,1739981394751593232
20890,1739981394751344421,1739981394751989150
20891,1739981394751808598,1739981394752749580
20892,1739981394752227237,1739981394753450922
20893,1739981394752977404,1739981394753849184
20894,1739981394753709708,1739981394754317847
20895,1739981394754059132,1739981394754772532
20896,1739981394754523646,1739981394755087719
20897,1739981394755000217,1739981394755733656
20898,1739981394755297686,1739981394756627240
20899,1739981394755953876,1739981394757011296
20900,1739981394756843483,1739981394757424454
20901,1739981394757215719,1739981394757751521
20902,1739981394757627038,1739981394758470324
20903,1739981394757926732,1739981394759215018
20904,1739981394758674200,1739981394759642980
20905,1739981394759478559,1739981394760085650
20906,1739981394759906315,1739981394760471303
20907,1739981394760339878,1739981394760954607
20908,1739981394760683315,1739981394762002674
20909,1739981394761159676,1739981394762455246
20910,1739981394762268155,1739981394762856517
20911,1739981394762673344,1739981394763532103
20912,1739981394763072741,1739981394764415412
20913,1739981394764058286,1739981394764793532
20914,1739981394764678991,1739981394765536109
20915,1739981394765004694,1739981394766041506
20916,1739981394765795188,1739981394766474488
20917,1739981394766338317,1739981394766888480
20918,1739981394766694095,1739981394767254300
20919,1739981394767111894,1739981394767565522
20920,1739981394767458336,1739981394768536534
20921,1739981394767754893,1739981394769224042
20922,1739981394768898780,1739981394769610253
20923,1739981394769429117,1739981394770037195
20924,1739981394769804578,1739981394770830996
20925,1739981394770233166,1739981394771432507
20926,1739981394771051524,1739981394771812040
20927,1739981394771648930,1739981394772235829
20928,1739981394772022970,1739981394772687493
20929,1739981394772443470,1739981394773671047
20930,1739981394772871726,1739981394774145746
20931,1739981394774050511,1739981394774657465
20932,1739981394774353263,1739981394775030678
20933,1739981394774879514,1739981394776210258
20934,1739981394775203010,1739981394776626065
20935,1739981394776415956,1739981394776960548
20936,1739981394776824676,1739981394777308277
20937,1739981394777166700,1739981394778379394
20938,1739981394777505567,1739981394778723510
20939,1739981394778613213,1739981394779035418
20940,1739981394778922060,1739981394779353185
20941,1739981394779207361,1739981394780351389
20942,1739981394779548030,1739981394780860865
20943,1739981394780658827,1739981394781311105
20944,1739981394781070973,1739981394781731008
20945,1739981394781505162,1739981394782596224
20946,1739981394781933314,1739981394783162804
20947,1739981394782984082,1739981394783582589
20948,1739981394783396629,1739981394783956937
20949,1739981394783793237,1739981394784538175
20950,1739981394784196016,1739981394784907586
20951,1739981394784759944,1739981394785885459
20952,1739981394785111093,1739981394786530440
20953,1739981394786217949,1739981394786964945
20954,1739981394786744330,1739981394787356052
20955,1739981394787154973,1739981394788121534
20956,1739981394787551630,1739981394788601838
20957,1739981394788362036,1739981394789113905
20958,1739981394788959778,1739981394789536875
20959,1739981394789337952,1739981394789873579
20960,1739981394789763642,1739981394790238882
20961,1739981394790082047,1739981394791371787
20962,1739981394790544581,1739981394791720856
20963,1739981394791627960,1739981394792120582
20964,1739981394791951294,1739981394792502851
20965,1739981394792323174,1739981394793500234
20966,1739981394792683503,1739981394794038024
20967,1739981394793817400,1739981394794562477
20968,1739981394794233292,1739981394794943374
20969,1739981394794774341,1739981394795817231
20970,1739981394795154671,1739981394796293101
20971,1739981394796101361,1739981394796777385
20972,1739981394796531422,1739981394797269797
20973,1739981394797021308,1739981394798571177
20974,1739981394797492873,1739981394798988615
20975,1739981394798867026,1739981394799375276
20976,1739981394799208430,1739981394800533294
20977,1739981394799610057,1739981394800930141
20978,1739981394800794354,1739981394801356944
20979,1739981394801130370,1739981394802173389
20980,1739981394801596192,1739981394802684922
20981,1739981394802566884,1739981394803023519
20982,1739981394802900290,1739981394803432106
20983,1739981394803218316,1739981394803768060
20984,1739981394803622397,1739981394804718012
20985,1739981394803938266,1739981394805207330
20986,1739981394804886730,1739981394805715648
20987,1739981394805508346,1739981394806604433
20988,1739981394805964357,1739981394807180124
20989,1739981394807001215,1739981394807513586
20990,1739981394807366030,1739981394807874944
20991,1739981394807744942,1739981394808507180
20992,1739981394808083113,1739981394809309339
20993,1739981394808780452,1739981394809675612
20994,1739981394809564099,1739981394810048879
20995,1739981394809877463,1739981394810452500
20996,1739981394810216718,1739981394811244703
20997,1739981394810677264,1739981394811780269
20998,1739981394811428500,1739981394812282016
20999,1739981394812109985,1739981394812650728
21000,1739981394812470850,1739981394812966587
21001,1739981394812878471,1739981394813414108
21002,1739981394813141488,1739981394814175442
21003,1739981394813726220,1739981394814702737
21004,1739981394814386721,1739981394815243493
21005,1739981394814965730,1739981394815594208
21006,1739981394815443995,1739981394815979954
21007,1739981394815783232,1739981394816616788
21008,1739981394816186448,1739981394817141897
21009,1739981394816854903,1739981394817710340
21010,1739981394817537266,1739981394818147503
21011,1739981394817913091,1739981394818759252
21012,1739981394818399756,1739981394819639568
21013,1739981394819008657,1739981394820152727
21014,1739981394819889559,1739981394820537314
21015,1739981394820401482,1739981394821291517
21016,1739981394820734938,1739981394822153639
21017,1739981394821529495,1739981394822615849
21018,1739981394822406554,1739981394823036834
21019,1739981394822863713,1739981394823382562
21020,1739981394823263610,1739981394824187516
21021,1739981394823569150,1739981394824636783
21022,1739981394824490507,1739981394825330992
21023,1739981394825029564,1739981394825690934
21024,1739981394825567300,1739981394826015580
21025,1739981394825942580,1739981394826474820
21026,1739981394826132389,1739981394827364057
21027,1739981394826664359,1739981394827983716
21028,1739981394827759286,1739981394828347295
21029,1739981394828218851,1739981394828766947
21030,1739981394828567342,1739981394829836237
21031,1739981394829096834,1739981394830260338
21032,1739981394830091810,1739981394830623612
21033,1739981394830499900,1739981394831055258
21034,1739981394830832982,1739981394831680085
21035,1739981394831221733,1739981394832401667
21036,1739981394831886753,1739981394832925416
21037,1739981394832631677,1739981394833304104
21038,1739981394833115379,1739981394833919856
21039,1739981394833430332,1739981394834866947
21040,1739981394834200081,1739981394835224777
21041,1739981394835092926,1739981394835558224
21042,1739981394835427896,1739981394835973019
21043,1739981394835764472,1739981394836769569
21044,1739981394836166259,1739981394837194799
21045,1739981394836951112,1739981394837754600
21046,1739981394837543198,1739981394838271048
21047,1739981394837966079,1739981394838670495
21048,1739981394838494205,1739981394839385513
21049,1739981394838853346,1739981394840229670
21050,1739981394839680580,1739981394840609829
21051,1739981394840464033,1739981394840963411
21052,1739981394840850862,1739981394841412684
21053,1739981394841168238,1739981394842283021
21054,1739981394841618004,1739981394842750601
21055,1739981394842603997,1739981394843193409
21056,1739981394842967575,1739981394844012841
21057,1739981394843405460,1739981394844594798
21058,1739981394844257445,1739981394845211477
21059,1739981394844983616,1739981394845590243
21060,1739981394845423324,1739981394845916986
21061,1739981394845819327,1739981394846386264
21062,1739981394846139963,1739981394847048276
21063,1739981394846832920,1739981394847641026
21064,1739981394847240714,1739981394847972008
21065,1739981394847849402,1739981394848401744
21066,1739981394848189036,1739981394848726794
21067,1739981394848671150,1739981394849683874
21068,1739981394848905860,1739981394850168495
21069,1739981394849933710,1739981394850689733
21070,1739981394850396781,1739981394851740989
21071,1739981394850889800,1739981394852305334
21072,1739981394852085374,1739981394852717358
21073,1739981394852542449,1739981394853458113
21074,1739981394852911434,1739981394854435010
21075,1739981394853658157,1739981394854841359
21076,1739981394854731454,1739981394855278559
21077,1739981394855057140,1739981394856509091
21078,1739981394855474041,1739981394856961540
21079,1739981394856818854,1739981394857366674
21080,1739981394857221973,1739981394857722523
21081,1739981394857591642,1739981394858505069
21082,1739981394857917110,1739981394859134410
21083,1739981394858685419,1739981394859572876
21084,1739981394859377405,1739981394859875967
21085,1739981394859789605,1739981394860269810
21086,1739981394860114303,1739981394860675937
21087,1739981394860509470,1739981394861505627
21088,1739981394860867458,1739981394862355648
21089,1739981394861788509,1739981394862794422
21090,1739981394862562982,1739981394863130046
21091,1739981394862989152,1739981394863564768
21092,1739981394863350177,1739981394864200200
21093,1739981394863847870,1739981394865004316
21094,1739981394864402836,1739981394865401325
21095,1739981394865300436,1739981394865811984
21096,1739981394865627629,1739981394866300863
21097,1739981394866036746,1739981394867224118
21098,1739981394866528002,1739981394867979373
21099,1739981394867407198,1739981394868356341
21100,1739981394868211283,1739981394868687405
21101,1739981394868570783,1739981394868990753
21102,1739981394868908497,1739981394869359204
21103,1739981394869179578,1739981394870198743
21104,1739981394869565993,1739981394870726033
21105,1739981394870537724,1739981394871225300
21106,1739981394870922897,1739981394871602639
21107,1739981394871436207,1739981394872382533
21108,1739981394871831965,1739981394873230365
21109,1739981394872711529,1739981394873599677
21110,1739981394873448459,1739981394873971915
21111,1739981394873813828,1739981394874372498
21112,1739981394874176944,1739981394874718383
21113,1739981394874587916,1739981394875589883
21114,1739981394874899063,1739981394876302015
21115,1739981394875832269,1739981394876814537
21116,1739981394876532276,1739981394877376266
21117,1739981394877012963,1739981394878294076
21118,1739981394877677230,1739981394878770787
21119,1739981394878566973,1739981394879148589
21120,1739981394878996722,1739981394879642118
21121,1739981394879395018,1739981394880623386
21122,1739981394879891663,1739981394881075861
21123,1739981394880971033,1739981394881428377
21124,1739981394881278770,1739981394881897890
21125,1739981394881656733,1739981394882659461
21126,1739981394882143137,1739981394883402643
21127,1739981394882968957,1739981394883946544
21128,1739981394883660109,1739981394884451092
21129,1739981394884174670,1739981394884842010
21130,1739981394884695034,1739981394885677974
21131,1739981394885039410,1739981394886485782
21132,1739981394885893394,1739981394886931205
21133,1739981394886760323,1739981394887422087
21134,1739981394887175590,1739981394887818683
21135,1739981394887636600,1739981394888610380
21136,1739981394887996982,1739981394889182850
21137,1739981394889018432,1739981394889741717
21138,1739981394889440581,1739981394890125620
21139,1739981394889943742,1739981394891055980
21140,1739981394890303649,1739981394891578160
21141,1739981394891325192,1739981394891947607
21142,1739981394891790728,1739981394892735969
21143,1739981394892191795,1739981394893397905
21144,1739981394892959268,1739981394893691698
21145,1739981394893569587,1739981394894028225
21146,1739981394893927537,1739981394894566900
21147,1739981394894247835,1739981394894887780
21148,1739981394894790694,1739981394895716856
21149,1739981394895066962,1739981394896132140
21150,1739981394896004112,1739981394896543833
21151,1739981394896250893,1739981394896874854
21152,1739981394896725933,1739981394897742383
21153,1739981394897048875,1739981394898455162
21154,1739981394897933065,1739981394898851181
21155,1739981394898671048,1739981394899192711
21156,1739981394899050566,1739981394899557288
21157,1739981394899390615,1739981394900003277
21158,1739981394899736095,1739981394900811230
21159,1739981394900183381,1739981394901433946
21160,1739981394901223543,1739981394901903157
21161,1739981394901665265,1739981394902846079
21162,1739981394902110508,1739981394903453892
21163,1739981394903009092,1739981394903878811
21164,1739981394903669162,1739981394905136161
21165,1739981394904093294,1739981394905634839
21166,1739981394905415044,1739981394906049631
21167,1739981394905852482,1739981394906863036
21168,1739981394906270415,1739981394907502098
21169,1739981394907131383,1739981394907815406
21170,1739981394907755993,1739981394908287222
21171,1739981394907949613,1739981394908582012
21172,1739981394908493742,1739981394908876632
21173,1739981394908770495,1739981394909625746
21174,1739981394909055865,1739981394910357159
21175,1739981394909901609,1739981394910781041
21176,1739981394910631932,1739981394911212119
21177,1739981394910999826,1739981394912051817
21178,1739981394911413605,1739981394912545618
21179,1739981394912385937,1739981394912950578
21180,1739981394912791988,1739981394913441534
21181,1739981394913166611,1739981394914609056
21182,1739981394913634736,1739981394915053564
21183,1739981394914814783,1739981394915555582
21184,1739981394915231481,1739981394915943976
21185,1739981394915786485,1739981394916819460
21186,1739981394916223247,1739981394917474891
21187,1739981394917033025,1739981394917818519
21188,1739981394917722738,1739981394918168828
21189,1739981394917969071,1739981394918960203
21190,1739981394918442859,1739981394919624650
21191,1739981394919233948,1739981394920021485
21192,1739981394919852685,1739981394920516525
21193,1739981394920210813,1739981394921225253
21194,1739981394920723326,1739981394921788152
21195,1739981394921494769,1739981394922325942
21196,1739981394922176275,1739981394922787262
21197,1739981394922555432,1739981394923182383
21198,1739981394923000711,1739981394923663394
21199,1739981394923394210,1739981394924823750
21200,1739981394923871139,1739981394925361369
21201,1739981394925088954,1739981394925785728
21202,1739981394925604412,1739981394926137898
21203,1739981394926010024,1739981394926978769
21204,1739981394926333435,1739981394927614837
21205,1739981394927339652,1739981394928025293
21206,1739981394927876228,1739981394928394526
21207,1739981394928228538,1739981394929616734
21208,1739981394928676842,1739981394930055836
21209,1739981394929839940,1739981394930437902
21210,1739981394930214773,1739981394931290277
21211,1739981394930626601,1739981394931962530
21212,1739981394931445178,1739981394932336149
21213,1739981394932200380,1739981394932757724
21214,1739981394932586043,1739981394933069553
21215,1739981394933002518,1739981394933326218
21216,1739981394933236187,1739981394933625688
21217,1739981394933507781,1739981394934758124
21218,1739981394933813569,1739981394935173247
21219,1739981394935027087,1739981394935637935
21220,1739981394935382389,1739981394935993624
21221,1739981394935835708,1739981394937044131
21222,1739981394936204470,1739981394937439220
21223,1739981394937258639,1739981394937868479
21224,1739981394937658481,1739981394938303610
21225,1739981394938072536,1739981394938972991
21226,1739981394938513647,1739981394939714576
21227,1739981394939190695,1739981394940158867
21228,1739981394939946486,1739981394940540097
21229,1739981394940363882,1739981394941227117
21230,1739981394940766807,1739981394941950351
21231,1739981394941497980,1739981394942313408
21232,1739981394942206950,1739981394942669754
21233,1739981394942565000,1739981394943102702
21234,1739981394942885789,1739981394943661865
21235,1739981394943347060,1739981394944403057
21236,1739981394943866757,1739981394944909442
21237,1739981394944684162,1739981394945298067
21238,1739981394945143949,1739981394945734714
21239,1739981394945504446,1739981394946547367
21240,1739981394945949800,1739981394947238271
21241,1739981394946741790,1739981394947595249
21242,1739981394947438929,1739981394947909415
21243,1739981394947771530,1739981394948217392
21244,1739981394948089406,1739981394949078363
21245,1739981394948415312,1739981394949686483
21246,1739981394949407498,1739981394950067384
21247,1739981394949901907,1739981394950867761
21248,1739981394950224411,1739981394951591673
21249,1739981394951049277,1739981394952017267
21250,1739981394951783244,1739981394952397773
21251,1739981394952195850,1739981394953084949
21252,1739981394952610584,1739981394953768155
21253,1739981394953312320,1739981394954126738
21254,1739981394954016383,1739981394954635008
21255,1739981394954412652,1739981394954984072
21256,1739981394954893414,1739981394955316942
21257,1739981394955199405,1739981394956588817
21258,1739981394955524139,1739981394956985323
21259,1739981394956841484,1739981394957382751
21260,1739981394957225551,1739981394957755241
21261,1739981394957613871,1739981394958843855
21262,1739981394957939342,1739981394959213265
21263,1739981394959064353,1739981394959633069
21264,1739981394959457699,1739981394959970049
21265,1739981394959912504,1739981394960898616
21266,1739981394960098647,1739981394961471706
21267,1739981394961261638,1739981394961880303
21268,1739981394961698490,1739981394962830982
21269,1739981394962099716,1739981394963509487
21270,1739981394963093139,1739981394963910787
21271,1739981394963767168,1739981394964430452
21272,1739981394964131453,1739981394964776880
21273,1739981394964619252,1739981394965508796
21274,1739981394964989723,1739981394966155769
21275,1739981394965643484,1739981394966497230
21276,1739981394966394699,1739981394966801787
21277,1739981394966699043,1739981394967187695
21278,1739981394967041305,1739981394967675365
21279,1739981394967443660,1739981394968591509
21280,1739981394967897107,1739981394969219727
21281,1739981394968970652,1739981394969602051
21282,1739981394969437435,1739981394969962335
21283,1739981394969780799,1739981394970631908
21284,1739981394970171616,1739981394971520160
21285,1739981394970917158,1739981394971897881
21286,1739981394971784291,1739981394972253945
21287,1739981394972167387,1739981394972696126
21288,1739981394972379822,1739981394973344316
21289,1739981394972932441,1739981394974150298
21290,1739981394973632941,1739981394974600385
21291,1739981394974408411,1739981394974946345
21292,1739981394974795269,1739981394975296691
21293,1739981394975159016,1739981394976415155
21294,1739981394975496997,1739981394976814984
21295,1739981394976677849,1739981394977209097
21296,1739981394977050484,1739981394977579783
21297,1739981394977406955,1739981394978044137
21298,1739981394977748749,1739981394978767768
21299,1739981394978202405,1739981394979479848
21300,1739981394978948521,1739981394979908342
21301,1739981394979708674,1739981394980352319
21302,1739981394980111480,1739981394980779927
21303,1739981394980578896,1739981394981332381
21304,1739981394981034431,1739981394982152449
21305,1739981394981566161,1739981394982739990
21306,1739981394982486524,1739981394983127985
21307,1739981394982965532,1739981394983804258
21308,1739981394983377961,1739981394984771355
21309,1739981394984081394,1739981394985169640
21310,1739981394985017437,1739981394985550350
21311,1739981394985386609,1739981394986432475
21312,1739981394985775134,1739981394987009572
21313,1739981394986663035,1739981394987543096
21314,1739981394987374627,1739981394987970430
21315,1739981394987756317,1739981394988322125
21316,1739981394988219289,1739981394988650206
21317,1739981394988551028,1739981394989705022
21318,1739981394988833120,1739981394990063787
21319,1739981394989942439,1739981394990395819
21320,1739981394990234563,1739981394990796995
21321,1739981394990584173,1739981394991690787
21322,1739981394990993565,1739981394992228189
21323,1739981394992007288,1739981394992584634
21324,1739981394992422649,1739981394993413891
21325,1739981394992792865,1739981394994254048
21326,1739981394993709304,1739981394994714022
21327,1739981394994451588,1739981394995090144
21328,1739981394994946397,1739981394995972708
21329,1739981394995307801,1739981394996441335
21330,1739981394996214332,1739981394996948353
21331,1739981394996663176,1739981394997589235
21332,1739981394997166123,1739981394998447086
21333,1739981394997867855,1739981394999004652
21334,1739981394998730809,1739981394999414898
21335,1739981394999263948,1739981394999772164
21336,1739981394999619520,1739981395000899380
21337,1739981395000073951,1739981395001349171
21338,1739981395001175184,1739981395001727802
21339,1739981395001571280,1739981395002186877
21340,1739981395001931692,1739981395002511866
21341,1739981395002421838,1739981395003323069
21342,1739981395002703748,1739981395004017800
21343,1739981395003489219,1739981395004442092
21344,1739981395004243472,1739981395004873711
21345,1739981395004695579,1739981395005253756
21346,1739981395005090819,1739981395006316158
21347,1739981395005440552,1739981395006741282
21348,1739981395006550169,1739981395007253098
21349,1739981395006952576,1739981395007651798
21350,1739981395007505810,1739981395008485224
21351,1739981395007860487,1739981395009079343
21352,1739981395008737823,1739981395009677781
21353,1739981395009463136,1739981395010242626
21354,1739981395009887149,1739981395011135160
21355,1739981395010456383,1739981395011660257
21356,1739981395011516155,1739981395012185359
21357,1739981395011882786,1739981395012607480
21358,1739981395012432486,1739981395013521521
21359,1739981395012797777,1739981395014121820
21360,1739981395013716436,1739981395014543172
21361,1739981395014390311,1739981395014877063
21362,1739981395014762915,1739981395015277719
21363,1739981395015093806,1739981395016231312
21364,1739981395015494538,1739981395016701657
21365,1739981395016555773,1739981395017206893
21366,1739981395016915928,1739981395017803706
21367,1739981395017415583,1739981395018589543
21368,1739981395017991587,1739981395018994207
21369,1739981395018861340,1739981395019395184
21370,1739981395019197652,1739981395019747828
21371,1739981395019598182,1739981395020539470
21372,1739981395019973051,1739981395021247225
21373,1739981395020797857,1739981395021644324
21374,1739981395021469648,1739981395022052298
21375,1739981395021851619,1739981395022534258
21376,1739981395022216259,1739981395023678134
21377,1739981395022733535,1739981395024158581
21378,1739981395023920690,1739981395024671421
21379,1739981395024384928,1739981395025061939
21380,1739981395024871266,1739981395025909843
21381,1739981395025456631,1739981395026542005
21382,1739981395026279916,1739981395026934490
21383,1739981395026739297,1739981395027642062
21384,1739981395027140939,1739981395028328240
21385,1739981395027884938,1739981395028658905
21386,1739981395028609582,1739981395028982930
21387,1739981395028848443,1739981395029390367
21388,1739981395029221445,1739981395030170485
21389,1739981395029591302,1739981395030664951
21390,1739981395030501341,1739981395031032726
21391,1739981395030861698,1739981395031464887
21392,1739981395031213653,1739981395032292570
21393,1739981395031681707,1739981395033131100
21394,1739981395032562866,1739981395033542387
21395,1739981395033363137,1739981395033961365
21396,1739981395033750608,1739981395034421564
21397,1739981395034154557,1739981395034800015
21398,1739981395034608938,1739981395035589701
21399,1739981395035007049,1739981395036341270
21400,1739981395035745031,1739981395036848553
21401,1739981395036546284,1739981395037309443
21402,1739981395037042234,1739981395037752367
21403,1739981395037523263,1739981395038935673
21404,1739981395037932596,1739981395039400331
21405,1739981395039238299,1739981395039794087
21406,1739981395039663283,1739981395041036855
21407,1739981395040000593,1739981395041464662
21408,1739981395041407198,1739981395041945063
21409,1739981395041745160,1739981395042671472
21410,1739981395042190878,1739981395043399339
21411,1739981395042980055,1739981395043739045
21412,1739981395043654496,1739981395044120878
21413,1739981395043923304,1739981395044504657
21414,1739981395044369637,1739981395044826026
21415,1739981395044699471,1739981395045624910
21416,1739981395045075412,1739981395046277353
21417,1739981395045977187,1739981395046655391
21418,1739981395046516096,1739981395047114198
21419,1739981395046849153,1739981395048220597
21420,1739981395047319977,1739981395048624748
21421,1739981395048505276,1739981395049021562
21422,1739981395048859943,1739981395049485328
21423,1739981395049212436,1739981395050652626
21424,1739981395049714450,1739981395051054258
21425,1739981395050879821,1739981395051409893
21426,1739981395051227209,1739981395052597421
21427,1739981395051627196,1739981395053057569
21428,1739981395052865709,1739981395053428480
21429,1739981395053234087,1739981395054283415
21430,1739981395053608242,1739981395054965661
21431,1739981395054491112,1739981395055338390
21432,1739981395055214600,1739981395055759226
21433,1739981395055597862,1739981395056086246
21434,1739981395055965213,1739981395056401849
21435,1739981395056291365,1739981395057172233
21436,1739981395056596006,1739981395057912161
21437,1739981395057418624,1739981395058281653
21438,1739981395058103211,1739981395058691785
21439,1739981395058475169,1739981395059546644
21440,1739981395058910438,1739981395060103436
21441,1739981395059853673,1739981395060564608
21442,1739981395060295609,1739981395060974386
21443,1739981395060783444,1739981395061894061
21444,1739981395061143669,1739981395062385652
21445,1739981395062227313,1739981395062840835
21446,1739981395062583114,1739981395063428780
21447,1739981395063047406,1739981395064407024
21448,1739981395063600544,1739981395064765719
21449,1739981395064670840,1739981395065188616
21450,1739981395064912597,1739981395065630991
21451,1739981395065378614,1739981395066522410
21452,1739981395065844565,1739981395067047770
21453,1739981395066891221,1739981395067344006
21454,1739981395067224295,1739981395067667338
21455,1739981395067539880,1739981395068690121
21456,1739981395067849288,1739981395069027013
21457,1739981395068961888,1739981395069424625
21458,1739981395069179855,1739981395069726705
21459,1739981395069674081,1739981395070247550
21460,1739981395069897104,1739981395071122530
21461,1739981395070481725,1739981395071762152
21462,1739981395071331912,1739981395072145853
21463,1739981395072005065,1739981395072904363
21464,1739981395072378192,1739981395073856826
21465,1739981395073249598,1739981395074457618
21466,1739981395074111704,1739981395074911720
21467,1739981395074648368,1739981395075253816
21468,1739981395075146663,1739981395076219462
21469,1739981395075449016,1739981395076710878
21470,1739981395076533487,1739981395077181865
21471,1739981395076906030,1739981395078124986
21472,1739981395077395234,1739981395078804519
21473,1739981395078365294,1739981395079254735
21474,1739981395079120830,1739981395079677977
21475,1739981395079484065,1739981395080188497
21476,1739981395079849165,1739981395081045177
21477,1739981395080399504,1739981395081878569
21478,1739981395081263972,1739981395082418280
21479,1739981395082150706,1739981395082783148
21480,1739981395082634761,1739981395083103484
21481,1739981395082987032,1739981395083536739
21482,1739981395083324028,1739981395084362658
21483,1739981395083746987,1739981395084932180
21484,1739981395084568221,1739981395085477319
21485,1739981395085144225,1739981395085861541
21486,1739981395085712435,1739981395086269404
21487,1739981395086051112,1739981395087207527
21488,1739981395086472542,1739981395087782069
21489,1739981395087559810,1739981395088186864
21490,1739981395088048292,1739981395088562141
21491,1739981395088407639,1739981395089519241
21492,1739981395088754959,1739981395090026787
21493,1739981395089834733,1739981395090400035
21494,1739981395090218183,1739981395091136078
21495,1739981395090580850,1739981395092066073
21496,1739981395091500227,1739981395092513097
21497,1739981395092313430,1739981395092867173
21498,1739981395092738694,1739981395093202885
21499,1739981395093086429,1739981395094064093
21500,1739981395093408980,1739981395094548917
21501,1739981395094376864,1739981395094943300
21502,1739981395094777804,1739981395095267579
21503,1739981395095136271,1739981395095694367
21504,1739981395095606138,1739981395096349533
21505,1739981395095885712,1739981395097207647
21506,1739981395096663965,1739981395097623775
21507,1739981395097446231,1739981395098077321
21508,1739981395097855949,1739981395098431998
21509,1739981395098293410,1739981395099332573
21510,1739981395098662106,1739981395099876488
21511,1739981395099673832,1739981395100368194
21512,1739981395100145739,1739981395100877341
21513,1739981395100630819,1739981395101773997
21514,1739981395101101457,1739981395102320854
21515,1739981395102123272,1739981395102828471
21516,1739981395102595255,1739981395103684726
21517,1739981395103071681,1739981395104453715
21518,1739981395103928743,1739981395104825062
21519,1739981395104708503,1739981395105169650
21520,1739981395105027511,1739981395105499101
21521,1739981395105350927,1739981395105908001
21522,1739981395105676276,1739981395106592987
21523,1739981395106092942,1739981395107284387
21524,1739981395106913547,1739981395107707921
21525,1739981395107560678,1739981395108204702
21526,1739981395107894959,1739981395108589206
21527,1739981395108440720,1739981395109064819
21528,1739981395108766389,1739981395109800916
21529,1739981395109302035,1739981395110354662
21530,1739981395110180798,1739981395110755114
21531,1739981395110563481,1739981395111220150
21532,1739981395110949914,1739981395111976083
21533,1739981395111396444,1739981395112657547
21534,1739981395112234008,1739981395113089470
21535,1739981395112883509,1739981395113519159
21536,1739981395113317730,1739981395114498082
21537,1739981395113710875,1739981395115114488
21538,1739981395114654055,1739981395115513325
21539,1739981395115333338,1739981395115884472
21540,1739981395115715903,1739981395116322015
21541,1739981395116066521,1739981395116981035
21542,1739981395116510988,1739981395117704906
21543,1739981395117224859,1739981395118194775
21544,1739981395117898233,1739981395118561666
21545,1739981395118393466,1739981395118945148
21546,1739981395118737800,1739981395119800155
21547,1739981395119193480,1739981395120384705
21548,1739981395120164761,1739981395120880517
21549,1739981395120594900,1739981395121365508
21550,1739981395121070813,1739981395122259984
21551,1739981395121588755,1739981395122781574
21552,1739981395122634364,1739981395123222288
21553,1739981395123019274,1739981395123704662
21554,1739981395123433689,1739981395125141333
21555,1739981395123886938,1739981395125680727
21556,1739981395125365310,1739981395126095621
21557,1739981395125883597,1739981395126749355
21558,1739981395126312430,1739981395127818197
21559,1739981395127057446,1739981395128282038
21560,1739981395128096413,1739981395128674729
21561,1739981395128480192,1739981395129592146
21562,1739981395128889657,1739981395130062063
21563,1739981395129932847,1739981395130327311
21564,1739981395130272436,1739981395130775897
21565,1739981395130459403,1739981395131111936
21566,1739981395131000342,1739981395131824961
21567,1739981395131309102,1739981395132582411
21568,1739981395132064891,1739981395132947275
21569,1739981395132840453,1739981395133365487
21570,1739981395133151684,1739981395133770351
21571,1739981395133601234,1739981395134771576
21572,1739981395133964347,1739981395135416547
21573,1739981395134922826,1739981395135748257
21574,1739981395135625661,1739981395136139670
21575,1739981395135974438,1739981395136526686
21576,1739981395136343267,1739981395137349506
21577,1739981395136699076,1739981395138070812
21578,1739981395137563269,1739981395138472969
21579,1739981395138329467,1739981395138966759
21580,1739981395138713178,1739981395139332504
21581,1739981395139203567,1739981395140214785
21582,1739981395139558322,1739981395140919934
21583,1739981395140383768,1739981395141257315
21584,1739981395141168544,1739981395141581433
21585,1739981395141402906,1739981395141953199
21586,1739981395141807111,1739981395142308687
21587,1739981395142170835,1739981395142621350
21588,1739981395142509111,1739981395143758373
21589,1739981395142932986,1739981395144222923
21590,1739981395144004995,1739981395144668547
21591,1739981395144407719,1739981395145056565
21592,1739981395144919557,1739981395145396204
21593,1739981395145251129,1739981395146281460
21594,1739981395145794405,1739981395146775815
21595,1739981395146626614,1739981395147181219
21596,1739981395147003426,1739981395147654174
21597,1739981395147385333,1739981395148460552
21598,1739981395147853399,1739981395149219176
21599,1739981395148700077,1739981395149655550
21600,1739981395149453515,1739981395150089648
21601,1739981395149882456,1739981395150496939
21602,1739981395150328153,1739981395151063881
21603,1739981395150700555,1739981395151579029
21604,1739981395151500605,1739981395152129691
21605,1739981395151919825,1739981395152531328
21606,1739981395152370152,1739981395152890952
21607,1739981395152756383,1739981395153216068
21608,1739981395153146926,1739981395153951609
21609,1739981395153433264,1739981395154882378
21610,1739981395154151446,1739981395155252544
21611,1739981395155132444,1739981395155709161
21612,1739981395155488070,1739981395156043534
21613,1739981395155910773,1739981395157126000
21614,1739981395156234536,1739981395157522767
21615,1739981395157375812,1739981395157947189
21616,1739981395157776684,1739981395158420227
21617,1739981395158170100,1739981395159338762
21618,1739981395158612740,1739981395159913900
21619,1739981395159698593,1739981395160446168
21620,1739981395160156990,1739981395161635791
21621,1739981395160675034,1739981395162047641
21622,1739981395161890050,1739981395162361206
21623,1739981395162253346,1739981395162791885
21624,1739981395162511681,1739981395163785387
21625,1739981395162980139,1739981395164442560
21626,1739981395164137694,1739981395164860854
21627,1739981395164659081,1739981395165195011
21628,1739981395165081493,1739981395165838259
21629,1739981395165401386,1739981395166558408
21630,1739981395166032095,1739981395166892266
21631,1739981395166774599,1739981395167246568
21632,1739981395167089177,1739981395167676202
21633,1739981395167479811,1739981395168068285
21634,1739981395167879066,1739981395169168810
21635,1739981395168210019,1739981395169591917
21636,1739981395169432006,1739981395170134096
21637,1739981395169815631,1739981395170578626
21638,1739981395170320629,1739981395171690411
21639,1739981395170768992,1739981395172092173
21640,1739981395171921687,1739981395172455842
21641,1739981395172280495,1739981395172930437
21642,1739981395172646275,1739981395174084356
21643,1739981395173127797,1739981395174535665
21644,1739981395174329102,1739981395174933060
21645,1739981395174765318,1739981395175863137
21646,1739981395175134778,1739981395176368008
21647,1739981395176137522,1739981395176788504
21648,1739981395176590705,1739981395177635014
21649,1739981395176982100,1739981395178034163
21650,1739981395177768975,1739981395178464766
21651,1739981395178308252,1739981395178908323
21652,1739981395178681240,1739981395179279050
21653,1739981395179135043,1739981395179619798
21654,1739981395179498336,1739981395180303621
21655,1739981395179836125,1739981395181078297
21656,1739981395180513153,1739981395181504068
21657,1739981395181288208,1739981395181989291
21658,1739981395181751290,1739981395182445522
21659,1739981395182208934,1739981395183544148
21660,1739981395182640852,1739981395184083885
21661,1739981395183806222,1739981395184624842
21662,1739981395184311632,1739981395185028495
21663,1739981395184863972,1739981395185800457
21664,1739981395185200410,1739981395186291004
21665,1739981395186153497,1739981395186864559
21666,1739981395186515818,1739981395188168925
21667,1739981395187077124,1739981395188720498
21668,1739981395188421543,1739981395189071178
21669,1739981395188941092,1739981395189776299
21670,1739981395189229571,1739981395190572988
21671,1739981395190072137,1739981395191025801
21672,1739981395190804326,1739981395191920373
21673,1739981395191219919,1739981395192514433
21674,1739981395192273027,1739981395192882671
21675,1739981395192782572,1739981395193194305
21676,1739981395192990978,1739981395194106771
21677,1739981395193394782,1739981395194689171
21678,1739981395194363063,1739981395195132534
21679,1739981395195029266,1739981395195651936
21680,1739981395195298457,1739981395196006571
21681,1739981395195871386,1739981395196418296
21682,1739981395196228394,1739981395197378968
21683,1739981395196674314,1739981395197868626
21684,1739981395197677124,1739981395198257411
21685,1739981395198168702,1739981395198624606
21686,1739981395198500632,1739981395199518489
21687,1739981395198843337,1739981395200074204
21688,1739981395199879123,1739981395200457126
21689,1739981395200209110,1739981395200903692
21690,1739981395200737072,1739981395201726428
21691,1739981395201096407,1739981395202264955
21692,1739981395202077644,1739981395202665606
21693,1739981395202508929,1739981395202989282
21694,1739981395203158442,1739981395203912665
21695,1739981395203413830,1739981395204714306
21696,1739981395204194648,1739981395205068854
21697,1739981395204926065,1739981395205374005
21698,1739981395205226056,1739981395205722804
21699,1739981395205561261,1739981395206143356
21700,1739981395205891972,1739981395207020868
21701,1739981395206327724,1739981395207629899
21702,1739981395207347165,1739981395208006824
21703,1739981395207866136,1739981395208488880
21704,1739981395208232125,1739981395209377445
21705,1739981395208713572,1739981395209905166
21706,1739981395209712319,1739981395210331386
21707,1739981395210148158,1739981395210695984
21708,1739981395210538964,1739981395211576274
21709,1739981395210872528,1739981395212282402
21710,1739981395211971642,1739981395212683377
21711,1739981395212506096,1739981395213063186
21712,1739981395212931278,1739981395213857618
21713,1739981395213238640,1739981395214532195
21714,1739981395214052152,1739981395214937235
21715,1739981395214761142,1739981395215320983
21716,1739981395215119213,1739981395216071723
21717,1739981395215704941,1739981395216567545
21718,1739981395216462669,1739981395217033732
21719,1739981395216707727,1739981395217345168
21720,1739981395217222494,1739981395217698008
21721,1739981395217583679,1739981395218825618
21722,1739981395217899943,1739981395219218885
21723,1739981395219023412,1739981395219681357
21724,1739981395219436469,1739981395220023044
21725,1739981395219896988,1739981395220364400
21726,1739981395220241963,1739981395220991017
21727,1739981395220608367,1739981395221918929
21728,1739981395221199639,1739981395222469688
21729,1739981395222194004,1739981395222906231
21730,1739981395222724666,1739981395223265402
21731,1739981395223114387,1739981395224201866
21732,1739981395223466202,1739981395224927515
21733,1739981395224645986,1739981395225344584
21734,1739981395225144187,1739981395226128016
21735,1739981395225555715,1739981395226983213
21736,1739981395226481048,1739981395227357255
21737,1739981395227220615,1739981395227686753
21738,1739981395227573626,1739981395228095207
21739,1739981395227873869,1739981395228405872
21740,1739981395228291823,1739981395229242235
21741,1739981395228649885,1739981395229784825
21742,1739981395229672338,1739981395230279754
21743,1739981395229919700,1739981395230633372
21744,1739981395230497913,1739981395231427893
21745,1739981395230851630,1739981395231959586
21746,1739981395231797419,1739981395232334865
21747,1739981395232166476,1739981395232649422
21748,1739981395232575642,1739981395233525043
21749,1739981395232838713,1739981395234202011
21750,1739981395233745474,1739981395234729330
21751,1739981395234408579,1739981395235491665
21752,1739981395234914756,1739981395236391244
21753,1739981395235722852,1739981395236851398
21754,1739981395236656479,1739981395237276289
21755,1739981395237080744,1739981395237733975
21756,1739981395237465561,1739981395238603264
21757,1739981395237920841,1739981395239185700
21758,1739981395238947777,1739981395239591014
21759,1739981395239408745,1739981395240317560
21760,1739981395239804015,1739981395241003052
21761,1739981395240481384,1739981395241489281
21762,1739981395241201993,1739981395241875915
21763,1739981395241684328,1739981395242260364
21764,1739981395242123026,1739981395242598115
21765,1739981395242463048,1739981395243713414
21766,1739981395242956837,1739981395244112321
21767,1739981395243946734,1739981395244616683
21768,1739981395244286673,1739981395244991063
21769,1739981395244847482,1739981395245956805
21770,1739981395245220772,1739981395246488929
21771,1739981395246334916,1739981395246871637
21772,1739981395246727311,1739981395247272246
21773,1739981395247121996,1739981395248141298
21774,1739981395247479406,1739981395248671564
21775,1739981395248504422,1739981395249086956
21776,1739981395248880499,1739981395249965118
21777,1739981395249286691,1739981395250898646
21778,1739981395250198187,1739981395251280976
21779,1739981395251078348,1739981395252127591
21780,1739981395251471629,1739981395252814178
21781,1739981395252328678,1739981395253130137
21782,1739981395253056224,1739981395253573337
21783,1739981395253271464,1739981395253882532
21784,1739981395253751510,1739981395254333268
21785,1739981395254062873,1739981395254656153
21786,1739981395254526053,1739981395255748116
21787,1739981395254848156,1739981395256158281
21788,1739981395255978557,1739981395256619766
21789,1739981395256339769,1739981395257001404
21790,1739981395256813815,1739981395258202530
21791,1739981395257187141,1739981395258651152
21792,1739981395258403173,1739981395259087711
21793,1739981395258864333,1739981395259448225
21794,1739981395259306647,1739981395260320268
21795,1739981395259662458,1739981395260922786
21796,1739981395260661767,1739981395261381732
21797,1739981395261122940,1739981395262544227
21798,1739981395261565776,1739981395263032545
21799,1739981395262802660,1739981395263388719
21800,1739981395263201865,1739981395264375445
21801,1739981395263591484,1739981395265087285
21802,1739981395264620052,1739981395265515821
21803,1739981395265318459,1739981395266287421
21804,1739981395265691011,1739981395267052667
21805,1739981395266442667,1739981395267406831
21806,1739981395267232940,1739981395267758224
21807,1739981395267626920,1739981395268244846
21808,1739981395267982351,1739981395268587969
21809,1739981395268429867,1739981395269199857
21810,1739981395268796042,1739981395270111334
21811,1739981395269424562,1739981395270532733
21812,1739981395270349618,1739981395270951034
21813,1739981395270755130,1739981395271322834
21814,1739981395271236834,1739981395272212340
21815,1739981395271566924,1739981395272786910
21816,1739981395272448054,1739981395273305769
21817,1739981395273130041,1739981395273683851
21818,1739981395273529172,1739981395274017187
21819,1739981395273863763,1739981395274549758
21820,1739981395274324653,1739981395275475758
21821,1739981395274773889,1739981395276377996
21822,1739981395276146295,1739981395276912218
21823,1739981395276625402,1739981395277373141
21824,1739981395277110279,1739981395278491182
21825,1739981395277568463,1739981395278959624
21826,1739981395278773313,1739981395279449934
21827,1739981395279215389,1739981395279838608
21828,1739981395279677353,1739981395280710369
21829,1739981395280214485,1739981395281281430
21830,1739981395281035848,1739981395281633841
21831,1739981395281484564,1739981395282023940
21832,1739981395281916117,1739981395283011750
21833,1739981395282222993,1739981395283526423
21834,1739981395283374998,1739981395283865744
21835,1739981395283719127,1739981395284448691
21836,1739981395284077109,1739981395284810979
21837,1739981395284648125,1739981395285619352
21838,1739981395284982745,1739981395286367864
21839,1739981395285811695,1739981395286734606
21840,1739981395286563358,1739981395287154103
21841,1739981395286980030,1739981395287542163
21842,1739981395287370209,1739981395287890411
21843,1739981395287748581,1739981395288771280
21844,1739981395288081378,1739981395289404869
21845,1739981395288946836,1739981395289865422
21846,1739981395289669086,1739981395290793350
21847,1739981395290045365,1739981395291394366
21848,1739981395290985450,1739981395291837047
21849,1739981395291666189,1739981395292810286
21850,1739981395292063468,1739981395293672573
21851,1739981395293431589,1739981395294080622
21852,1739981395293901307,1739981395294465304
21853,1739981395294281770,1739981395295390012
21854,1739981395294652408,1739981395295875959
21855,1739981395295729042,1739981395296351502
21856,1739981395296100363,1739981395296701922
21857,1739981395296606971,1739981395297521631
21858,1739981395296921306,1739981395298080249
21859,1739981395297864810,1739981395298479875
21860,1739981395298318217,1739981395298894381
21861,1739981395298700847,1739981395299776194
21862,1739981395299098472,1739981395300448539
21863,1739981395300189596,1739981395300866347
21864,1739981395300678588,1739981395301358988
21865,1739981395301110858,1739981395302056666
21866,1739981395301560798,1739981395302797291
21867,1739981395302261480,1739981395303214696
21868,1739981395303052583,1739981395303695627
21869,1739981395303481151,1739981395304054693
21870,1739981395303873480,1739981395304488016
21871,1739981395304221007,1739981395305504212
21872,1739981395304670160,1739981395306044524
21873,1739981395305843720,1739981395306457898
21874,1739981395306234041,1739981395306861281
21875,1739981395306635358,1739981395307556239
21876,1739981395307036390,1739981395308154060
21877,1739981395307773607,1739981395308579026
21878,1739981395308399934,1739981395308899858
21879,1739981395308754025,1739981395309216592
21880,1739981395309098105,1739981395309669727
21881,1739981395309395758,1739981395310342556
21882,1739981395309870264,1739981395311177437
21883,1739981395310583232,1739981395311551689
21884,1739981395311433833,1739981395311911860
21885,1739981395311790406,1739981395312333200
21886,1739981395312152176,1739981395313136472
21887,1739981395312528490,1739981395313858470
21888,1739981395313289932,1739981395314506486
21889,1739981395314102583,1739981395314915141
21890,1739981395314729371,1739981395315265518
21891,1739981395315098538,1739981395315763601
21892,1739981395315462196,1739981395316536363
21893,1739981395316139935,1739981395317063420
21894,1739981395316891822,1739981395317437973
21895,1739981395317245345,1739981395318303430
21896,1739981395317666486,1739981395318815296
21897,1739981395318690438,1739981395319238055
21898,1739981395319072756,1739981395319560371
21899,1739981395319423141,1739981395320358844
21900,1739981395319758502,1739981395321078556
21901,1739981395320687146,1739981395321519853
21902,1739981395321294250,1739981395321944333
21903,1739981395321762307,1739981395322420337
21904,1739981395322157031,1739981395323282618
21905,1739981395322651409,1739981395323785283
21906,1739981395323598146,1739981395324145179
21907,1739981395323998936,1739981395324659856
21908,1739981395324411611,1739981395325087176
21909,1739981395324862516,1739981395326248462
21910,1739981395325309860,1739981395326776359
21911,1739981395326488692,1739981395327175754
21912,1739981395326970017,1739981395327817528
21913,1739981395327368525,1739981395328494004
21914,1739981395328045487,1739981395328958437
21915,1739981395328819749,1739981395329324748
21916,1739981395329232485,1739981395329782747
21917,1739981395329522338,1739981395330160084
21918,1739981395330030826,1739981395330959180
21919,1739981395330345711,1739981395331638711
21920,1739981395331462874,1739981395332081686
21921,1739981395331869370,1739981395332420541
21922,1739981395332310982,1739981395333343279
21923,1739981395332617206,1739981395333813932
21924,1739981395333498224,1739981395334409318
21925,1739981395334171696,1739981395334766461
21926,1739981395334613830,1739981395335138790
21927,1739981395334982787,1739981395335598612
21928,1739981395335318928,1739981395336419863
21929,1739981395335789629,1739981395336887261
21930,1739981395336569209,1739981395337468361
21931,1739981395337138588,1739981395337832316
21932,1739981395337653801,1739981395338227740
21933,1739981395338035855,1739981395339288757
21934,1739981395338625993,1739981395339640728
21935,1739981395339485186,1739981395339937752
21936,1739981395339847227,1739981395340348699
21937,1739981395340123588,1739981395340714878
21938,1739981395340566199,1739981395341540406
21939,1739981395340970281,1739981395342332680
21940,1739981395341733392,1739981395342758321
21941,1739981395342603984,1739981395343217588
21942,1739981395342960394,1739981395343588209
21943,1739981395343419740,1739981395344654761
21944,1739981395343763658,1739981395345209146
21945,1739981395344830372,1739981395345752363
21946,1739981395345451262,1739981395346907298
21947,1739981395345954509,1739981395347320485
21948,1739981395347151245,1739981395347686789
21949,1739981395347509418,1739981395348019751
21950,1739981395347870040,1739981395349133816
21951,1739981395348235997,1739981395349634768
21952,1739981395349404405,1739981395350073069
21953,1739981395349850787,1739981395350508468
21954,1739981395350297225,1739981395351761202
21955,1739981395350834055,1739981395352167855
21956,1739981395351995673,1739981395352558246
21957,1739981395352382408,1739981395353321093
21958,1739981395352792774,1739981395353929247
21959,1739981395353565483,1739981395354410709
21960,1739981395354161159,1739981395354830061
21961,1739981395354621594,1739981395355154164
21962,1739981395355039531,1739981395355462197
21963,1739981395355355391,1739981395356623491
21964,1739981395355830953,1739981395357033821
21965,1739981395356918079,1739981395357480493
21966,1739981395357259852,1739981395357841262
21967,1739981395357711275,1739981395358961570
21968,1739981395358049514,1739981395359319893
21969,1739981395359155943,1739981395359677149
21970,1739981395359505694,1739981395360064317
21971,1739981395359877493,1739981395360841350
21972,1739981395360195802,1739981395361528380
21973,1739981395361005782,1739981395362026178
21974,1739981395361791358,1739981395362436443
21975,1739981395362250181,1739981395363349143
21976,1739981395362682428,1739981395363903835
21977,1739981395363750864,1739981395364361791
21978,1739981395364103164,1739981395364753840
21979,1739981395364692402,1739981395365317055
21980,1739981395365097809,1739981395366027660
21981,1739981395365524986,1739981395366805922
21982,1739981395366251127,1739981395367288489
21983,1739981395366997741,1739981395367662165
21984,1739981395367478312,1739981395368030882
21985,1739981395367860053,1739981395368614502
21986,1739981395368202647,1739981395369601015
21987,1739981395368826840,1739981395369998537
21988,1739981395369831002,1739981395370424954
21989,1739981395370181702,1739981395370925824
21990,1739981395370628683,1739981395371891118
21991,1739981395371142470,1739981395372404216
21992,1739981395372276439,1739981395372771115
21993,1739981395372620266,1739981395373541599
21994,1739981395372960036,1739981395374466353
21995,1739981395373689531,1739981395374881746
21996,1739981395374722484,1739981395375302928
21997,1739981395375089610,1739981395376298602
21998,1739981395375493828,1739981395376889468
21999,1739981395376678604,1739981395377307357
22000,1739981395377104832,1739981395378193644
22001,1739981395377534438,1739981395378702004
22002,1739981395378395224,1739981395379233908
22003,1739981395379029975,1739981395379674800
22004,1739981395379475393,1739981395380063428
22005,1739981395379891982,1739981395380641171
22006,1739981395380228340,1739981395381613876
22007,1739981395380787438,1739981395381994783
22008,1739981395381891612,1739981395382508113
22009,1739981395382135737,1739981395382879321
22010,1739981395382749226,1739981395383990848
22011,1739981395383142342,1739981395384510236
22012,1739981395384263457,1739981395384868504
22013,1739981395384716358,1739981395385244286
22014,1739981395385036914,1739981395386067896
22015,1739981395385447926,1739981395386744479
22016,1739981395386232296,1739981395387227496
22017,1739981395386981358,1739981395387744918
22018,1739981395387470543,1739981395388265873
22019,1739981395387975197,1739981395389047441
22020,1739981395388500305,1739981395389820634
22021,1739981395389281075,1739981395390293199
22022,1739981395390078723,1739981395390701953
22023,1739981395390540081,1739981395391051710
22024,1739981395390932364,1739981395392184780
22025,1739981395391222480,1739981395392537704
22026,1739981395392435071,1739981395392910726
22027,1739981395392674221,1739981395393318367
22028,1739981395393086545,1739981395393659236
22029,1739981395393492459,1739981395394573252
22030,1739981395393847282,1739981395395385618
22031,1739981395394814831,1739981395395801681
22032,1739981395395669231,1739981395396234297
22033,1739981395396039267,1739981395396614989
22034,1739981395396435632,1739981395397461342
22035,1739981395396805174,1739981395398001553
22036,1739981395397814439,1739981395398419499
22037,1739981395398244321,1739981395398854560
22038,1739981395398666012,1739981395399652706
22039,1739981395399051921,1739981395400464621
22040,1739981395399947652,1739981395400924203
22041,1739981395400703112,1739981395401333695
22042,1739981395401146470,1739981395402203592
22043,1739981395401524861,1739981395402906794
22044,1739981395402576905,1739981395403470541
22045,1739981395403234352,1739981395403873974
22046,1739981395403670710,1739981395404334163
22047,1739981395404124508,1739981395404680865
22048,1739981395404526660,1739981395405629195
22049,1739981395404849835,1739981395406100059
22050,1739981395405965746,1739981395406489080
22051,1739981395406331785,1739981395406874207
22052,1739981395406696028,1739981395407603410
22053,1739981395407056304,1739981395408318056
22054,1739981395407825928,1739981395408770870
22055,1739981395408561682,1739981395409119582
22056,1739981395408958426,1739981395409455038
22057,1739981395409309192,1739981395410357903
22058,1739981395409635157,1739981395411111398
22059,1739981395410559432,1739981395411597870
22060,1739981395411360825,1739981395412054165
22061,1739981395411807430,1739981395412422869
22062,1739981395412229800,1739981395413284612
22063,1739981395412650382,1739981395413917257
22064,1739981395413646771,1739981395414439141
22065,1739981395414141193,1739981395414844346
22066,1739981395414651681,1739981395415672675
22067,1739981395415021463,1739981395416395998
22068,1739981395415906434,1739981395416748780
22069,1739981395416609281,1739981395417208077
22070,1739981395416954740,1739981395417528885
22071,1739981395417406876,1739981395417818233
22072,1739981395417706971,1739981395418601174
22073,1739981395417999757,1739981395419496843
22074,1739981395418855031,1739981395419900533
22075,1739981395419706529,1739981395420387635
22076,1739981395420084490,1739981395420745209
22077,1739981395420578158,1739981395421620774
22078,1739981395420938277,1739981395422250084
22079,1739981395421855113,1739981395422631450
22080,1739981395422516303,1739981395423027013
22081,1739981395422830622,1739981395424045734
22082,1739981395423219105,1739981395424753508
22083,1739981395424207771,1739981395425183064
22084,1739981395424995502,1739981395425628739
22085,1739981395425406729,1739981395426663049
22086,1739981395425838773,1739981395427096477
22087,1739981395426921851,1739981395427529920
22088,1739981395427296005,1739981395427973376
22089,1739981395427722925,1739981395428903351
22090,1739981395428207419,1739981395429483364
22091,1739981395429305167,1739981395429880155
22092,1739981395429722607,1739981395430263124
22093,1739981395430094051,1739981395431097400
22094,1739981395430456204,1739981395431855286
22095,1739981395431368637,1739981395432243677
22096,1739981395432080091,1739981395432767118
22097,1739981395432493925,1739981395433226886
22098,1739981395433003028,1739981395433991926
22099,1739981395433433922,1739981395434682933
22100,1739981395434209030,1739981395435134897
22101,1739981395434988973,1739981395435582219
22102,1739981395435375002,1739981395436066642
22103,1739981395435794365,1739981395437012756
22104,1739981395436235348,1739981395437566458
22105,1739981395437432043,1739981395438123796
22106,1739981395437808408,1739981395438812674
22107,1739981395438313142,1739981395439621402
22108,1739981395439042799,1739981395440078703
22109,1739981395439888902,1739981395440451800
22110,1739981395440302538,1739981395440806716
22111,1739981395440705808,1739981395441784519
22112,1739981395441026972,1739981395442429115
22113,1739981395442065375,1739981395442808157
22114,1739981395442671225,1739981395443315242
22115,1739981395443032398,1739981395443660030
22116,1739981395443548260,1739981395444748770
22117,1739981395443860810,1739981395445249079
22118,1739981395445020020,1739981395445731205
22119,1739981395445498900,1739981395446469521
22120,1739981395445918259,1739981395447262845
22121,1739981395446717400,1739981395447692580
22122,1739981395447493581,1739981395448125217
22123,1739981395447882722,1739981395448489806
22124,1739981395448350537,1739981395449300374
22125,1739981395448670681,1739981395450136983
22126,1739981395449459009,1739981395450540680
22127,1739981395450356828,1739981395450997867
22128,1739981395450767449,1739981395451358364
22129,1739981395451234217,1739981395451695565
22130,1739981395451594818,1739981395452397245
22131,1739981395451917021,1739981395453111421
22132,1739981395452620844,1739981395453473441
22133,1739981395453354854,1739981395453798934
22134,1739981395453708768,1739981395454184328
22135,1739981395453959564,1739981395454621423
22136,1739981395454440090,1739981395454948415
22137,1739981395454831723,1739981395455756515
22138,1739981395455376995,1739981395456270179
22139,1739981395455966755,1739981395456690967
22140,1739981395456484860,1739981395457073082
22141,1739981395456908168,1739981395458052150
22142,1739981395457218487,1739981395458624044
22143,1739981395458413603,1739981395459024320
22144,1739981395458876988,1739981395459404160
22145,1739981395459232455,1739981395460622837
22146,1739981395459631310,1739981395461032585
22147,1739981395460853370,1739981395461440266
22148,1739981395461274901,1739981395461850169
22149,1739981395461636815,1739981395462683783
22150,1739981395462022694,1739981395463162822
22151,1739981395463032251,1739981395463627205
22152,1739981395463388725,1739981395463975334
22153,1739981395463818056,1739981395464410071
22154,1739981395464176396,1739981395464708205
22155,1739981395464647456,1739981395465540583
22156,1739981395464903924,1739981395466047578
22157,1739981395465858690,1739981395466442377
22158,1739981395466263032,1739981395466854151
22159,1739981395466667890,1739981395467748493
22160,1739981395467045506,1739981395468467177
22161,1739981395467892752,1739981395468810200
22162,1739981395468667695,1739981395469142314
22163,1739981395469006044,1739981395469476893
22164,1739981395469323857,1739981395469915236
22165,1739981395469659146,1739981395470919712
22166,1739981395470194189,1739981395471375735
22167,1739981395471167316,1739981395471836621
22168,1739981395471557699,1739981395472222668
22169,1739981395472047827,1739981395473070842
22170,1739981395472392121,1739981395473573687
22171,1739981395473430490,1739981395473890598
22172,1739981395473812990,1739981395474326073
22173,1739981395473997545,1739981395474739434
22174,1739981395474511634,1739981395475370004
22175,1739981395474936207,1739981395476228452
22176,1739981395475542027,1739981395476660620
22177,1739981395476440211,1739981395477004272
22178,1739981395476895515,1739981395477388242
22179,1739981395477191573,1739981395478210027
22180,1739981395477588217,1739981395478962129
22181,1739981395478363107,1739981395479349027
22182,1739981395479168530,1739981395479740534
22183,1739981395479561494,1739981395480076703
22184,1739981395479944558,1739981395480428038
22185,1739981395480302122,1739981395481554632
22186,1739981395480628662,1739981395482129542
22187,1739981395481842104,1739981395482554175
22188,1739981395482374854,1739981395483246169
22189,1739981395482780378,1739981395484227171
22190,1739981395483497299,1739981395484648617
22191,1739981395484503028,1739981395485051112
22192,1739981395484857119,1739981395485410800
22193,1739981395485213102,1739981395486048032
22194,1739981395485601167,1739981395486812503
22195,1739981395486294998,1739981395487254035
22196,1739981395487078309,1739981395487593760
22197,1739981395487465744,1739981395487945315
22198,1739981395487782728,1739981395488977963
22199,1739981395488130633,1739981395489466716
22200,1739981395489337090,1739981395489894830
22201,1739981395489689959,1739981395490687315
22202,1739981395490108290,1739981395491335856
22203,1739981395491064573,1739981395491839793
22204,1739981395491558966,1739981395492274331
22205,1739981395492113034,1739981395493241865
22206,1739981395492493140,1739981395493779544
22207,1739981395493637980,1739981395494325920
22208,1739981395494007562,1739981395494747386
22209,1739981395494545330,1739981395495545665
22210,1739981395494974208,1739981395496398557
22211,1739981395495845311,1739981395496820085
22212,1739981395496658764,1739981395497216856
22213,1739981395497061562,1739981395497577669
22214,1739981395497440379,1739981395498258184
22215,1739981395497784275,1739981395499057916
22216,1739981395498517919,1739981395499424957
22217,1739981395499213192,1739981395499728529
22218,1739981395499609531,1739981395500063083
22219,1739981395499922107,1739981395500865732
22220,1739981395500250265,1739981395501630492
22221,1739981395501033677,1739981395502017014
22222,1739981395501864102,1739981395502436900
22223,1739981395502255761,1739981395502842812
22224,1739981395502660352,1739981395503217586
22225,1739981395503094374,1739981395503909446
22226,1739981395503565358,1739981395504693606
22227,1739981395504141734,1739981395505199056
22228,1739981395504937648,1739981395505555791
22229,1739981395505406576,1739981395505938601
22230,1739981395505736552,1739981395507038369
22231,1739981395506111107,1739981395507408840
22232,1739981395507210280,1739981395507801641
22233,1739981395507613563,1739981395508400305
22234,1739981395508006672,1739981395508925206
22235,1739981395508597704,1739981395509428823
22236,1739981395509273752,1739981395509886095
22237,1739981395509631001,1739981395510233240
22238,1739981395510087484,1739981395510588705
22239,1739981395510431617,1739981395511686457
22240,1739981395510815211,1739981395512025324
22241,1739981395511900690,1739981395512403571
22242,1739981395512211403,1739981395512755697
22243,1739981395512623928,1739981395513621434
22244,1739981395513027828,1739981395514108570
22245,1739981395513976926,1739981395514644634
22246,1739981395514328466,1739981395515006511
22247,1739981395514881812,1739981395515790260
22248,1739981395515206229,1739981395516511367
22249,1739981395516038706,1739981395516892925
22250,1739981395516740843,1739981395517255688
22251,1739981395517103043,1739981395518431790
22252,1739981395517456105,1739981395518844981
22253,1739981395518676243,1739981395519212719
22254,1739981395519067143,1739981395519566900
22255,1739981395519436989,1739981395520316831
22256,1739981395519768609,1739981395520743022
22257,1739981395520552054,1739981395521352792
22258,1739981395521079916,1739981395521728356
22259,1739981395521581238,1739981395522057308
22260,1739981395521934554,1739981395522350048
22261,1739981395522216509,1739981395523530933
22262,1739981395522546283,1739981395523919025
22263,1739981395523774229,1739981395524471094
22264,1739981395524104870,1739981395524860257
22265,1739981395524656627,1739981395525187614
22266,1739981395525087893,1739981395525973322
22267,1739981395525383766,1739981395526688555
22268,1739981395526138032,1739981395527201440
22269,1739981395526932902,1739981395527547179
22270,1739981395527397552,1739981395527888518
22271,1739981395527733330,1739981395529052750
22272,1739981395528083702,1739981395529481201
22273,1739981395529315926,1739981395529836234
22274,1739981395529712214,1739981395530244479
22275,1739981395530197637,1739981395531184928
22276,1739981395530472907,1739981395531608873
22277,1739981395531500153,1739981395532058080
22278,1739981395531810743,1739981395532383055
22279,1739981395532213348,1739981395532719325
22280,1739981395532563782,1739981395533822122
22281,1739981395533114102,1739981395534275227
22282,1739981395534059037,1739981395534750799
22283,1739981395534516031,1739981395535107344
22284,1739981395534995919,1739981395535683386
22285,1739981395535317769,1739981395536292634
22286,1739981395535874489,1739981395536731774
22287,1739981395536606846,1739981395537185207
22288,1739981395536961417,1739981395537626554
22289,1739981395537399324,1739981395538413424
22290,1739981395537823769,1739981395539109292
22291,1739981395538682509,1739981395539632771
22292,1739981395539334938,1739981395540293304
22293,1739981395539861504,1739981395541109009
22294,1739981395540460396,1739981395541541229
22295,1739981395541336796,1739981395541851710
22296,1739981395541738882,1739981395542164017
22297,1739981395542025546,1739981395543255262
22298,1739981395542716696,1739981395543610765
22299,1739981395543454479,1739981395543961611
22300,1739981395543877659,1739981395544566856
22301,1739981395544184557,1739981395544913075
22302,1739981395544786152,1739981395545849319
22303,1739981395545132127,1739981395546399113
22304,1739981395546005449,1739981395546771295
22305,1739981395546628016,1739981395547547151
22306,1739981395546999513,1739981395548091353
22307,1739981395547741039,1739981395548679772
22308,1739981395548396163,1739981395549075912
22309,1739981395548906017,1739981395549410556
22310,1739981395549230675,1739981395550429800
22311,1739981395549598395,1739981395550987679
22312,1739981395550797691,1739981395551380053
22313,1739981395551206128,1739981395551870984
22314,1739981395551569065,1739981395552464808
22315,1739981395552132187,1739981395552959236
22316,1739981395552822700,1739981395553405371
22317,1739981395553152240,1739981395553769356
22318,1739981395553583396,1739981395554616666
22319,1739981395553981623,1739981395555184461
22320,1739981395554844708,1739981395555641733
22321,1739981395555373048,1739981395555955892
22322,1739981395555849833,1739981395556412302
22323,1739981395556131091,1739981395557228171
22324,1739981395556617167,1739981395557782437
22325,1739981395557599731,1739981395558173693
22326,1739981395557993987,1739981395558640360
22327,1739981395558393019,1739981395559326417
22328,1739981395558842342,1739981395559824293
22329,1739981395559545767,1739981395560426707
22330,1739981395560180684,1739981395560818026
22331,1739981395560635699,1739981395561168717
22332,1739981395561002259,1739981395561504209
22333,1739981395561347561,1739981395562301360
22334,1739981395561792416,1739981395562842758
22335,1739981395562583078,1739981395563337622
22336,1739981395563027717,1739981395563714281
22337,1739981395563618803,1739981395564730673
22338,1739981395564134450,1739981395565390233
22339,1739981395564974549,1739981395565770671
22340,1739981395565611258,1739981395566167144
22341,1739981395565965747,1739981395566864113
22342,1739981395566353147,1739981395567632643
22343,1739981395567065837,1739981395568083650
22344,1739981395567919141,1739981395568457454
22345,1739981395568313667,1739981395568918659
22346,1739981395568676137,1739981395569673945
22347,1739981395569163674,1739981395570579631
22348,1739981395569840067,1739981395571139307
22349,1739981395570780734,1739981395571553752
22350,1739981395571341972,1739981395572296413
22351,1739981395571759004,1739981395573149328
22352,1739981395572586322,1739981395573507877
22353,1739981395573413205,1739981395573829987
22354,1739981395573655075,1739981395574349219
22355,1739981395574067800,1739981395574705508
22356,1739981395574565294,1739981395575445669
22357,1739981395574915119,1739981395575916193
22358,1739981395575671508,1739981395576531852
22359,1739981395576218235,1739981395576952670
22360,1739981395576770631,1739981395577445842
22361,1739981395577189246,1739981395578287647
22362,1739981395577644705,1739981395578799631
22363,1739981395578509771,1739981395579327901
22364,1739981395579131965,1739981395579750648
22365,1739981395579547047,1739981395580264621
22366,1739981395579947725,1739981395581147322
22367,1739981395580459801,1739981395581647023
22368,1739981395581444700,1739981395582041360
22369,1739981395581849299,1739981395583159198
22370,1739981395582214312,1739981395583623993
22371,1739981395583436876,1739981395583996949
22372,1739981395583846175,1739981395584481823
22373,1739981395584287030,1739981395585089461
22374,1739981395584653901,1739981395585857505
22375,1739981395585282190,1739981395586322667
22376,1739981395586077979,1739981395586658001
22377,1739981395586572544,1739981395587019758
22378,1739981395586799179,1739981395588057680
22379,1739981395587263909,1739981395588540563
22380,1739981395588398664,1739981395588990261
22381,1739981395588730432,1739981395589411470
22382,1739981395589204177,1739981395590229784
22383,1739981395589663084,1739981395590821740
22384,1739981395590446092,1739981395591172093
22385,1739981395591022371,1739981395591825446
22386,1739981395591402798,1739981395592686915
22387,1739981395592029707,1739981395593126968
22388,1739981395592943136,1739981395593489224
22389,1739981395593365691,1739981395593982818
22390,1739981395593692263,1739981395594456673
22391,1739981395594182985,1739981395595308982
22392,1739981395594714627,1739981395595825058
22393,1739981395595692337,1739981395596145476
22394,1739981395596023254,1739981395596468542
22395,1739981395596266199,1739981395597438814
22396,1739981395596675646,1739981395597836013
22397,1739981395597738209,1739981395598221892
22398,1739981395597967253,1739981395598727425
22399,1739981395598426964,1739981395599563198
22400,1739981395598925366,1739981395600248933
22401,1739981395599790032,1739981395600595921
22402,1739981395600489817,1739981395600963645
22403,1739981395600792830,1739981395601326359
22404,1739981395601165890,1739981395602099385
22405,1739981395601522005,1739981395602778835
22406,1739981395602395800,1739981395603296145
22407,1739981395603014544,1739981395603816041
22408,1739981395603543206,1739981395605046134
22409,1739981395604074205,1739981395605504426
22410,1739981395605253042,1739981395606006997
22411,1739981395605766100,1739981395606411055
22412,1739981395606274300,1739981395607523702
22413,1739981395606604962,1739981395608039008
22414,1739981395607824765,1739981395608410630
22415,1739981395608240388,1739981395608804961
22416,1739981395608640555,1739981395609827197
22417,1739981395609007201,1739981395610256780
22418,1739981395610121754,1739981395610582863
22419,1739981395610448284,1739981395610974168
22420,1739981395610779036,1739981395611686618
22421,1739981395611192599,1739981395612356201
22422,1739981395611858249,1739981395612797597
22423,1739981395612579084,1739981395613191799
22424,1739981395613032985,1739981395613605092
22425,1739981395613388160,1739981395614485879
22426,1739981395613800980,1739981395615163577
22427,1739981395614713910,1739981395615555656
22428,1739981395615440717,1739981395615904193
22429,1739981395615783719,1739981395616334496
22430,1739981395616114911,1739981395617173207
22431,1739981395616529592,1739981395617770463
22432,1739981395617408460,1739981395618147533
22433,1739981395617979032,1739981395618901687
22434,1739981395618368506,1739981395619662291
22435,1739981395619155503,1739981395620062484
22436,1739981395619924971,1739981395620512767
22437,1739981395620291414,1739981395620880437
22438,1739981395620726391,1739981395621656366
22439,1739981395621063399,1739981395622256657
22440,1739981395622029835,1739981395622609714
22441,1739981395622512329,1739981395622960133
22442,1739981395622755298,1739981395623853004
22443,1739981395623152553,1739981395624632878
22444,1739981395624074900,1739981395625033176
22445,1739981395624819581,1739981395625407796
22446,1739981395625196006,1739981395626259164
22447,1739981395625592928,1739981395626903538
22448,1739981395626421445,1739981395627300506
22449,1739981395627127847,1739981395627656859
22450,1739981395627511194,1739981395628105804
22451,1739981395627848090,1739981395628573449
22452,1739981395628312949,1739981395629690221
22453,1739981395628966535,1739981395630131277
22454,1739981395629908610,1739981395630539270
22455,1739981395630383081,1739981395630930875
22456,1739981395630748876,1739981395632039360
22457,1739981395631397817,1739981395632403330
22458,1739981395632254472,1739981395632842946
22459,1739981395632616189,1739981395633603782
22460,1739981395633081307,1739981395634372784
22461,1739981395633840479,1739981395634715190
22462,1739981395634638074,1739981395635149226
22463,1739981395634831219,1739981395635504721
22464,1739981395635356942,1739981395636136901
22465,1739981395635675425,1739981395636925231
22466,1739981395636339642,1739981395637489333
22467,1739981395637182955,1739981395637887511
22468,1739981395637714622,1739981395638352077
22469,1739981395638147197,1739981395639210196
22470,1739981395638561099,1739981395639987287
22471,1739981395639380173,1739981395640354129
22472,1739981395640175105,1739981395640742929
22473,1739981395640555201,1739981395641115186
22474,1739981395640948329,1739981395641585029
22475,1739981395641353689,1739981395642629624
22476,1739981395641929642,1739981395643034890
22477,1739981395642884148,1739981395643462758
22478,1739981395643278050,1739981395644735239
22479,1739981395643708168,1739981395645215164
22480,1739981395644969036,1739981395645632262
22481,1739981395645448382,1739981395646535545
22482,1739981395645842722,1739981395647002247
22483,1739981395646835860,1739981395647357628
22484,1739981395647248351,1739981395647803647
22485,1739981395647492835,1739981395648132354
22486,1739981395648005926,1739981395649043290
22487,1739981395648324543,1739981395649525380
22488,1739981395649398395,1739981395650004265
22489,1739981395649731286,1739981395650433894
22490,1739981395650217895,1739981395651297035
22491,1739981395650647824,1739981395651848338
22492,1739981395651579133,1739981395652312999
22493,1739981395652049825,1739981395652699802
22494,1739981395652497058,1739981395653722467
22495,1739981395652898042,1739981395654446839
22496,1739981395654120383,1739981395654859306
22497,1739981395654740799,1739981395655344069
22498,1739981395655078405,1739981395656310941
22499,1739981395655570267,1739981395656831474
22500,1739981395656467977,1739981395657365481
22501,1739981395657166406,1739981395657681614
22502,1739981395657561817,1739981395657969831
22503,1739981395657875868,1739981395658347867
22504,1739981395658080448,1739981395659066210
22505,1739981395658594505,1739981395659708114
22506,1739981395659326763,1739981395660208394
22507,1739981395659921877,1739981395660534767
22508,1739981395660392656,1739981395661152491
22509,1739981395660705917,1739981395661981444
22510,1739981395661435207,1739981395662426272
22511,1739981395662249948,1739981395662768944
22512,1739981395662628870,1739981395663271514
22513,1739981395662953839,1739981395664369773
22514,1739981395663475073,1739981395664785544
22515,1739981395664630821,1739981395665168618
22516,1739981395665041731,1739981395665930995
22517,1739981395665376951,1739981395666756315
22518,1739981395666124622,1739981395667189179
22519,1739981395666967412,1739981395667635612
22520,1739981395667436400,1739981395668468828
22521,1739981395667872585,1739981395669168222
22522,1739981395668707531,1739981395669633256
22523,1739981395669399001,1739981395669996384
22524,1739981395669862376,1739981395670347818
22525,1739981395670225721,1739981395670751777
22526,1739981395670556580,1739981395671300295
22527,1739981395670945658,1739981395672027945
22528,1739981395671534342,1739981395672403176
22529,1739981395672278075,1739981395672845855
22530,1739981395672614155,1739981395673228910
22531,1739981395673052963,1739981395674045401
22532,1739981395673435475,1739981395674960522
22533,1739981395674427290,1739981395675353958
22534,1739981395675200903,1739981395675715410
22535,1739981395675582820,1739981395676105301
22536,1739981395675915846,1739981395677094534
22537,1739981395676312239,1739981395677461744
22538,1739981395677334940,1739981395677861959
22539,1739981395677667017,1739981395678300920
22540,1739981395678050381,1739981395679219279
22541,1739981395678500607,1739981395679754870
22542,1739981395679551632,1739981395680163132
22543,1739981395680000370,1739981395680467209
22544,1739981395680371937,1739981395681142952
22545,1739981395680740951,1739981395681821702
22546,1739981395681550349,1739981395682164237
22547,1739981395682017647,1739981395682519950
22548,1739981395682344387,1739981395683467775
22549,1739981395682713705,1739981395684068897
22550,1739981395683810586,1739981395684638195
22551,1739981395684295818,1739981395685009694
22552,1739981395684828357,1739981395685981629
22553,1739981395685190325,1739981395686642980
22554,1739981395686265478,1739981395687040540
22555,1739981395686876633,1739981395687395031
22556,1739981395687270159,1739981395688483495
22557,1739981395687576424,1739981395688887799
22558,1739981395688697023,1739981395689295620
22559,1739981395689066300,1739981395690151533
22560,1739981395689503931,1739981395690809937
22561,1739981395690429854,1739981395691373509
22562,1739981395691047206,1739981395692151085
22563,1739981395691580883,1739981395693015142
22564,1739981395692384081,1739981395693462639
22565,1739981395693232613,1739981395693867768
22566,1739981395693666593,1739981395694312233
22567,1739981395694053790,1739981395694745297
22568,1739981395694487005,1739981395695559140
22569,1739981395694938928,1739981395696006858
22570,1739981395695935108,1739981395696524133
22571,1739981395696199121,1739981395697114429
22572,1739981395696705409,1739981395697950294
22573,1739981395697415823,1739981395698364906
22574,1739981395698219691,1739981395698795720
22575,1739981395698574856,1739981395699148892
22576,1739981395699041613,1739981395700108799
22577,1739981395699373626,1739981395700674166
22578,1739981395700447086,1739981395701148225
22579,1739981395700917467,1739981395702035696
22580,1739981395701390150,1739981395702578668
22581,1739981395702384370,1739981395703012335
22582,1739981395702825992,1739981395703488384
22583,1739981395703215574,1739981395704551215
22584,1739981395703850490,1739981395704997283
22585,1739981395704836304,1739981395705541305
22586,1739981395705264831,1739981395706432917
22587,1739981395705780740,1739981395707106126
22588,1739981395706591055,1739981395707532056
22589,1739981395707342524,1739981395707868163
22590,1739981395707739076,1739981395708191527
22591,1739981395708057983,1739981395708587565
22592,1739981395708377889,1739981395709446531
22593,1739981395708768684,1739981395709961335
22594,1739981395709817267,1739981395710316905
22595,1739981395710226248,1739981395710757416
22596,1739981395710452522,1739981395711606662
22597,1739981395710969905,1739981395712248140
22598,1739981395711852007,1739981395712700031
22599,1739981395712462076,1739981395713128273
22600,1739981395712895393,1739981395714449257
22601,1739981395713305891,1739981395714984980
22602,1739981395714713789,1739981395715346566
22603,1739981395715237244,1739981395715755473
22604,1739981395715595593,1739981395716645851
22605,1739981395716007048,1739981395717291703
22606,1739981395717030603,1739981395717770365
22607,1739981395717527180,1739981395718685411
22608,1739981395718016559,1739981395719427434
22609,1739981395718922650,1739981395719825508
22610,1739981395719699880,1739981395720502708
22611,1739981395720084061,1739981395721439761
22612,1739981395720724567,1739981395721786928
22613,1739981395721667048,1739981395722087767
22614,1739981395721897356,1739981395722556316
22615,1739981395722302281,1739981395722909604
22616,1739981395722766451,1739981395723539085
22617,1739981395723110143,1739981395724282714
22618,1739981395723794931,1739981395724750051
22619,1739981395724534278,1739981395725092783
22620,1739981395724966018,1739981395725508556
22621,1739981395725285738,1739981395726329288
22622,1739981395725717967,1739981395726989363
22623,1739981395726504552,1739981395727338599
22624,1739981395727216429,1739981395727647099
22625,1739981395727519741,1739981395728325881
22626,1739981395727837189,1739981395729212861
22627,1739981395728557981,1739981395729721787
22628,1739981395729448237,1739981395730109761
22629,1739981395729902805,1739981395730966971
22630,1739981395730313096,1739981395731812055
22631,1739981395731193969,1739981395732243621
22632,1739981395732053787,1739981395732653182
22633,1739981395732493519,1739981395733465890
22634,1739981395732838967,1739981395733943502
22635,1739981395733783694,1739981395734386819
22636,1739981395734164988,1739981395734797761
22637,1739981395734599580,1739981395735183800
22638,1739981395735022963,1739981395736005617
22639,1739981395735367104,1739981395736830990
22640,1739981395736172699,1739981395737235334
22641,1739981395737058235,1739981395737638256
22642,1739981395737430753,1739981395737956275
22643,1739981395737841259,1739981395738764365
22644,1739981395738129213,1739981395739604022
22645,1739981395738948417,1739981395740087387
22646,1739981395739842115,1739981395740453422
22647,1739981395740309121,1739981395740775689
22648,1739981395740653313,1739981395741893578
22649,1739981395741101776,1739981395742378456
22650,1739981395742173339,1739981395742820768
22651,1739981395742650085,1739981395743677379
22652,1739981395743028118,1739981395744608680
22653,1739981395743861276,1739981395745067011
22654,1739981395744845797,1739981395745380329
22655,1739981395745223527,1739981395745801494
22656,1739981395745596824,1739981395746428046
22657,1739981395746044687,1739981395747068594
22658,1739981395746736147,1739981395747527642
22659,1739981395747299101,1739981395747900157
22660,1739981395747727872,1739981395748208582
22661,1739981395748079666,1739981395749112340
22662,1739981395748384584,1739981395749599282
22663,1739981395749436761,1739981395750119887
22664,1739981395749827854,1739981395750511667
22665,1739981395750316854,1739981395751433804
22666,1739981395750726252,1739981395752221697
22667,1739981395752028022,1739981395752633350
22668,1739981395752451111,1739981395753031429
22669,1739981395752843123,1739981395753735758
22670,1739981395753206970,1739981395754678913
22671,1739981395753910789,1739981395755124594
22672,1739981395754919056,1739981395755538727
22673,1739981395755338155,1739981395756526438
22674,1739981395755755059,1739981395757270442
22675,1739981395756666692,1739981395757659730
22676,1739981395757464832,1739981395758045063
22677,1739981395757842133,1739981395758363543
22678,1739981395758288432,1739981395758711654
22679,1739981395758597842,1739981395759518486
22680,1739981395758912913,1739981395760023992
22681,1739981395759844984,1739981395760407879
22682,1739981395760242186,1739981395760774000
22683,1739981395760637264,1739981395761898776
22684,1739981395760977814,1739981395762291721
22685,1739981395762181796,1739981395762697355
22686,1739981395762497166,1739981395763019326
22687,1739981395762905679,1739981395763706252
22688,1739981395763204906,1739981395764525605
22689,1739981395763966452,1739981395765044481
22690,1739981395764760393,1739981395765393605
22691,1739981395765208126,1739981395765732289
22692,1739981395765583288,1739981395766847651
22693,1739981395765909734,1739981395767220146
22694,1739981395767064992,1739981395767620447
22695,1739981395767421384,1739981395768298599
22696,1739981395767846536,1739981395769025347
22697,1739981395768577055,1739981395769381038
22698,1739981395769240463,1739981395769798676
22699,1739981395769615926,1739981395770165519
22700,1739981395770021547,1739981395770476555
22701,1739981395770363961,1739981395771134718
22702,1739981395770658786,1739981395771914314
22703,1739981395771458215,1739981395772372212
22704,1739981395772145427,1739981395773369207
22705,1739981395772552029,1739981395774308488
22706,1739981395773533398,1739981395774809571
22707,1739981395774526945,1739981395775353748
22708,1739981395775024297,1739981395775871099
22709,1739981395775541555,1739981395776830420
22710,1739981395776048112,1739981395777326762
22711,1739981395777195463,1739981395777720324
22712,1739981395777539272,1739981395778446693
22713,1739981395777981368,1739981395779328868
22714,1739981395778738010,1739981395779703166
22715,1739981395779554506,1739981395780242858
22716,1739981395779924260,1739981395781027898
22717,1739981395780436193,1739981395781876864
22718,1739981395781213908,1739981395782292916
22719,1739981395782081339,1739981395782643551
22720,1739981395782486107,1739981395783529954
22721,1739981395782849116,1739981395784153491
22722,1739981395783883813,1739981395784553164
22723,1739981395784418068,1739981395784916594
22724,1739981395784771566,1739981395785238288
22725,1739981395785142256,1739981395786373775
22726,1739981395785609102,1739981395786750798
22727,1739981395786643538,1739981395787221083
22728,1739981395786905802,1739981395787584431
22729,1739981395787444489,1739981395788390346
22730,1739981395787798173,1739981395788843318
22731,1739981395788546537,1739981395789316109
22732,1739981395789178962,1739981395789718445
22733,1739981395789528216,1739981395790177926
22734,1739981395789926531,1739981395790599020
22735,1739981395790401251,1739981395791727550
22736,1739981395790790526,1739981395792145421
22737,1739981395791990779,1739981395792575417
22738,1739981395792370459,1739981395793072799
22739,1739981395792748901,1739981395794278651
22740,1739981395793245882,1739981395794717179
22741,1739981395794513133,1739981395795119918
22742,1739981395794932659,1739981395795468101
22743,1739981395795368682,1739981395796133365
22744,1739981395795653352,1739981395796906833
22745,1739981395796387367,1739981395797310959
22746,1739981395797153404,1739981395797688319
22747,1739981395797557640,1739981395798175683
22748,1739981395797944909,1739981395799001898
22749,1739981395798400375,1739981395799639125
22750,1739981395799357262,1739981395800022015
22751,1739981395799847873,1739981395800489091
22752,1739981395800221922,1739981395801374018
22753,1739981395800688762,1739981395802079756
22754,1739981395801663869,1739981395802491342
22755,1739981395802287651,1739981395802871027
22756,1739981395802690090,1739981395803348617
22757,1739981395803079432,1739981395804575864
22758,1739981395803525814,1739981395805101196
22759,1739981395804844279,1739981395805668655
22760,1739981395805344150,1739981395806983510
22761,1739981395805897528,1739981395807471116
22762,1739981395807252939,1739981395807828078
22763,1739981395807673821,1739981395809033229
22764,1739981395808015651,1739981395809473686
22765,1739981395809211802,1739981395809897280
22766,1739981395809713374,1739981395810813463
22767,1739981395810103265,1739981395811287926
22768,1739981395811197912,1739981395811635764
22769,1739981395811509211,1739981395812084495
22770,1739981395811837013,1739981395812402552
22771,1739981395812319215,1739981395813297763
22772,1739981395812608247,1739981395813971274
22773,1739981395813650803,1739981395814499178
22774,1739981395814166536,1739981395814974957
22775,1739981395814726036,1739981395815380655
22776,1739981395815208440,1739981395816240112
22777,1739981395815586613,1739981395816749433
22778,1739981395816596801,1739981395817101570
22779,1739981395816974206,1739981395817474163
22780,1739981395817328285,1739981395818450140
22781,1739981395817665214,1739981395819034512
22782,1739981395818641802,1739981395819418347
22783,1739981395819286294,1739981395819854090
22784,1739981395819613728,1739981395820741553
22785,1739981395820056086,1739981395821279090
22786,1739981395821094539,1739981395821649444
22787,1739981395821535550,1739981395822371213
22788,1739981395821875196,1739981395822974234
22789,1739981395822576005,1739981395823435636
22790,1739981395823237963,1739981395823728276
22791,1739981395823657256,1739981395824055856
22792,1739981395823951267,1739981395824640294
22793,1739981395824225222,1739981395825097624
22794,1739981395824871193,1739981395826078440
22795,1739981395825291620,1739981395826497439
22796,1739981395826373165,1739981395826977220
22797,1739981395826728891,1739981395827382660
22798,1739981395827188018,1739981395828160599
22799,1739981395827578176,1739981395828605657
22800,1739981395828369723,1739981395829179455
22801,1739981395828984549,1739981395829633406
22802,1739981395829359700,1739981395830075405
22803,1739981395829837562,1739981395830783971
22804,1739981395830266106,1739981395831519335
22805,1739981395830990971,1739981395832053872
22806,1739981395831751313,1739981395832445075
22807,1739981395832205709,1739981395833331065
22808,1739981395832620219,1739981395834295547
22809,1739981395833575126,1739981395834637212
22810,1739981395834490871,1739981395834940628
22811,1739981395834834166,1739981395835410634
22812,1739981395835134881,1739981395836151595
22813,1739981395835589545,1739981395836891003
22814,1739981395836447139,1739981395837255347
22815,1739981395837072261,1739981395837692117
22816,1739981395837479145,1739981395838063672
22817,1739981395837896565,1739981395838972592
22818,1739981395838212742,1739981395839494093
22819,1739981395839334497,1739981395839881236
22820,1739981395839698225,1739981395840208824
22821,1739981395840084998,1739981395841167800
22822,1739981395840403544,1739981395841676647
22823,1739981395841505215,1739981395842068529
22824,1739981395841934861,1739981395842754564
22825,1739981395842222394,1739981395843536777
22826,1739981395842943058,1739981395843965432
22827,1739981395843782028,1739981395844430547
22828,1739981395844179117,1739981395844780753
22829,1739981395844684753,1739981395845099688
22830,1739981395845017579,1739981395845577093
22831,1739981395845346784,1739981395846232620
22832,1739981395845889666,1739981395846735028
22833,1739981395846610679,1739981395847254015
22834,1739981395846968869,1739981395847610646
22835,1739981395847482545,1739981395848516674
22836,1739981395847810099,1739981395849075293
22837,1739981395848911763,1739981395849562655
22838,1739981395849302319,1739981395850101489
22839,1739981395849814539,1739981395851368536
22840,1739981395850303949,1739981395851740056
22841,1739981395851593340,1739981395852095153
22842,1739981395851958011,1739981395852464268
22843,1739981395852292032,1739981395853622148
22844,1739981395852674025,1739981395854082689
22845,1739981395853895850,1739981395854629620
22846,1739981395854199664,1739981395855040834
22847,1739981395854825836,1739981395856191346
22848,1739981395855220603,1739981395856714593
22849,1739981395856396636,1739981395857162040
22850,1739981395856947430,1739981395858064230
22851,1739981395857338671,1739981395858605287
22852,1739981395858368803,1739981395858915475
22853,1739981395858792810,1739981395859288762
22854,1739981395859149120,1739981395860384540
22855,1739981395859479408,1739981395860725877
22856,1739981395860654039,1739981395861085593
22857,1739981395860908962,1739981395861506990
22858,1739981395861279607,1739981395862226856
22859,1739981395861709649,1739981395862955560
22860,1739981395862369916,1739981395863345079
22861,1739981395863154133,1739981395863744558
22862,1739981395863566705,1739981395864094321
22863,1739981395863925623,1739981395864524400
22864,1739981395864327853,1739981395865373155
22865,1739981395864719229,1739981395865923996
22866,1739981395865595823,1739981395866431448
22867,1739981395866218512,1739981395866819901
22868,1739981395866629258,1739981395867158604
22869,1739981395867020985,1739981395868329186
22870,1739981395867339149,1739981395868764091
22871,1739981395868555256,1739981395869143000
22872,1739981395868957588,1739981395870003904
22873,1739981395869365825,1739981395870462735
22874,1739981395870388599,1739981395870823336
22875,1739981395870616938,1739981395871244170
22876,1739981395871013054,1739981395871540710
22877,1739981395871429963,1739981395872375942
22878,1739981395871708783,1739981395872893222
22879,1739981395872688894,1739981395873352142
22880,1739981395873132675,1739981395873709219
22881,1739981395873545630,1739981395874843965
22882,1739981395873899595,1739981395875207121
22883,1739981395875069980,1739981395875540394
22884,1739981395875417983,1739981395876276172
22885,1739981395875787478,1739981395877078635
22886,1739981395876573511,1739981395877498749
22887,1739981395877333913,1739981395877845626
22888,1739981395877687934,1739981395878751087
22889,1739981395878014684,1739981395879446525
22890,1739981395878937838,1739981395879856946
22891,1739981395879671580,1739981395880211567
22892,1739981395880069116,1739981395880536461
22893,1739981395880391400,1739981395881092363
22894,1739981395880719805,1739981395881946946
22895,1739981395881295475,1739981395882307395
22896,1739981395882165178,1739981395882647966
22897,1739981395882509614,1739981395883029413
22898,1739981395882843106,1739981395883933348
22899,1739981395883269135,1739981395884514789
22900,1739981395884307937,1739981395885016823
22901,1739981395884782843,1739981395885492164
22902,1739981395885270532,1739981395886385027
22903,1739981395885686428,1739981395886864742
22904,1739981395886673334,1739981395887306377
22905,1739981395887059136,1739981395888073520
22906,1739981395887498872,1739981395888927503
22907,1739981395888365505,1739981395889397568
22908,1739981395889201319,1739981395889752067
22909,1739981395889617646,1739981395890473084
22910,1739981395889948239,1739981395891329658
22911,1739981395890719031,1739981395891757197
22912,1739981395891597160,1739981395892678919
22913,1739981395891982368,1739981395893280534
22914,1739981395892984107,1739981395893690350
22915,1739981395893527187,1739981395894029560
22916,1739981395893932331,1739981395895151726
22917,1739981395894229060,1739981395895606284
22918,1739981395895490493,1739981395895984895
22919,1739981395895863303,1739981395896335079
22920,1739981395896202413,1739981395897313998
22921,1739981395896534216,1739981395897925024
22922,1739981395897683782,1739981395898346614
22923,1739981395898158160,1739981395898758812
22924,1739981395898542267,1739981395899673980
22925,1739981395898948387,1739981395900320393
22926,1739981395900046970,1739981395900803163
22927,1739981395900529182,1739981395901548850
22928,1739981395900994753,1739981395902328174
22929,1739981395901771479,1739981395902684582
22930,1739981395902547828,1739981395903134584
22931,1739981395902947515,1739981395904163331
22932,1739981395903328993,1739981395904963291
22933,1739981395904353727,1739981395905357579
22934,1739981395905196441,1739981395905782614
22935,1739981395905599058,1739981395906244781
22936,1739981395906030686,1739981395907216367
22937,1739981395906435092,1739981395907753548
22938,1739981395907581828,1739981395908190427
22939,1739981395908014912,1739981395908529769
22940,1739981395908394987,1739981395909421696
22941,1739981395908799140,1739981395910054596
22942,1739981395909826231,1739981395910411569
22943,1739981395910292473,1739981395910725381
22944,1739981395910640402,1739981395911458137
22945,1739981395910902894,1739981395912225085
22946,1739981395911698125,1739981395912608161
22947,1739981395912455351,1739981395913022947
22948,1739981395912811863,1739981395913711022
22949,1739981395913240713,1739981395914683970
22950,1739981395913928414,1739981395915054132
22951,1739981395914921475,1739981395915415438
22952,1739981395915212213,1739981395915768064
22953,1739981395915600109,1739981395916526549
22954,1739981395915954224,1739981395917359440
22955,1739981395916836769,1739981395917730693
22956,1739981395917565586,1739981395918094974
22957,1739981395917925544,1739981395918530528
22958,1739981395918276093,1739981395919475083
22959,1739981395918716857,1739981395920038231
22960,1739981395919834298,1739981395920438952
22961,1739981395920237547,1739981395920766587
22962,1739981395920642818,1739981395921499862
22963,1739981395920953525,1739981395922112149
22964,1739981395921807138,1739981395922476513
22965,1739981395922325288,1739981395922807748
22966,1739981395922693149,1739981395923902249
22967,1739981395922988529,1739981395924340942
22968,1739981395924168005,1739981395924797168
22969,1739981395924626553,1739981395925232804
22970,1739981395925030765,1739981395925733487
22971,1739981395925416754,1739981395926507070
22972,1739981395926016547,1739981395927083149
22973,1739981395926864793,1739981395927491559
22974,1739981395927318499,1739981395927872133
22975,1739981395927698154,1739981395928874997
22976,1739981395928066040,1739981395929335632
22977,1739981395929154700,1739981395929755756
22978,1739981395929546833,1739981395930577121
22979,1739981395929986175,1739981395931331648
22980,1739981395930775155,1739981395931701980
22981,1739981395931549450,1739981395932092611
22982,1739981395931884900,1739981395932500860
22983,1739981395932269157,1739981395933357153
22984,1739981395932713890,1739981395933862022
22985,1739981395933736731,1739981395934417820
22986,1739981395934069909,1739981395934731973
22987,1739981395934661361,1739981395935088962
22988,1739981395934863635,1739981395935812531
22989,1739981395935279430,1739981395936566755
22990,1739981395935984729,1739981395936928854
22991,1739981395936786524,1739981395937411045
22992,1739981395937138816,1739981395938104050
22993,1739981395937604614,1739981395938816661
22994,1739981395938266512,1739981395939156194
22995,1739981395939036284,1739981395939594477
22996,1739981395939359758,1739981395939949442
22997,1739981395939829464,1739981395940859954
22998,1739981395940130029,1739981395941509587
22999,1739981395941231830,1739981395941899581
23000,1739981395941736668,1739981395942286756
23001,1739981395942084297,1739981395943232184
23002,1739981395942459784,1739981395943681554
23003,1739981395943623839,1739981395944006258
23004,1739981395943863942,1739981395944614334
23005,1739981395944201812,1739981395944957490
23006,1739981395944887308,1739981395945695202
23007,1739981395945122293,1739981395946379456
23008,1739981395945908399,1739981395946843094
23009,1739981395946597578,1739981395947178450
23010,1739981395947051155,1739981395947623123
23011,1739981395947312177,1739981395948412122
23012,1739981395947798682,1739981395948896959
23013,1739981395948628652,1739981395949402120
23014,1739981395949221693,1739981395949806677
23015,1739981395949620877,1739981395950328884
23016,1739981395950023456,1739981395951074574
23017,1739981395950509962,1739981395951983436
23018,1739981395951413937,1739981395952530298
23019,1739981395952211769,1739981395953086228
23020,1739981395952735072,1739981395954154631
23021,1739981395953328071,1739981395954650934
23022,1739981395954439435,1739981395955188158
23023,1739981395954878958,1739981395955908351
23024,1739981395955405042,1739981395956823125
23025,1739981395956190220,1739981395957334692
23026,1739981395957039611,1739981395957674491
23027,1739981395957587169,1739981395958556675
23028,1739981395957802667,1739981395959190218
23029,1739981395958855641,1739981395959541165
23030,1739981395959405131,1739981395959894283
23031,1739981395959770010,1739981395960764425
23032,1739981395960094798,1739981395961645520
23033,1739981395961006502,1739981395962030320
23034,1739981395961889332,1739981395962502069
23035,1739981395962239950,1739981395962956203
23036,1739981395962716979,1739981395963899725
23037,1739981395963172753,1739981395964888152
23038,1739981395964143965,1739981395965399484
23039,1739981395965130972,1739981395965843894
23040,1739981395965634469,1739981395966241739
23041,1739981395966075633,1739981395967026856
23042,1739981395966414859,1739981395967869970
23043,1739981395967233985,1739981395968321994
23044,1739981395968079545,1739981395968738996
23045,1739981395968533791,1739981395969216328
23046,1739981395968978529,1739981395970112474
23047,1739981395969408592,1739981395970678186
23048,1739981395970518592,1739981395971104194
23049,1739981395970907458,1739981395971443122
23050,1739981395971306007,1739981395972215474
23051,1739981395971795840,1739981395972790714
23052,1739981395972524732,1739981395973119961
23053,1739981395972975526,1739981395973466662
23054,1739981395973304980,1739981395974412360
23055,1739981395973675605,1739981395975156584
23056,1739981395974581265,1739981395975519682
23057,1739981395975391746,1739981395975937492
23058,1739981395975629344,1739981395976270299
23059,1739981395976189440,1739981395976578034
23060,1739981395976391484,1739981395977424371
23061,1739981395976905215,1739981395978024474
23062,1739981395977760140,1739981395978525159
23063,1739981395978243262,1739981395978923392
23064,1739981395978723749,1739981395979869516
23065,1739981395979113717,1739981395980419044
23066,1739981395980134888,1739981395980763590
23067,1739981395980617499,1739981395981545752
23068,1739981395980957834,1739981395982376233
23069,1739981395981816058,1739981395982730001
23070,1739981395982629557,1739981395983090929
23071,1739981395983006241,1739981395983485875
23072,1739981395983223998,1739981395984386080
23073,1739981395983678312,1739981395985006590
23074,1739981395984633130,1739981395985359140
23075,1739981395985257335,1739981395985920960
23076,1739981395985535488,1739981395986329145
23077,1739981395986175971,1739981395987445417
23078,1739981395986510720,1739981395987841403
23079,1739981395987738126,1739981395988205078
23080,1739981395988059773,1739981395988593109
23081,1739981395988439283,1739981395989562845
23082,1739981395988803861,1739981395990057651
23083,1739981395989893708,1739981395990410868
23084,1739981395990240376,1739981395991661599
23085,1739981395990651483,1739981395992030774
23086,1739981395991872713,1739981395992383356
23087,1739981395992211283,1739981395992801739
23088,1739981395992587924,1739981395993648752
23089,1739981395993031999,1739981395994351722
23090,1739981395993887913,1739981395994850041
23091,1739981395994581894,1739981395995173472
23092,1739981395995024545,1739981395995523150
23093,1739981395995352689,1739981395996411236
23094,1739981395995724740,1739981395997015127
23095,1739981395996626959,1739981395997394475
23096,1739981395997246100,1739981395997830957
23097,1739981395997640432,1739981395998396829
23098,1739981395998083606,1739981395999294448
23099,1739981395998615475,1739981395999763417
23100,1739981395999565216,1739981396000242578
23101,1739981395999989805,1739981396000716737
23102,1739981396000474945,1739981396001445358
23103,1739981396000923088,1739981396002114850
23104,1739981396001714305,1739981396002555881
23105,1739981396002359859,1739981396003031156
23106,1739981396002756755,1739981396003879245
23107,1739981396003238228,1739981396004669289
23108,1739981396004051765,1739981396005202406
23109,1739981396004924891,1739981396005583232
23110,1739981396005432283,1739981396005937829
23111,1739981396005771692,1739981396006902994
23112,1739981396006134639,1739981396007389608
23113,1739981396007241630,1739981396007740659
23114,1739981396007605567,1739981396008164771
23115,1739981396007946457,1739981396008755360
23116,1739981396008360052,1739981396009268132
23117,1739981396009006897,1739981396009908059
23118,1739981396009609591,1739981396010280045
23119,1739981396010170796,1739981396010722101
23120,1739981396010467740,1739981396011775252
23121,1739981396011161616,1739981396012299945
23122,1739981396012047734,1739981396012691558
23123,1739981396012511461,1739981396013038609
23124,1739981396012868920,1739981396013779513
23125,1739981396013194011,1739981396014568479
23126,1739981396014083492,1739981396015093229
23127,1739981396014820785,1739981396015502062
23128,1739981396015308966,1739981396016194810
23129,1739981396015701688,1739981396017143474
23130,1739981396016472481,1739981396017596321
23131,1739981396017421140,1739981396018006776
23132,1739981396017839845,1739981396018389950
23133,1739981396018242541,1739981396019208866
23134,1739981396018589094,1739981396019640469
23135,1739981396019419252,1739981396020262760
23136,1739981396020008320,1739981396020612786
23137,1739981396020508721,1739981396020951555
23138,1739981396020827971,1739981396021374852
23139,1739981396021176086,1739981396022146752
23140,1739981396021565447,1739981396022840861
23141,1739981396022349844,1739981396023191536
23142,1739981396023049165,1739981396023682874
23143,1739981396023416510,1739981396024058263
23144,1739981396023917374,1739981396024441505
23145,1739981396024303927,1739981396025204240
23146,1739981396024691547,1739981396025927076
23147,1739981396025516904,1739981396026314481
23148,1739981396026155258,1739981396026654373
23149,1739981396026499120,1739981396027475190
23150,1739981396026907289,1739981396027961795
23151,1739981396027657146,1739981396028463150
23152,1739981396028277178,1739981396028848800
23153,1739981396028698707,1739981396029199855
23154,1739981396029075005,1739981396029904828
23155,1739981396029337621,1739981396030643478
23156,1739981396030132707,1739981396031055169
23157,1739981396030894916,1739981396031367963
23158,1739981396031245446,1739981396031715535
23159,1739981396031572254,1739981396032707373
23160,1739981396031925288,1739981396033222618
23161,1739981396033066377,1739981396033683618
23162,1739981396033409302,1739981396034142347
23163,1739981396033921756,1739981396034671591
23164,1739981396034367007,1739981396035792019
23165,1739981396034867320,1739981396036323916
23166,1739981396036036704,1739981396036750925
23167,1739981396036547925,1739981396037447168
23168,1739981396036989369,1739981396038250637
23169,1739981396037688609,1739981396038765286
23170,1739981396038510076,1739981396039217729
23171,1739981396038988571,1739981396040072701
23172,1739981396039404526,1739981396040780266
23173,1739981396040380339,1739981396041324202
23174,1739981396041119116,1739981396041787308
23175,1739981396041555914,1739981396042198253
23176,1739981396041998381,1739981396043055960
23177,1739981396042409107,1739981396043649108
23178,1739981396043213171,1739981396043981511
23179,1739981396043838157,1739981396044421616
23180,1739981396044192764,1739981396044904692
23181,1739981396044617663,1739981396045790194
23182,1739981396045145868,1739981396046341738
23183,1739981396046114110,1739981396046682055
23184,1739981396046561418,1739981396047414767
23185,1739981396046803084,1739981396048238705
23186,1739981396047685308,1739981396048687043
23187,1739981396048496437,1739981396049014672
23188,1739981396048896437,1739981396049309635
23189,1739981396049209696,1739981396050202080
23190,1739981396049518789,1739981396050842264
23191,1739981396050599631,1739981396051234644
23192,1739981396051059288,1739981396051604624
23193,1739981396051475055,1739981396052449479
23194,1739981396051809784,1739981396053229453
23195,1739981396052712271,1739981396053620930
23196,1739981396053448489,1739981396053977803
23197,1739981396053819792,1739981396054422212
23198,1739981396054198954,1739981396055073857
23199,1739981396054628484,1739981396055810740
23200,1739981396055396813,1739981396056168056
23201,1739981396056038715,1739981396056504746
23202,1739981396056365666,1739981396056920613
23203,1739981396056742792,1739981396057802107
23204,1739981396057146276,1739981396058413367
23205,1739981396058173053,1739981396058807045
23206,1739981396058644503,1739981396059212510
23207,1739981396059027178,1739981396059977002
23208,1739981396059427970,1739981396060529344
23209,1739981396060178834,1739981396061093880
23210,1739981396060872560,1739981396061561382
23211,1739981396061325335,1739981396062033148
23212,1739981396061807001,1739981396062825501
23213,1739981396062239160,1739981396063530137
23214,1739981396063005139,1739981396063967053
23215,1739981396063749824,1739981396064433840
23216,1739981396064202542,1739981396064846688
23217,1739981396064681502,1739981396065408786
23218,1739981396065120464,1739981396066292668
23219,1739981396065641740,1739981396066619009
23220,1739981396066525087,1739981396067003796
23221,1739981396066749718,1739981396067355077
23222,1739981396067195982,1739981396068029194
23223,1739981396067543443,1739981396068534094
23224,1739981396068296129,1739981396069193014
23225,1739981396068919284,1739981396069550014
23226,1739981396069390542,1739981396069944848
23227,1739981396069747992,1739981396070848619
23228,1739981396070144202,1739981396071400468
23229,1739981396071183930,1739981396071797294
23230,1739981396071624809,1739981396072126557
23231,1739981396072008768,1739981396073039642
23232,1739981396072325833,1739981396073785686
23233,1739981396073204815,1739981396074230881
23234,1739981396074044377,1739981396074708961
23235,1739981396074411533,1739981396075051047
23236,1739981396074905000,1739981396075905685
23237,1739981396075213943,1739981396076461757
23238,1739981396076268136,1739981396076836769
23239,1739981396076639324,1739981396077176991
23240,1739981396077036100,1739981396078031287
23241,1739981396077567434,1739981396078510645
23242,1739981396078385275,1739981396078821054
23243,1739981396078748747,1739981396079112846
23244,1739981396079009266,1739981396079975211
23245,1739981396079285777,1739981396080621826
23246,1739981396080125993,1739981396081083223
23247,1739981396080811293,1739981396081516337
23248,1739981396081297810,1739981396081934247
23249,1739981396081706030,1739981396082752723
23250,1739981396082136927,1739981396083288380
23251,1739981396083084637,1739981396083676781
23252,1739981396083479259,1739981396084151791
23253,1739981396083863685,1739981396084536557
23254,1739981396084327548,1739981396085391823
23255,1739981396084705492,1739981396086097725
23256,1739981396085571302,1739981396086547427
23257,1739981396086341769,1739981396086975088
23258,1739981396086753619,1739981396087384804
23259,1739981396087188303,1739981396087980098
23260,1739981396087631252,1739981396088576447
23261,1739981396088187335,1739981396089057200
23262,1739981396088814105,1739981396089396869
23263,1739981396089226279,1739981396089731171
23264,1739981396089611858,1739981396090756597
23265,1739981396089921062,1739981396091156571
23266,1739981396091077538,1739981396091572625
23267,1739981396091327942,1739981396091930622
23268,1739981396091769629,1739981396093112288
23269,1739981396092131121,1739981396093536979
23270,1739981396093414363,1739981396094000531
23271,1739981396093758900,1739981396094473689
23272,1739981396094205918,1739981396094899640
23273,1739981396094694556,1739981396095853281
23274,1739981396095498643,1739981396096450053
23275,1739981396096156022,1739981396096799894
23276,1739981396096651958,1739981396097439381
23277,1739981396096993619,1739981396098317064
23278,1739981396097578955,1739981396098720838
23279,1739981396098560517,1739981396099080043
23280,1739981396098945867,1739981396099448064
23281,1739981396099263779,1739981396100297830
23282,1739981396099800799,1739981396100745535
23283,1739981396100584585,1739981396101204661
23284,1739981396100958068,1739981396101534287
23285,1739981396101388438,1739981396102160037
23286,1739981396101722683,1739981396103078696
23287,1739981396102673603,1739981396103607936
23288,1739981396103342787,1739981396104029921
23289,1739981396103839407,1739981396104551186
23290,1739981396104241926,1739981396105152680
23291,1739981396104770266,1739981396106085621
23292,1739981396105536783,1739981396106525014
23293,1739981396106299395,1739981396106878540
23294,1739981396106733772,1739981396107224044
23295,1739981396107048685,1739981396108366342
23296,1739981396107423243,1739981396108828628
23297,1739981396108651049,1739981396109244807
23298,1739981396109023211,1739981396109932539
23299,1739981396109463679,1739981396110912647
23300,1739981396110128473,1739981396111364643
23301,1739981396111134128,1739981396111738307
23302,1739981396111578863,1739981396112184801
23303,1739981396111943380,1739981396112855683
23304,1739981396112366838,1739981396113536396
23305,1739981396113104720,1739981396113979212
23306,1739981396113769989,1739981396114460456
23307,1739981396114171891,1739981396114770540
23308,1739981396114658146,1739981396115100562
23309,1739981396114968838,1739981396116008320
23310,1739981396115284768,1739981396116542417
23311,1739981396116320026,1739981396116956387
23312,1739981396116764669,1739981396117338673
23313,1739981396117188063,1739981396118303405
23314,1739981396117588624,1739981396118885549
23315,1739981396118638532,1739981396119284055
23316,1739981396119077133,1739981396119665508
23317,1739981396119482358,1739981396120478133
23318,1739981396119857023,1739981396121190911
23319,1739981396120642214,1739981396121631730
23320,1739981396121446244,1739981396122063429
23321,1739981396121894967,1739981396122438322
23322,1739981396122188152,1739981396123340998
23323,1739981396122619769,1739981396123904539
23324,1739981396123709137,1739981396124442465
23325,1739981396124109947,1739981396124815283
23326,1739981396124648531,1739981396125321760
23327,1739981396125005005,1739981396126198150
23328,1739981396125578235,1739981396126603664
23329,1739981396126496082,1739981396126942900
23330,1739981396126744629,1739981396127332789
23331,1739981396127191377,1739981396127753185
23332,1739981396127546389,1739981396128885173
23333,1739981396128223653,1739981396129302125
23334,1739981396129084986,1739981396129683415
23335,1739981396129494596,1739981396130045645
23336,1739981396129877684,1739981396130782124
23337,1739981396130206560,1739981396131732211
23338,1739981396131130896,1739981396132133543
23339,1739981396131934814,1739981396132489422
23340,1739981396132329280,1739981396132956801
23341,1739981396132699188,1739981396133779053
23342,1739981396133158918,1739981396134627366
23343,1739981396133993502,1739981396135046840
23344,1739981396134852299,1739981396135388425
23345,1739981396135227083,1739981396135730389
23346,1739981396135630037,1739981396136792772
23347,1739981396136090081,1739981396137192136
23348,1739981396137042969,1739981396137575197
23349,1739981396137408104,1739981396137940709
23350,1739981396137766503,1739981396138443456
23351,1739981396138152041,1739981396139355603
23352,1739981396138628239,1739981396139919381
23353,1739981396139730726,1739981396140248453
23354,1739981396140135398,1739981396140603327
23355,1739981396140456880,1739981396141495026
23356,1739981396140811626,1739981396142218325
23357,1739981396141635023,1739981396142617591
23358,1739981396142481196,1739981396142976621
23359,1739981396142838480,1739981396143413510
23360,1739981396143190079,1739981396144412885
23361,1739981396143601975,1739981396144953547
23362,1739981396144628402,1739981396145381364
23363,1739981396145279627,1739981396145738258
23364,1739981396145606497,1739981396146062734
23365,1739981396145993997,1739981396146564493
23366,1739981396146238210,1739981396147208090
23367,1739981396146788192,1739981396147732587
23368,1739981396147512697,1739981396148094598
23369,1739981396147951100,1739981396148523187
23370,1739981396148293426,1739981396149372327
23371,1739981396148717983,1739981396150147696
23372,1739981396149606354,1739981396150652612
23373,1739981396150366720,1739981396151161260
23374,1739981396150930528,1739981396151514739
23375,1739981396151381675,1739981396152222714
23376,1739981396151712444,1739981396152748816
23377,1739981396152540145,1739981396153400574
23378,1739981396153146347,1739981396153806669
23379,1739981396153637624,1739981396154736552
23380,1739981396153999560,1739981396155594260
23381,1739981396154962830,1739981396156028282
23382,1739981396155824148,1739981396156423482
23383,1739981396156268226,1739981396156771462
23384,1739981396156650006,1739981396157611963
23385,1739981396156963954,1739981396158091713
23386,1739981396157943944,1739981396158516624
23387,1739981396158330018,1739981396158842718
23388,1739981396158740789,1739981396159509751
23389,1739981396159055183,1739981396160072031
23390,1739981396159843339,1739981396160692154
23391,1739981396160439236,1739981396161103937
23392,1739981396160877084,1739981396161512784
23393,1739981396161297591,1739981396162628876
23394,1739981396161719905,1739981396163104880
23395,1739981396162924159,1739981396163482836
23396,1739981396163332941,1739981396163950083
23397,1739981396163765414,1739981396164402258
23398,1739981396164194679,1739981396165274701
23399,1739981396164609800,1739981396165884882
23400,1739981396165625149,1739981396166292935
23401,1739981396166098258,1739981396166716868
23402,1739981396166544650,1739981396167921164
23403,1739981396166924202,1739981396168366994
23404,1739981396168181107,1739981396168799928
23405,1739981396168566365,1739981396169501287
23406,1739981396169031734,1739981396170256999
23407,1739981396169836090,1739981396170603987
23408,1739981396170518676,1739981396171036415
23409,1739981396170828844,1739981396171378745
23410,1739981396171247417,1739981396172189667
23411,1739981396171580735,1739981396172658232
23412,1739981396172537017,1739981396173086567
23413,1739981396172882599,1739981396173861724
23414,1739981396173314133,1739981396174693296
23415,1739981396174138861,1739981396175111982
23416,1739981396174898238,1739981396175500974
23417,1739981396175305411,1739981396175842636
23418,1739981396175700664,1739981396176181909
23419,1739981396176018837,1739981396177279202
23420,1739981396176339128,1739981396177614705
23421,1739981396177472927,1739981396178007065
23422,1739981396177799892,1739981396178480814
23423,1739981396178207351,1739981396179340054
23424,1739981396178872498,1739981396179903415
23425,1739981396179673519,1739981396180343930
23426,1739981396180158052,1739981396180727430
23427,1739981396180570967,1739981396181536384
23428,1739981396181046500,1739981396182113048
23429,1739981396181869249,1739981396182500239
23430,1739981396182366766,1739981396182862829
23431,1739981396182715160,1739981396183989110
23432,1739981396183076284,1739981396184448212
23433,1739981396184221086,1739981396184885873
23434,1739981396184635415,1739981396185209952
23435,1739981396185119489,1739981396186063146
23436,1739981396185441174,1739981396186703528
23437,1739981396186303669,1739981396187237893
23438,1739981396186939301,1739981396187792633
23439,1739981396187455748,1739981396188721638
23440,1739981396188051996,1739981396189213692
23441,1739981396189003519,1739981396189610107
23442,1739981396189416183,1739981396190045734
23443,1739981396189792720,1739981396191114703
23444,1739981396190218113,1739981396191738505
23445,1739981396191447181,1739981396192282023
23446,1739981396191958020,1739981396193507746
23447,1739981396192521148,1739981396193990237
23448,1739981396193715895,1739981396194507296
23449,1739981396194194473,1739981396195019266
23450,1739981396194745914,1739981396196050076
23451,1739981396195269528,1739981396196526411
23452,1739981396196348012,1739981396196987547
23453,1739981396196744057,1739981396197352469
23454,1739981396197173147,1739981396198008212
23455,1739981396197685390,1739981396198725262
23456,1739981396198291192,1739981396199139463
23457,1739981396198936909,1739981396199480748
23458,1739981396199347658,1739981396199844071
23459,1739981396199729261,1739981396200612197
23460,1739981396200038285,1739981396201186567
23461,1739981396200823952,1739981396201617506
23462,1739981396201445630,1739981396201949627
23463,1739981396201795344,1739981396202869385
23464,1739981396202115183,1739981396203364077
23465,1739981396203212958,1739981396203774891
23466,1739981396203599359,1739981396204193721
23467,1739981396203967582,1739981396204639612
23468,1739981396204396691,1739981396205713245
23469,1739981396204836191,1739981396206123403
23470,1739981396205971300,1739981396206552141
23471,1739981396206334801,1739981396207526723
23472,1739981396206740664,1739981396208167117
23473,1739981396207806934,1739981396208510322
23474,1739981396208410115,1739981396208862065
23475,1739981396208695948,1739981396209677113
23476,1739981396209040580,1739981396210331563
23477,1739981396209835032,1739981396210765374
23478,1739981396210491733,1739981396211094465
23479,1739981396210953259,1739981396211425526
23480,1739981396211274502,1739981396211768798
23481,1739981396211639550,1739981396212809244
23482,1739981396211967684,1739981396213371939
23483,1739981396213188262,1739981396213841067
23484,1739981396213604415,1739981396214687868
23485,1739981396214040090,1739981396215365829
23486,1739981396214938440,1739981396215749826
23487,1739981396215606432,1739981396216179226
23488,1739981396215961110,1739981396217177067
23489,1739981396216395488,1739981396217718691
23490,1739981396217471648,1739981396218213782
23491,1739981396217978754,1739981396219045659
23492,1739981396218438413,1739981396219583054
23493,1739981396219187847,1739981396220102726
23494,1739981396219776596,1739981396220471116
23495,1739981396220319659,1739981396221334294
23496,1739981396220655358,1739981396222078529
23497,1739981396221555484,1739981396222408408
23498,1739981396222327439,1739981396222720290
23499,1739981396222517579,1739981396223185086
23500,1739981396222911656,1739981396223521042
23501,1739981396223370869,1739981396224093208
23502,1739981396223696079,1739981396224981430
23503,1739981396224267426,1739981396225543800
23504,1739981396225216356,1739981396225930435
23505,1739981396225802144,1739981396226347291
23506,1739981396226166088,1739981396226918515
23507,1739981396226557513,1739981396227580995
23508,1739981396227128608,1739981396228060780
23509,1739981396227883538,1739981396228454308
23510,1739981396228270232,1739981396228902780
23511,1739981396228678537,1739981396229728480
23512,1739981396229096753,1739981396230299745
23513,1739981396230104969,1739981396230785767
23514,1739981396230504503,1739981396231175185
23515,1739981396230985780,1739981396232043462
23516,1739981396231607544,1739981396232607309
23517,1739981396232388874,1739981396232957059
23518,1739981396232825521,1739981396233255947
23519,1739981396233200312,1739981396234181063
23520,1739981396233430407,1739981396234697784
23521,1739981396234462685,1739981396235063583
23522,1739981396234910605,1739981396235556748
23523,1739981396235224276,1739981396236386155
23524,1739981396235739565,1739981396236950741
23525,1739981396236639136,1739981396237353120
23526,1739981396237187076,1739981396237763008
23527,1739981396237576611,1739981396238674365
23528,1739981396237986545,1739981396239358008
23529,1739981396239006849,1739981396239841994
23530,1739981396239619966,1739981396240701698
23531,1739981396240064014,1739981396241421445
23532,1739981396240915744,1739981396241790458
23533,1739981396241632314,1739981396242303510
23534,1739981396241992648,1739981396242685880
23535,1739981396242492843,1739981396243716440
23536,1739981396242861723,1739981396244484613
23537,1739981396244096704,1739981396244950379
23538,1739981396244705713,1739981396245359425
23539,1739981396245164100,1739981396246191987
23540,1739981396245551591,1739981396246801619
23541,1739981396246343050,1739981396247170006
23542,1739981396246998663,1739981396247587525
23543,1739981396247374614,1739981396247937302
23544,1739981396247769876,1739981396248262535
23545,1739981396248133073,1739981396249095171
23546,1739981396248430128,1739981396249648357
23547,1739981396249389193,1739981396250191635
23548,1739981396249961181,1739981396250553879
23549,1739981396250391268,1739981396250872543
23550,1739981396250752045,1739981396251204285
23551,1739981396251068421,1739981396251890130
23552,1739981396251507504,1739981396252589925
23553,1739981396252102716,1739981396253060931
23554,1739981396252800455,1739981396253407596
23555,1739981396253290072,1739981396254039121
23556,1739981396253596575,1739981396254974179
23557,1739981396254260578,1739981396255375411
23558,1739981396255242987,1739981396255760183
23559,1739981396255575755,1739981396256589770
23560,1739981396255967613,1739981396257093187
23561,1739981396256979678,1739981396257451868
23562,1739981396257362959,1739981396257873589
23563,1739981396257684847,1739981396258215916
23564,1739981396258078104,1739981396259089025
23565,1739981396258423219,1739981396259660202
23566,1739981396259433525,1739981396259976194
23567,1739981396259869592,1739981396260337575
23568,1739981396260187206,1739981396261189090
23569,1739981396260541463,1739981396261881347
23570,1739981396261465892,1739981396262248535
23571,1739981396262134292,1739981396262663470
23572,1739981396262485185,1739981396263040410
23573,1739981396262893696,1739981396263573268
23574,1739981396263220534,1739981396264561042
23575,1739981396263977772,1739981396265030318
23576,1739981396264813328,1739981396265425964
23577,1739981396265231316,1739981396265932597
23578,1739981396265634678,1739981396266768815
23579,1739981396266155625,1739981396267321600
23580,1739981396267112548,1739981396267767673
23581,1739981396267545833,1739981396268091763
23582,1739981396267940268,1739981396268753500
23583,1739981396268281151,1739981396269527574
23584,1739981396268916555,1739981396269872454
23585,1739981396269753670,1739981396270199492
23586,1739981396270112013,1739981396270576483
23587,1739981396270412580,1739981396271510214
23588,1739981396270789050,1739981396272066095
23589,1739981396271733321,1739981396272524492
23590,1739981396272304319,1739981396273201963
23591,1739981396272722239,1739981396273833973
23592,1739981396273561606,1739981396274303856
23593,1739981396274151686,1739981396274847073
23594,1739981396274507877,1739981396275259052
23595,1739981396275054018,1739981396276062846
23596,1739981396275432191,1739981396276824065
23597,1739981396276353670,1739981396277303079
23598,1739981396277050683,1739981396278217609
23599,1739981396277546253,1739981396278838464
23600,1739981396278444048,1739981396279463118
23601,1739981396279088143,1739981396279872722
23602,1739981396279646735,1739981396280742445
23603,1739981396280071206,1739981396281417483
23604,1739981396280944456,1739981396281824314
23605,1739981396281705407,1739981396282162977
23606,1739981396282002356,1739981396282536267
23607,1739981396282402106,1739981396282866140
23608,1739981396282736732,1739981396283632941
23609,1739981396283050384,1739981396284313186
23610,1739981396283913632,1739981396284782975
23611,1739981396284512886,1739981396285159412
23612,1739981396285015208,1739981396285567890
23613,1739981396285390741,1739981396286304104
23614,1739981396285748683,1739981396287106162
23615,1739981396286592262,1739981396287507525
23616,1739981396287340288,1739981396287862837
23617,1739981396287699513,1739981396288211847
23618,1739981396288060942,1739981396289174542
23619,1739981396288395403,1739981396289776336
23620,1739981396289520368,1739981396290197408
23621,1739981396290028466,1739981396291009433
23622,1739981396290399675,1739981396291758930
23623,1739981396291251683,1739981396292168550
23624,1739981396291948963,1739981396292961792
23625,1739981396292368193,1739981396293676587
23626,1739981396293276169,1739981396294018852
23627,1739981396293895940,1739981396294446968
23628,1739981396294228470,1739981396294858178
23629,1739981396294646489,1739981396295198123
23630,1739981396295086052,1739981396295987823
23631,1739981396295404415,1739981396296523063
23632,1739981396296373720,1739981396297132083
23633,1739981396296767420,1739981396297782126
23634,1739981396297904122,1739981396299907966
23635,1739981396298567381,1739981396301389648
23636,1739981396301354536,1739981396302304246
23637,1739981396302111571,1739981396302905180
23638,1739981396302867722,1739981396303782354
23639,1739981396303138941,1739981396305222204
23640,1739981396304205427,1739981396305847418
23641,1739981396305538992,1739981396306309864
23642,1739981396306107391,1739981396306713431
23643,1739981396306535381,1739981396307887805
23644,1739981396307128152,1739981396308301394
23645,1739981396308135188,1739981396308656046
23646,1739981396308539037,1739981396309054040
23647,1739981396308861635,1739981396309840992
23648,1739981396309209488,1739981396310284027
23649,1739981396310018282,1739981396310825231
23650,1739981396310613902,1739981396311238653
23651,1739981396311109222,1739981396311566588
23652,1739981396311440228,1739981396311904120
23653,1739981396311811385,1739981396313044057
23654,1739981396312036746,1739981396313428313
23655,1739981396313268829,1739981396313906299
23656,1739981396313688932,1739981396314402652
23657,1739981396314128072,1739981396314840013
23658,1739981396314609864,1739981396315776469
23659,1739981396315013526,1739981396316270948
23660,1739981396316082848,1739981396316656270
23661,1739981396316496204,1739981396317087988
23662,1739981396316853330,1739981396318041851
23663,1739981396317284258,1739981396318689233
23664,1739981396318391978,1739981396319172653
23665,1739981396318913490,1739981396319640920
23666,1739981396319379447,1739981396320592128
23667,1739981396319857032,1739981396321098173
23668,1739981396320944416,1739981396321708098
23669,1739981396321300509,1739981396322403808
23670,1739981396321918923,1739981396323265301
23671,1739981396322649250,1739981396323639938
23672,1739981396323501632,1739981396324030917
23673,1739981396323841464,1739981396324460780
23674,1739981396324220841,1739981396324894930
23675,1739981396324644529,1739981396325478805
23676,1739981396325064620,1739981396326032726
23677,1739981396325653190,1739981396326580702
23678,1739981396326363503,1739981396326989135
23679,1739981396326798311,1739981396327379651
23680,1739981396327249654,1739981396328168042
23681,1739981396327600386,1739981396328869068
23682,1739981396328346908,1739981396329241144
23683,1739981396329077453,1739981396329645181
23684,1739981396329475924,1739981396330005130
23685,1739981396329864013,1739981396330334482
23686,1739981396330206061,1739981396331161659
23687,1739981396330531112,1739981396331757539
23688,1739981396331307195,1739981396332133892
23689,1739981396332003455,1739981396332587771
23690,1739981396332386948,1739981396332978728
23691,1739981396332794717,1739981396333677127
23692,1739981396333315676,1739981396334527582
23693,1739981396333945451,1739981396334932246
23694,1739981396334795221,1739981396335277291
23695,1739981396335182325,1739981396335709930
23696,1739981396335546929,1739981396336015371
23697,1739981396335903641,1739981396336848019
23698,1739981396336203975,1739981396337347068
23699,1739981396337223163,1739981396337880599
23700,1739981396337602425,1739981396338254801
23701,1739981396338108106,1739981396339130657
23702,1739981396338478743,1739981396339842469
23703,1739981396339387505,1739981396340286574
23704,1739981396340069465,1739981396341124063
23705,1739981396340495652,1739981396341836580
23706,1739981396341403180,1739981396342294857
23707,1739981396342052874,1739981396342657737
23708,1739981396342526279,1739981396343013767
23709,1739981396342873768,1739981396343954700
23710,1739981396343248810,1739981396344555836
23711,1739981396344360578,1739981396344965016
23712,1739981396344762026,1739981396345359236
23713,1739981396345156827,1739981396346152865
23714,1739981396345556292,1739981396346635354
23715,1739981396346508138,1739981396347073126
23716,1739981396346834314,1739981396347361482
23717,1739981396347192291,1739981396348023599
23718,1739981396347585066,1739981396348770043
23719,1739981396348246113,1739981396349262028
23720,1739981396349015934,1739981396349593654
23721,1739981396349512210,1739981396350021037
23722,1739981396349779881,1739981396350929295
23723,1739981396350238754,1739981396351522302
23724,1739981396351272480,1739981396351862719
23725,1739981396351768325,1739981396352218348
23726,1739981396352074086,1739981396352947191
23727,1739981396352453444,1739981396353622445
23728,1739981396353092458,1739981396354050813
23729,1739981396353863710,1739981396354500070
23730,1739981396354213992,1739981396355335652
23731,1739981396354711220,1739981396355925838
23732,1739981396355524028,1739981396356442441
23733,1739981396356229795,1739981396356843786
23734,1739981396356690448,1739981396357501582
23735,1739981396357038464,1739981396358218727
23736,1739981396357720994,1739981396358672627
23737,1739981396358463309,1739981396359016007
23738,1739981396358906191,1739981396359338113
23739,1739981396359207051,1739981396360112948
23740,1739981396359536312,1739981396360760325
23741,1739981396360352262,1739981396361220533
23742,1739981396360954921,1739981396361574485
23743,1739981396361387465,1739981396361996156
23744,1739981396361777066,1739981396362857428
23745,1739981396362186333,1739981396363355977
23746,1739981396363197408,1739981396363769587
23747,1739981396363627388,1739981396364271267
23748,1739981396363995428,1739981396364752235
23749,1739981396364473699,1739981396365889930
23750,1739981396364966229,1739981396366305946
23751,1739981396366126684,1739981396366677303
23752,1739981396366560831,1739981396367146947
23753,1739981396366915087,1739981396367962439
23754,1739981396367341038,1739981396368739010
23755,1739981396368184960,1739981396369189329
23756,1739981396368949062,1739981396369541707
23757,1739981396369382334,1739981396369869505
23758,1739981396369742442,1739981396370226251
23759,1739981396370055812,1739981396370734308
23760,1739981396370391486,1739981396371553312
23761,1739981396371015204,1739981396371902074
23762,1739981396371794986,1739981396372404157
23763,1739981396372144087,1739981396372778895
23764,1739981396372637437,1739981396373488149
23765,1739981396372996844,1739981396374087938
23766,1739981396373860911,1739981396374677050
23767,1739981396374434000,1739981396375054080
23768,1739981396374907983,1739981396375405365
23769,1739981396375208474,1739981396375868003
23770,1739981396375609954,1739981396376715936
23771,1739981396376052390,1739981396377241330
23772,1739981396377091395,1739981396377643890
23773,1739981396377455819,1739981396378512820
23774,1739981396377830096,1739981396379024835
23775,1739981396378847370,1739981396379425682
23776,1739981396379247844,1739981396380325466
23777,1739981396379635387,1739981396380827740
23778,1739981396380641190,1739981396381164730
23779,1739981396381042591,1739981396381550766
23780,1739981396381382836,1739981396381972872
23781,1739981396381771691,1739981396382541820
23782,1739981396382235785,1739981396383139496
23783,1739981396382712281,1739981396383655623
23784,1739981396383416045,1739981396384017859
23785,1739981396383902321,1739981396384597921
23786,1739981396384236312,1739981396384948560
23787,1739981396384810650,1739981396385687970
23788,1739981396385156880,1739981396386434991
23789,1739981396386038959,1739981396386914146
23790,1739981396386699404,1739981396387722425
23791,1739981396387138127,1739981396388486938
23792,1739981396387996335,1739981396388979977
23793,1739981396388749320,1739981396390052640
23794,1739981396389197009,1739981396390533158
23795,1739981396390371893,1739981396390978135
23796,1739981396390761334,1739981396391369091
23797,1739981396391206305,1739981396391996030
23798,1739981396391590119,1739981396392851303
23799,1739981396392276901,1739981396393245479
23800,1739981396393079740,1739981396393602783
23801,1739981396393462529,1739981396393929132
23802,1739981396393788659,1739981396394497662
23803,1739981396394136147,1739981396395021639
23804,1739981396394719617,1739981396396008777
23805,1739981396395369843,1739981396396518191
23806,1739981396396250243,1739981396396940231
23807,1739981396396727274,1739981396397294227
23808,1739981396397141239,1739981396398141067
23809,1739981396397473051,1739981396398719920
23810,1739981396398501786,1739981396399177660
23811,1739981396398937621,1739981396400037835
23812,1739981396399378203,1739981396400612758
23813,1739981396400382384,1739981396401006030
23814,1739981396400848364,1739981396401905476
23815,1739981396401212817,1739981396402773937
23816,1739981396402133436,1739981396403197660
23817,1739981396402998161,1739981396403631828
23818,1739981396403442684,1739981396403972328
23819,1739981396403827592,1739981396404422753
23820,1739981396404167678,1739981396405549209
23821,1739981396404606141,1739981396405905124
23822,1739981396405744391,1739981396406260550
23823,1739981396406091224,1739981396406629986
23824,1739981396406490379,1739981396407647761
23825,1739981396406872923,1739981396408158334
23826,1739981396407952372,1739981396408624445
23827,1739981396408380580,1739981396408958797
23828,1739981396408829372,1739981396409694556
23829,1739981396409153341,1739981396410499381
23830,1739981396409972702,1739981396410918714
23831,1739981396410768385,1739981396411329349
23832,1739981396411150483,1739981396411712930
23833,1739981396411527898,1739981396412567242
23834,1739981396412006715,1739981396413206098
23835,1739981396412942494,1739981396413604509
23836,1739981396413431131,1739981396414509138
23837,1739981396413787341,1739981396415216817
23838,1739981396414730403,1739981396415531168
23839,1739981396415467987,1739981396415830922
23840,1739981396415669968,1739981396416280392
23841,1739981396416067907,1739981396416610775
23842,1739981396416479895,1739981396417403682
23843,1739981396416798043,1739981396418282206
23844,1739981396417611500,1739981396418652165
23845,1739981396418573182,1739981396419067577
23846,1739981396418804512,1739981396419455019
23847,1739981396419249776,1739981396420293685
23848,1739981396419704598,1739981396421097465
23849,1739981396420551091,1739981396421516807
23850,1739981396421346511,1739981396421980260
23851,1739981396421741645,1739981396422428276
23852,1739981396422203691,1739981396423544508
23853,1739981396422679028,1739981396424136285
23854,1739981396423896367,1739981396424754088
23855,1739981396424383473,1739981396425129319
23856,1739981396424973458,1739981396426263476
23857,1739981396425360433,1739981396426758145
23858,1739981396426533048,1739981396427146754
23859,1739981396427048247,1739981396428044676
23860,1739981396427409540,1739981396428557177
23861,1739981396428400431,1739981396428948358
23862,1739981396428780308,1739981396429567515
23863,1739981396429175256,1739981396430460191
23864,1739981396429783369,1739981396430845511
23865,1739981396430610491,1739981396431199516
23866,1739981396431032948,1739981396431522480
23867,1739981396431418875,1739981396432473816
23868,1739981396431731055,1739981396433129151
23869,1739981396432660351,1739981396433555419
23870,1739981396433339090,1739981396433951649
23871,1739981396433730713,1739981396434531074
23872,1739981396434180691,1739981396434991613
23873,1739981396434756443,1739981396436174198
23874,1739981396435206301,1739981396436693521
23875,1739981396436439007,1739981396437101837
23876,1739981396436935240,1739981396437448072
23877,1739981396437343981,1739981396438260059
23878,1739981396437761517,1739981396438849801
23879,1739981396438580028,1739981396439276724
23880,1739981396439059999,1739981396440165180
23881,1739981396439461312,1739981396440996328
23882,1739981396440319559,1739981396441397608
23883,1739981396441257731,1739981396441786745
23884,1739981396441613893,1739981396442272579
23885,1739981396442021301,1739981396443286104
23886,1739981396442763307,1739981396443669916
23887,1739981396443473833,1739981396444126159
23888,1739981396443913632,1739981396444517392
23889,1739981396444293256,1739981396444843413
23890,1739981396444702461,1739981396445567080
23891,1739981396445039843,1739981396446309959
23892,1739981396445806937,1739981396446747261
23893,1739981396446512298,1739981396447261072
23894,1739981396447012928,1739981396447670146
23895,1739981396447476270,1739981396448023836
23896,1739981396447849025,1739981396448957336
23897,1739981396448208598,1739981396449476342
23898,1739981396449377358,1739981396449948248
23899,1739981396449624023,1739981396450384656
23900,1739981396450124606,1739981396451666757
23901,1739981396450566902,1739981396452042031
23902,1739981396451880272,1739981396452410940
23903,1739981396452249270,1739981396453422769
23904,1739981396452654023,1739981396453923231
23905,1739981396453778135,1739981396454598390
23906,1739981396454151521,1739981396455036733
23907,1739981396454812974,1739981396455361529
23908,1739981396455205785,1739981396455984971
23909,1739981396455700246,1739981396456692906
23910,1739981396456235910,1739981396457042930
23911,1739981396456925523,1739981396457313508
23912,1739981396457261878,1739981396457655365
23913,1739981396457469053,1739981396458092704
23914,1739981396457895404,1739981396458784685
23915,1739981396458307411,1739981396459544160
23916,1739981396458953625,1739981396459984380
23917,1739981396459760575,1739981396460318474
23918,1739981396460225259,1739981396460933639
23919,1739981396460507587,1739981396461487954
23920,1739981396461153619,1739981396462123430
23921,1739981396461797395,1739981396462509686
23922,1739981396462357930,1739981396462907755
23923,1739981396462711611,1739981396464132394
23924,1739981396463155697,1739981396464511922
23925,1739981396464377429,1739981396464845729
23926,1739981396464707525,1739981396465736632
23927,1739981396465111019,1739981396466218215
23928,1739981396466148164,1739981396466600114
23929,1739981396466368651,1739981396467079043
23930,1739981396466819045,1739981396467548348
23931,1739981396467287465,1739981396468484445
23932,1739981396467789726,1739981396468948785
23933,1739981396468725760,1739981396469286257
23934,1739981396469185237,1739981396469749481
23935,1739981396469481760,1739981396470482709
23936,1739981396469921996,1739981396471365871
23937,1739981396470715845,1739981396471827761
23938,1739981396471586470,1739981396472147511
23939,1739981396472049791,1739981396472520207
23940,1739981396472274676,1739981396473371093
23941,1739981396472710106,1739981396474105670
23942,1739981396473536241,1739981396474565043
23943,1739981396474308954,1739981396474965244
23944,1739981396474764596,1739981396476132751
23945,1739981396475171313,1739981396476580828
23946,1739981396476357163,1739981396476976412
23947,1739981396476772926,1739981396477362507
23948,1739981396477207143,1739981396478408986
23949,1739981396477647187,1739981396478796631
23950,1739981396478658077,1739981396479232441
23951,1739981396478993146,1739981396479528443
23952,1739981396479445948,1739981396479821589
23953,1739981396479717865,1739981396480777516
23954,1739981396480040432,1739981396481240913
23955,1739981396481137002,1739981396481659988
23956,1739981396481476993,1739981396482036668
23957,1739981396481889485,1739981396482805560
23958,1739981396482244852,1739981396483571768
23959,1739981396483017626,1739981396483969819
23960,1739981396483802974,1739981396484441577
23961,1739981396484173910,1739981396484815929
23962,1739981396484624061,1739981396485228991
23963,1739981396485014424,1739981396486171264
23964,1739981396485414334,1739981396486668751
23965,1739981396486482156,1739981396487080253
23966,1739981396486892749,1739981396488001953
23967,1739981396487300720,1739981396488596646
23968,1739981396488337060,1739981396489035334
23969,1739981396488824767,1739981396489393580
23970,1739981396489219574,1739981396489694695
23971,1739981396489601729,1739981396490475248
23972,1739981396489897341,1739981396491242131
23973,1739981396490958995,1739981396491570433
23974,1739981396491438909,1739981396491910869
23975,1739981396491776491,1739981396492348623
23976,1739981396492093707,1739981396493187519
23977,1739981396492537267,1739981396493977618
23978,1739981396493452960,1739981396494457152
23979,1739981396494191377,1739981396494914834
23980,1739981396494672477,1739981396495341526
23981,1739981396495137969,1739981396496218532
23982,1739981396495583036,1739981396496739872
23983,1739981396496385408,1739981396497216640
23984,1739981396497034719,1739981396497727860
23985,1739981396497422623,1739981396498114056
23986,1739981396497919086,1739981396498899287
23987,1739981396498299359,1739981396499559559
23988,1739981396499106498,1739981396499977213
23989,1739981396499780565,1739981396500347892
23990,1739981396500194866,1739981396501219608
23991,1739981396500793840,1739981396501698046
23992,1739981396501622735,1739981396502031441
23993,1739981396501886562,1739981396502441693
23994,1739981396502270871,1739981396503167735
23995,1739981396502662016,1739981396503929500
23996,1739981396503434156,1739981396504451553
23997,1739981396504184121,1739981396504917316
23998,1739981396504694517,1739981396505237349
23999,1739981396505145268,1739981396506101623
24000,1739981396505387773,1739981396506775657
24001,1739981396506268988,1739981396507331229
24002,1739981396507039242,1739981396508573790
24003,1739981396507532506,1739981396509047969
24004,1739981396508843854,1739981396509480244
24005,1739981396509236850,1739981396510336045
24006,1739981396509700802,1739981396511109387
24007,1739981396510649870,1739981396511624513
24008,1739981396511392411,1739981396512494390
24009,1739981396511886428,1739981396513076331
24010,1739981396512718322,1739981396513682239
24011,1739981396513424537,1739981396514101565
24012,1739981396513944643,1739981396514606082
24013,1739981396514311503,1739981396515370839
24014,1739981396514829882,1739981396516093263
24015,1739981396515651382,1739981396516543837
24016,1739981396516350088,1739981396517097459
24017,1739981396516779780,1739981396517411017
24018,1739981396517333403,1739981396517740978
24019,1739981396517634350,1739981396519028734
24020,1739981396517939367,1739981396519404102
24021,1739981396519271999,1739981396519823696
24022,1739981396519618656,1739981396520185431
24023,1739981396520035985,1739981396520991238
24024,1739981396520362940,1739981396521835886
24025,1739981396521302088,1739981396522242529
24026,1739981396522078863,1739981396522621200
24027,1739981396522468740,1739981396523044543
24028,1739981396522833706,1739981396524234139
24029,1739981396523226533,1739981396524648823
24030,1739981396524522554,1739981396525158895
24031,1739981396524864948,1739981396525817672
24032,1739981396525388427,1739981396526702595
24033,1739981396526097064,1739981396527150284
24034,1739981396526940439,1739981396527495272
24035,1739981396527396157,1739981396527852060
24036,1739981396527642652,1739981396528903267
24037,1739981396528035102,1739981396529402648
24038,1739981396529241249,1739981396529740579
24039,1739981396529652983,1739981396530056477
24040,1739981396529966986,1739981396531234048
24041,1739981396530235741,1739981396531637483
24042,1739981396531521687,1739981396532139824
24043,1739981396531888147,1739981396532580235
24044,1739981396532373343,1739981396533570444
24045,1739981396532785249,1739981396534066364
24046,1739981396533895430,1739981396534495722
24047,1739981396534219113,1739981396535002184
24048,1739981396534721073,1739981396535399947
24049,1739981396535186373,1739981396536465855
24050,1739981396535566555,1739981396536938097
24051,1739981396536759160,1739981396537473451
24052,1739981396537184486,1739981396537926961
24053,1739981396537686194,1739981396539065429
24054,1739981396538169074,1739981396539518985
24055,1739981396539216711,1739981396539893624
24056,1739981396539739772,1739981396540304073
24057,1739981396540131514,1739981396541256279
24058,1739981396540498607,1739981396541908182
24059,1739981396541625651,1739981396542304585
24060,1739981396542172577,1739981396543022708
24061,1739981396542522679,1739981396543963895
24062,1739981396543303006,1739981396544801893
24063,1739981396544405695,1739981396545256561
24064,1739981396545043381,1739981396545635585
24065,1739981396545476633,1739981396546345966
24066,1739981396545901280,1739981396547125797
24067,1739981396546593340,1739981396547626099
24068,1739981396547423726,1739981396548169032
24069,1739981396547886124,1739981396548628354
24070,1739981396548379222,1739981396549529231
24071,1739981396548825585,1739981396550251041
24072,1739981396549950114,1739981396550752751
24073,1739981396550479062,1739981396551508660
24074,1739981396551060082,1739981396552218309
24075,1739981396551820690,1739981396552570491
24076,1739981396552487141,1739981396552870799
24077,1739981396552758324,1739981396553754344
24078,1739981396553086059,1739981396554422026
24079,1739981396554133443,1739981396554812440
24080,1739981396554647399,1739981396555275570
24081,1739981396555048191,1739981396555690933
24082,1739981396555524188,1739981396556572365
24083,1739981396555993348,1739981396557194611
24084,1739981396556953558,1739981396557677723
24085,1739981396557456382,1739981396558075947
24086,1739981396557866294,1739981396558896803
24087,1739981396558296234,1739981396559787715
24088,1739981396559166971,1739981396560290901
24089,1739981396560020247,1739981396560795266
24090,1739981396560546984,1739981396561672821
24091,1739981396561054859,1739981396562229901
24092,1739981396561842243,1739981396562835373
24093,1739981396562548551,1739981396563264841
24094,1739981396563074939,1739981396563704929
24095,1739981396563557653,1739981396564995844
24096,1739981396563906326,1739981396565351834
24097,1739981396565296907,1739981396565785832
24098,1739981396565550542,1739981396566251479
24099,1739981396565981555,1739981396566559255
24100,1739981396566454653,1739981396567411759
24101,1739981396566678303,1739981396567925664
24102,1739981396567770354,1739981396568503845
24103,1739981396568148145,1739981396568887692
24104,1739981396568728955,1739981396569818442
24105,1739981396569076626,1739981396570368779
24106,1739981396570178339,1739981396570745039
24107,1739981396570586742,1739981396571177501
24108,1739981396570997993,1739981396571907972
24109,1739981396571413671,1739981396572460136
24110,1739981396572320352,1739981396572887831
24111,1739981396572673002,1739981396573333513
24112,1739981396573079570,1739981396574513496
24113,1739981396573546848,1739981396574954835
24114,1739981396574720493,1739981396575479963
24115,1739981396575232738,1739981396576384732
24116,1739981396575706436,1739981396577034990
24117,1739981396576775704,1739981396577525156
24118,1739981396577233923,1739981396577892511
24119,1739981396577764729,1739981396578720965
24120,1739981396578127106,1739981396579573081
24121,1739981396578892907,1739981396579954588
24122,1739981396579812021,1739981396580300131
24123,1739981396580178379,1739981396580703906
24124,1739981396580499351,1739981396581137350
24125,1739981396580908680,1739981396581789131
24126,1739981396581367360,1739981396582746144
24127,1739981396582045786,1739981396583169294
24128,1739981396583002649,1739981396583670726
24129,1739981396583374715,1739981396584120972
24130,1739981396583871008,1739981396584525595
24131,1739981396584307768,1739981396585662450
24132,1739981396584712464,1739981396586082791
24133,1739981396585904227,1739981396586567486
24134,1739981396586303410,1739981396587601837
24135,1739981396586780010,1739981396588294763
24136,1739981396587948584,1739981396588750759
24137,1739981396588525179,1739981396589515533
24138,1739981396589012901,1739981396590539496
24139,1739981396589718453,1739981396590996356
24140,1739981396590785219,1739981396591437603
24141,1739981396591224347,1739981396591873329
24142,1739981396591631394,1739981396592722583
24143,1739981396592106005,1739981396593257281
24144,1739981396593128341,1739981396593737565
24145,1739981396593521785,1739981396594132100
24146,1739981396593987740,1739981396594854332
24147,1739981396594363334,1739981396595535522
24148,1739981396595152145,1739981396596036385
24149,1739981396595785221,1739981396596373024
24150,1739981396596279055,1739981396596790811
24151,1739981396596580701,1739981396597911795
24152,1739981396597020935,1739981396598456887
24153,1739981396598160386,1739981396598841575
24154,1739981396598726257,1739981396599304704
24155,1739981396599015264,1739981396600269471
24156,1739981396599517478,1739981396600841730
24157,1739981396600621931,1739981396601502303
24158,1739981396601065401,1739981396602394881
24159,1739981396601708609,1739981396603023526
24160,1739981396602839845,1739981396603521517
24161,1739981396603244647,1739981396604717271
24162,1739981396603747411,1739981396605147171
24163,1739981396605015475,1739981396605612604
24164,1739981396605317092,1739981396605983432
24165,1739981396605818170,1739981396606768834
24166,1739981396606177300,1739981396607431419
24167,1739981396607155196,1739981396607835577
24168,1739981396607706170,1739981396608141611
24169,1739981396608036433,1739981396608798179
24170,1739981396608356360,1739981396609703402
24171,1739981396608998894,1739981396610264553
24172,1739981396609965436,1739981396610731446
24173,1739981396610512108,1739981396611155694
24174,1739981396610966486,1739981396611838243
24175,1739981396611394682,1739981396612638595
24176,1739981396612137257,1739981396613124881
24177,1739981396612889796,1739981396613565340
24178,1739981396613345260,1739981396614058281
24179,1739981396613752529,1739981396614485523
24180,1739981396614229608,1739981396615403804
24181,1739981396614711900,1739981396615998055
24182,1739981396615719016,1739981396616427885
24183,1739981396616286367,1739981396617078964
24184,1739981396616642995,1739981396618009756
24185,1739981396617364307,1739981396618421284
24186,1739981396618284232,1739981396618763326
24187,1739981396618665367,1739981396619199460
24188,1739981396618980960,1739981396619595895
24189,1739981396619417819,1739981396620288070
24190,1739981396619798291,1739981396621204893
24191,1739981396620501008,1739981396621610180
24192,1739981396621426019,1739981396621999427
24193,1739981396621858921,1739981396622377449
24194,1739981396622266941,1739981396623330450
24195,1739981396622622670,1739981396623934498
24196,1739981396623670927,1739981396624521185
24197,1739981396624172284,1739981396624863732
24198,1739981396624779816,1739981396625700200
24199,1739981396625005212,1739981396626500237
24200,1739981396625925067,1739981396627071042
24201,1739981396626748997,1739981396627450406
24202,1739981396627281834,1739981396627871327
24203,1739981396627672987,1739981396629089854
24204,1739981396628136806,1739981396629525042
24205,1739981396629356947,1739981396629957620
24206,1739981396629758558,1739981396630455331
24207,1739981396630151073,1739981396631256805
24208,1739981396630664181,1739981396631772704
24209,1739981396631642079,1739981396632232577
24210,1739981396631997156,1739981396632618521
24211,1739981396632465798,1739981396633444002
24212,1739981396632834234,1739981396634062252
24213,1739981396633782332,1739981396634565094
24214,1739981396634250042,1739981396635059101
24215,1739981396634787057,1739981396635883943
24216,1739981396635221075,1739981396636666969
24217,1739981396636125434,1739981396637143826
24218,1739981396636893931,1739981396637524543
24219,1739981396637421622,1739981396638487057
24220,1739981396637759875,1739981396639043922
24221,1739981396638828248,1739981396639527139
24222,1739981396639243728,1739981396640492336
24223,1739981396639760423,1739981396641044727
24224,1739981396640855930,1739981396641464830
24225,1739981396641257950,1739981396642740565
24226,1739981396641718789,1739981396643112138
24227,1739981396642988889,1739981396643471695
24228,1739981396643304887,1739981396643864018
24229,1739981396643682939,1739981396645004332
24230,1739981396644044216,1739981396645403273
24231,1739981396645304067,1739981396645828795
24232,1739981396645617613,1739981396646165719
24233,1739981396646017897,1739981396646495469
24234,1739981396646356535,1739981396646830447
24235,1739981396646705013,1739981396647816154
24236,1739981396647045288,1739981396648343352
24237,1739981396648221025,1739981396648781178
24238,1739981396648488253,1739981396649174499
24239,1739981396649008547,1739981396649576957
24240,1739981396649406670,1739981396650473736
24241,1739981396649778976,1739981396651031416
24242,1739981396650670903,1739981396651546403
24243,1739981396651311747,1739981396651990675
24244,1739981396651739960,1739981396652433632
24245,1739981396652193617,1739981396653322701
24246,1739981396652665026,1739981396653996105
24247,1739981396653480452,1739981396654554322
24248,1739981396654316643,1739981396654912557
24249,1739981396654804460,1739981396655481653
24250,1739981396655035205,1739981396656026075
24251,1739981396655663247,1739981396656573606
24252,1739981396656346721,1739981396657058721
24253,1739981396656774157,1739981396657354230
24254,1739981396657183395,1739981396658004917
24255,1739981396657553455,1739981396658844066
24256,1739981396658215425,1739981396659224695
24257,1739981396659108363,1739981396659687938
24258,1739981396659763134,1739981396660261525
24259,1739981396660039691,1739981396661108278
24260,1739981396660492022,1739981396661869135
24261,1739981396661284166,1739981396662246619
24262,1739981396662084468,1739981396662585514
24263,1739981396662439055,1739981396662993582
24264,1739981396662782615,1739981396663412667
24265,1739981396663187905,1739981396664385228
24266,1739981396663645963,1739981396664896343
24267,1739981396664613262,1739981396665393812
24268,1739981396665074692,1739981396665821207
24269,1739981396665626245,1739981396666225603
24270,1739981396666079910,1739981396667050783
24271,1739981396666431396,1739981396667573277
24272,1739981396667389686,1739981396668068155
24273,1739981396667989953,1739981396668515971
24274,1739981396668205444,1739981396668873615
24275,1739981396668732689,1739981396669174993
24276,1739981396669051088,1739981396669947453
24277,1739981396669378883,1739981396670881738
24278,1739981396670111082,1739981396671261993
24279,1739981396671160188,1739981396671732124
24280,1739981396671516326,1739981396672098773
24281,1739981396671952175,1739981396672894915
24282,1739981396672296129,1739981396673433884
24283,1739981396673064553,1739981396674015127
24284,1739981396673717374,1739981396674581654
24285,1739981396674204319,1739981396675024768
24286,1739981396674838339,1739981396675768308
24287,1739981396675257357,1739981396676607814
24288,1739981396676090296,1739981396677065579
24289,1739981396676843932,1739981396677384917
24290,1739981396677214004,1739981396678271513
24291,1739981396677561312,1739981396678721579
24292,1739981396678642473,1739981396679074336
24293,1739981396678865893,1739981396679481619
24294,1739981396679304888,1739981396680287697
24295,1739981396679680821,1739981396680707106
24296,1739981396680519431,1739981396681273853
24297,1739981396681066797,1739981396681619767
24298,1739981396681497017,1739981396682007424
24299,1739981396681861436,1739981396682823109
24300,1739981396682212548,1739981396683362306
24301,1739981396683155757,1739981396683745724
24302,1739981396683567691,1739981396684429716
24303,1739981396683918950,1739981396685050309
24304,1739981396684604285,1739981396685657280
24305,1739981396685230640,1739981396686060061
24306,1739981396685869469,1739981396686421800
24307,1739981396686197197,1739981396687570111
24308,1739981396686742446,1739981396687995621
24309,1739981396687855866,1739981396688398777
24310,1739981396688300555,1739981396688786567
24311,1739981396688631819,1739981396689625379
24312,1739981396689016584,1739981396690242385
24313,1739981396689800419,1739981396690627403
24314,1739981396690451766,1739981396690930924
24315,1739981396690814445,1739981396691296495
24316,1739981396691183381,1739981396691723734
24317,1739981396691479221,1739981396692560590
24318,1739981396691910720,1739981396693155297
24319,1739981396692929754,1739981396693534299
24320,1739981396693409535,1739981396694170318
24321,1739981396693769058,1739981396695043863
24322,1739981396694424528,1739981396695514786
24323,1739981396695282429,1739981396695925242
24324,1739981396695771125,1739981396696288646
24325,1739981396696132346,1739981396696989000
24326,1739981396696506397,1739981396697821685
24327,1739981396697250583,1739981396698322692
24328,1739981396698026492,1739981396698719152
24329,1739981396698509057,1739981396699437057
24330,1739981396698970925,1739981396700401370
24331,1739981396699634313,1739981396700851214
24332,1739981396700614099,1739981396701272145
24333,1739981396701041814,1739981396702158238
24334,1739981396701472366,1739981396702667028
24335,1739981396702287149,1739981396703010649
24336,1739981396702886640,1739981396703395258
24337,1739981396703225418,1739981396703950121
24338,1739981396703609260,1739981396704754152
24339,1739981396704192334,1739981396705239460
24340,1739981396704990709,1739981396705674187
24341,1739981396705488285,1739981396706096311
24342,1739981396705874336,1739981396706910941
24343,1739981396706298067,1739981396707488887
24344,1739981396707261292,1739981396707908028
24345,1739981396707747959,1739981396708319992
24346,1739981396708171751,1739981396709384503
24347,1739981396708561478,1739981396709795872
24348,1739981396709629643,1739981396710209950
24349,1739981396710026078,1739981396710733271
24350,1739981396710438579,1739981396711623260
24351,1739981396710949467,1739981396712146022
24352,1739981396711971469,1739981396712599853
24353,1739981396712305642,1739981396713361255
24354,1739981396712827844,1739981396714199849
24355,1739981396713607868,1739981396714625700
24356,1739981396714456430,1739981396714958078
24357,1739981396714847828,1739981396715281916
24358,1739981396715194381,1739981396716169558
24359,1739981396715523382,1739981396716692624
24360,1739981396716589859,1739981396717045503
24361,1739981396716864353,1739981396717384597
24362,1739981396717242260,1739981396717877022
24363,1739981396717590444,1739981396718829184
24364,1739981396718081058,1739981396719543872
24365,1739981396719216573,1739981396719924472
24366,1739981396719781867,1739981396720343544
24367,1739981396720141333,1739981396720711257
24368,1739981396720525862,1739981396721666608
24369,1739981396720894648,1739981396722317201
24370,1739981396722021793,1739981396722829268
24371,1739981396722537125,1739981396723440608
24372,1739981396723032608,1739981396724543222
24373,1739981396723917252,1739981396725101978
24374,1739981396724800081,1739981396725487365
24375,1739981396725326519,1739981396726346343
24376,1739981396725696596,1739981396726895165
24377,1739981396726712028,1739981396727238276
24378,1739981396727122656,1739981396727604831
24379,1739981396727459722,1739981396728056327
24380,1739981396727843583,1739981396728876222
24381,1739981396728273430,1739981396729406603
24382,1739981396729254750,1739981396729862082
24383,1739981396729632677,1739981396730186279
24384,1739981396730097558,1739981396730954124
24385,1739981396730377349,1739981396731644287
24386,1739981396731197996,1739981396732078967
24387,1739981396731871625,1739981396732494778
24388,1739981396732268513,1739981396733393506
24389,1739981396732706474,1739981396733953666
24390,1739981396733747001,1739981396734573962
24391,1739981396734220739,1739981396735073180
24392,1739981396734812052,1739981396735494103
24393,1739981396735230279,1739981396736322445
24394,1739981396735915734,1739981396737249616
24395,1739981396736558238,1739981396737710452
24396,1739981396737495773,1739981396738060366
24397,1739981396737898026,1739981396738783871
24398,1739981396738205006,1739981396739646517
24399,1739981396739101863,1739981396739956318
24400,1739981396739908968,1739981396740296682
24401,1739981396740126160,1739981396740676836
24402,1739981396740524381,1739981396740989092
24403,1739981396740868944,1739981396741766895
24404,1739981396741359880,1739981396742378956
24405,1739981396742172775,1739981396742789684
24406,1739981396742611582,1739981396743207210
24407,1739981396742994428,1739981396744026428
24408,1739981396743425768,1739981396744602251
24409,1739981396744447428,1739981396745000167
24410,1739981396744881192,1739981396745329824
24411,1739981396745204258,1739981396746440894
24412,1739981396745559480,1739981396746977695
24413,1739981396746704054,1739981396747448443
24414,1739981396747177579,1739981396748160279
24415,1739981396747621075,1739981396748966878
24416,1739981396748413239,1739981396749465240
24417,1739981396749231850,1739981396749910638
24418,1739981396749713488,1739981396750275883
24419,1739981396750108162,1739981396751063520
24420,1739981396750654974,1739981396751775831
24421,1739981396751238724,1739981396752102723
24422,1739981396751999505,1739981396752548328
24423,1739981396752293351,1739981396752860619
24424,1739981396752725642,1739981396753183070
24425,1739981396753034663,1739981396753843046
24426,1739981396753360217,1739981396754828786
24427,1739981396754053240,1739981396755293285
24428,1739981396755133361,1739981396755765943
24429,1739981396755537433,1739981396756164331
24430,1739981396755978713,1739981396757233109
24431,1739981396756510178,1739981396757602862
24432,1739981396757400706,1739981396758066033
24433,1739981396757784821,1739981396758358546
24434,1739981396758235633,1739981396759036010
24435,1739981396758540050,1739981396759809468
24436,1739981396759290513,1739981396760208953
24437,1739981396760033283,1739981396760634282
24438,1739981396760438675,1739981396760987988
24439,1739981396760831849,1739981396761720543
24440,1739981396761164466,1739981396762429162
24441,1739981396761899423,1739981396762867164
24442,1739981396762646787,1739981396763228025
24443,1739981396763056365,1739981396763595837
24444,1739981396763424929,1739981396763958286
24445,1739981396763795911,1739981396764557355
24446,1739981396764145526,1739981396765432936
24447,1739981396764780589,1739981396766070772
24448,1739981396765652704,1739981396766634413
24449,1739981396766327357,1739981396767013378
24450,1739981396766832439,1739981396767388357
24451,1739981396767201129,1739981396768186828
24452,1739981396767569491,1739981396769002880
24453,1739981396768457668,1739981396769435810
24454,1739981396769218473,1739981396769855692
24455,1739981396769630842,1739981396770497147
24456,1739981396770036987,1739981396771373083
24457,1739981396770759920,1739981396771804808
24458,1739981396771608223,1739981396772238733
24459,1739981396772066255,1739981396772643613
24460,1739981396772429616,1739981396773493769
24461,1739981396772823445,1739981396774157310
24462,1739981396773752997,1739981396774668163
24463,1739981396774283624,1739981396775025219
24464,1739981396774866913,1739981396775377682
24465,1739981396775207359,1739981396775948179
24466,1739981396775583642,1739981396776573728
24467,1739981396776222483,1739981396777187406
24468,1739981396776955767,1739981396777617555
24469,1739981396777392580,1739981396778007524
24470,1739981396777799820,1739981396778850881
24471,1739981396778239255,1739981396779345334
24472,1739981396779184029,1739981396779687016
24473,1739981396779571797,1739981396780136297
24474,1739981396779867491,1739981396781022620
24475,1739981396780326690,1739981396781783499
24476,1739981396781257644,1739981396782234413
24477,1739981396781969041,1739981396782664577
24478,1739981396782424879,1739981396783214856
24479,1739981396782863233,1739981396783836674
24480,1739981396783555563,1739981396784543930
24481,1739981396784210543,1739981396784884691
24482,1739981396784743905,1739981396785239589
24483,1739981396785083340,1739981396785765782
24484,1739981396785425219,1739981396786591610
24485,1739981396786002747,1739981396787087556
24486,1739981396786934182,1739981396787458114
24487,1739981396787338322,1739981396787908655
24488,1739981396787670001,1739981396788806614
24489,1739981396788140749,1739981396789504156
24490,1739981396789051667,1739981396789907728
24491,1739981396789745701,1739981396790604546
24492,1739981396790107903,1739981396791442686
24493,1739981396790987761,1739981396791875230
24494,1739981396791699237,1739981396792229860
24495,1739981396792084247,1739981396792620351
24496,1739981396792470414,1739981396793723039
24497,1739981396792925476,1739981396794138145
24498,1739981396793968704,1739981396794564687
24499,1739981396794393004,1739981396794942386
24500,1739981396794777080,1739981396795654379
24501,1739981396795167571,1739981396796195829
24502,1739981396795900496,1739981396796656498
24503,1739981396796422599,1739981396796988570
24504,1739981396796883685,1739981396797334463
24505,1739981396797177557,1739981396798354271
24506,1739981396797570356,1739981396798895726
24507,1739981396798758419,1739981396799379763
24508,1739981396799108868,1739981396799807282
24509,1739981396799617741,1739981396800834004
24510,1739981396800021148,1739981396801500926
24511,1739981396801205801,1739981396801994669
24512,1739981396801712907,1739981396802395857
24513,1739981396802229244,1739981396803309091
24514,1739981396802595067,1739981396803854247
24515,1739981396803681773,1739981396804500259
24516,1739981396804052373,1739981396805051351
24517,1739981396804752071,1739981396805881011
24518,1739981396805239271,1739981396806559738
24519,1739981396806107771,1739981396806966043
24520,1739981396806767566,1739981396807472983
24521,1739981396807120141,1739981396808646511
24522,1739981396807663390,1739981396809088213
24523,1739981396808876954,1739981396809457318
24524,1739981396809307045,1739981396809793624
24525,1739981396809658042,1739981396810457044
24526,1739981396810150926,1739981396811229627
24527,1739981396810692210,1739981396811621824
24528,1739981396811451656,1739981396811961680
24529,1739981396811806630,1739981396812383902
24530,1739981396812160825,1739981396813246913
24531,1739981396812622106,1739981396813753204
24532,1739981396813566408,1739981396814269781
24533,1739981396813975344,1739981396814762773
24534,1739981396814527870,1739981396815266026
24535,1739981396814991662,1739981396815935542
24536,1739981396815691841,1739981396816459105
24537,1739981396816260078,1739981396816866298
24538,1739981396816663072,1739981396817577243
24539,1739981396817107869,1739981396818529705
24540,1739981396817915111,1739981396818926714
24541,1739981396818778768,1739981396819385701
24542,1739981396819138848,1739981396820294406
24543,1739981396819601251,1739981396820925545
24544,1739981396820537753,1739981396821374777
24545,1739981396821323644,1739981396822663173
24546,1739981396821628962,1739981396823035033
24547,1739981396822950562,1739981396823406106
24548,1739981396823197415,1739981396823794067
24549,1739981396823619526,1739981396824109793
24550,1739981396824033173,1739981396824461367
24551,1739981396824273076,1739981396825290442
24552,1739981396824642850,1739981396825949444
24553,1739981396825607616,1739981396826311083
24554,1739981396826142666,1739981396826709692
24555,1739981396826482068,1739981396827660550
24556,1739981396826888271,1739981396828223889
24557,1739981396827948641,1739981396828695466
24558,1739981396828510911,1739981396829176904
24559,1739981396828920742,1739981396829902542
24560,1739981396829441162,1739981396830545150
24561,1739981396830217463,1739981396830992108
24562,1739981396830787082,1739981396831719730
24563,1739981396831189705,1739981396832624628
24564,1739981396831970142,1739981396833024751
24565,1739981396832879573,1739981396833436911
24566,1739981396833219655,1739981396833818301
24567,1739981396833630314,1739981396834585043
24568,1739981396834012499,1739981396835312813
24569,1739981396834754860,1739981396835791189
24570,1739981396835546268,1739981396836138543
24571,1739981396835976952,1739981396836448831
24572,1739981396836334179,1739981396837318646
24573,1739981396836624290,1739981396838002031
24574,1739981396837574320,1739981396838505660
24575,1739981396838238683,1739981396838860538
24576,1739981396838758978,1739981396839236554
24577,1739981396839033885,1739981396839979873
24578,1739981396839425963,1739981396840580018
24579,1739981396840249668,1739981396840999777
24580,1739981396840832672,1739981396841379640
24581,1739981396841233775,1739981396842214270
24582,1739981396841545794,1739981396842819757
24583,1739981396842529911,1739981396843183639
24584,1739981396843048418,1739981396843573962
24585,1739981396843400156,1739981396844416074
24586,1739981396843791983,1739981396845069296
24587,1739981396844629217,1739981396845419380
24588,1739981396845308507,1739981396845849827
24589,1739981396845658816,1739981396846223785
24590,1739981396846070208,1739981396846548343
24591,1739981396846424832,1739981396847669166
24592,1739981396846744230,1739981396848043312
24593,1739981396847947134,1739981396848492876
24594,1739981396848164955,1739981396848911962
24595,1739981396848707858,1739981396849701025
24596,1739981396849137518,1739981396850398022
24597,1739981396849932152,1739981396850777148
24598,1739981396850626031,1739981396851086549
24599,1739981396850985033,1739981396851491274
24600,1739981396851303121,1739981396851832300
24601,1739981396851694361,1739981396852587599
24602,1739981396852023248,1739981396853374503
24603,1739981396852832760,1739981396853797652
24604,1739981396853607596,1739981396854299695
24605,1739981396854000101,1739981396854657454
24606,1739981396854547639,1739981396854956895
24607,1739981396854857625,1739981396855450368
24608,1739981396855162861,1739981396856244310
24609,1739981396855675271,1739981396856601351
24610,1739981396856470182,1739981396856945113
24611,1739981396856827827,1739981396857258962
24612,1739981396857135735,1739981396857663447
24613,1739981396857440153,1739981396858432069
24614,1739981396857859638,1739981396859078717
24615,1739981396858691030,1739981396859507749
24616,1739981396859364790,1739981396859988820
24617,1739981396859721171,1739981396860833285
24618,1739981396860222989,1739981396861360191
24619,1739981396861149852,1739981396861735852
24620,1739981396861566193,1739981396862665613
24621,1739981396861906235,1739981396863283257
24622,1739981396862847964,1739981396863697640
24623,1739981396863507269,1739981396864730358
24624,1739981396863904842,1739981396865520121
24625,1739981396865061403,1739981396865963971
24626,1739981396865788058,1739981396866381242
24627,1739981396866158628,1739981396866686985
24628,1739981396866621789,1739981396867424691
24629,1739981396866825374,1739981396868100563
24630,1739981396867661309,1739981396868481632
24631,1739981396868385636,1739981396868824911
24632,1739981396868630273,1739981396869182708
24633,1739981396868997123,1739981396869629525
24634,1739981396869395212,1739981396870406767
24635,1739981396869799583,1739981396871187975
24636,1739981396870563856,1739981396871585727
24637,1739981396871413142,1739981396872042027
24638,1739981396871786851,1739981396872394679
24639,1739981396872218557,1739981396873058518
24640,1739981396872602565,1739981396873853070
24641,1739981396873189739,1739981396874468619
24642,1739981396874113407,1739981396874918890
24643,1739981396874716413,1739981396875380940
24644,1739981396875130052,1739981396876315140
24645,1739981396875599837,1739981396876995091
24646,1739981396876448967,1739981396877483743
24647,1739981396877202010,1739981396877913891
24648,1739981396877682621,1739981396878312346
24649,1739981396878132471,1739981396879128538
24650,1739981396878484177,1739981396879576617
24651,1739981396879277487,1739981396880071070
24652,1739981396879905667,1739981396880521416
24653,1739981396880292976,1739981396880887911
24654,1739981396880746089,1739981396881232695
24655,1739981396881103204,1739981396881872827
24656,1739981396881413312,1739981396882818330
24657,1739981396882228597,1739981396883200817
24658,1739981396883020539,1739981396883633963
24659,1739981396883405069,1739981396884264664
24660,1739981396883817444,1739981396885025217
24661,1739981396884389693,1739981396885531514
24662,1739981396885315460,1739981396885934142
24663,1739981396885759517,1739981396886408652
24664,1739981396886144459,1739981396887256164
24665,1739981396886626673,1739981396887876483
24666,1739981396887491040,1739981396888354996
24667,1739981396888102328,1739981396888743385
24668,1739981396888575990,1739981396889153833
24669,1739981396888955223,1739981396889975448
24670,1739981396889354930,1739981396890578349
24671,1739981396890177027,1739981396890917530
24672,1739981396890785771,1739981396891322207
24673,1739981396891180051,1739981396891644968
24674,1739981396891518016,1739981396892226180
24675,1739981396891822394,1739981396892996199
24676,1739981396892561247,1739981396893503112
24677,1739981396893218391,1739981396893862287
24678,1739981396893704173,1739981396894423724
24679,1739981396894038489,1739981396894885080
24680,1739981396894630333,1739981396896204100
24681,1739981396895069026,1739981396896591940
24682,1739981396896480320,1739981396896951226
24683,1739981396896745780,1739981396897367604
24684,1739981396897163508,1739981396898481507
24685,1739981396897586718,1739981396898925974
24686,1739981396898718073,1739981396899306500
24687,1739981396899139173,1739981396900172942
24688,1739981396899494146,1739981396900726298
24689,1739981396900554841,1739981396901133027
24690,1739981396900978008,1739981396901998905
24691,1739981396901356016,1739981396902621922
24692,1739981396902181667,1739981396902971369
24693,1739981396902816228,1739981396903462878
24694,1739981396903188601,1739981396903809963
24695,1739981396903652745,1739981396904746965
24696,1739981396904003555,1739981396905215315
24697,1739981396904968059,1739981396905673442
24698,1739981396905497849,1739981396906283146
24699,1739981396905912404,1739981396907018954
24700,1739981396906518765,1739981396907522195
24701,1739981396907328432,1739981396907954634
24702,1739981396907734046,1739981396908330544
24703,1739981396908158262,1739981396909292599
24704,1739981396908561976,1739981396909984138
24705,1739981396909683507,1739981396910507092
24706,1739981396910182252,1739981396911394205
24707,1739981396910716331,1739981396912203725
24708,1739981396911682675,1739981396912598058
24709,1739981396912434646,1739981396912970380
24710,1739981396912812259,1739981396913410536
24711,1739981396913178858,1739981396914394697
24712,1739981396913636489,1739981396915293993
24713,1739981396914609662,1739981396915724183
24714,1739981396915512630,1739981396916078034
24715,1739981396915917107,1739981396916405551
24716,1739981396916258286,1739981396917159364
24717,1739981396916615976,1739981396917772834
24718,1739981396917415399,1739981396918137727
24719,1739981396917992315,1739981396918560704
24720,1739981396918328571,1739981396918860606
24721,1739981396918774819,1739981396919744689
24722,1739981396919036214,1739981396920269177
24723,1739981396920069232,1739981396920724240
24724,1739981396920522336,1739981396921119599
24725,1739981396920943294,1739981396922253108
24726,1739981396921315615,1739981396922741793
24727,1739981396922469601,1739981396923301683
24728,1739981396922962366,1739981396924170169
24729,1739981396923471906,1739981396924704686
24730,1739981396924389354,1739981396925203479
24731,1739981396924950629,1739981396925652961
24732,1739981396925427137,1739981396926602583
24733,1739981396925839448,1739981396927238180
24734,1739981396926931824,1739981396927670440
24735,1739981396927437435,1739981396928429562
24736,1739981396927849171,1739981396929292022
24737,1739981396928718388,1739981396929726833
24738,1739981396929510788,1739981396930622620
24739,1739981396929928414,1739981396931279413
24740,1739981396930824735,1739981396931654004
24741,1739981396931513050,1739981396931965087
24742,1739981396931846515,1739981396932371440
24743,1739981396932140905,1739981396933190996
24744,1739981396932569867,1739981396933803909
24745,1739981396933387886,1739981396934439904
24746,1739981396934054859,1739981396934803090
24747,1739981396934669410,1739981396935238893
24748,1739981396935003487,1739981396935571703
24749,1739981396935424988,1739981396936347663
24750,1739981396935745322,1739981396936808440
24751,1739981396936618428,1739981396937176567
24752,1739981396936992213,1739981396937804041
24753,1739981396937378066,1739981396938650042
24754,1739981396937994730,1739981396939075889
24755,1739981396938891937,1739981396939452557
24756,1739981396939190904,1739981396939839891
24757,1739981396939717735,1739981396940977177
24758,1739981396939965171,1739981396941448376
24759,1739981396941241148,1739981396941863883
24760,1739981396941641969,1739981396942268944
24761,1739981396942060113,1739981396943046736
24762,1739981396942655242,1739981396943572469
24763,1739981396943393000,1739981396943969968
24764,1739981396943776695,1739981396944405971
24765,1739981396944170740,1739981396944712561
24766,1739981396944591889,1739981396945615234
24767,1739981396944895199,1739981396946222480
24768,1739981396945796368,1739981396946632559
24769,1739981396946457068,1739981396947031353
24770,1739981396946852532,1739981396947822092
24771,1739981396947230185,1739981396948496565
24772,1739981396948010488,1739981396948882055
24773,1739981396948753605,1739981396949354799
24774,1739981396949181956,1739981396949814485
24775,1739981396949557467,1739981396950944298
24776,1739981396949992981,1739981396951379366
24777,1739981396951164637,1739981396951774549
24778,1739981396951562426,1739981396952553044
24779,1739981396951950572,1739981396953249298
24780,1739981396952760679,1739981396953639273
24781,1739981396953465311,1739981396954048479
24782,1739981396953866567,1739981396954435408
24783,1739981396954229569,1739981396954770577
24784,1739981396954655768,1739981396955768738
24785,1739981396955482844,1739981396956134578
24786,1739981396955957034,1739981396956494019
24787,1739981396956365250,1739981396956937757
24788,1739981396956690789,1739981396957774032
24789,1739981396957139172,1739981396958508105
24790,1739981396958057464,1739981396958860992
24791,1739981396958757727,1739981396959360693
24792,1739981396959097570,1739981396959841669
24793,1739981396959590623,1739981396960662027
24794,1739981396960034739,1739981396961264010
24795,1739981396960899695,1739981396961679037
24796,1739981396961495706,1739981396962546014
24797,1739981396961874809,1739981396963454502
24798,1739981396962821149,1739981396963942765
24799,1739981396963646382,1739981396964440608
24800,1739981396964131341,1739981396964885090
24801,1739981396964638178,1739981396965351347
24802,1739981396965053392,1739981396966410686
24803,1739981396965885493,1739981396966869184
24804,1739981396966657217,1739981396967279853
24805,1739981396967102947,1739981396968064455
24806,1739981396967498518,1739981396968683616
24807,1739981396968298892,1739981396969165663
24808,1739981396968901030,1739981396969499072
24809,1739981396969361060,1739981396970286799
24810,1739981396969688070,1739981396970820707
24811,1739981396970562654,1739981396971446394
24812,1739981396971139471,1739981396971791633
24813,1739981396971698790,1739981396972147141
24814,1739981396971905166,1739981396972825775
24815,1739981396972376870,1739981396973600480
24816,1739981396973023024,1739981396974081465
24817,1739981396973846302,1739981396974502944
24818,1739981396974305424,1739981396974853749
24819,1739981396974726066,1739981396975729325
24820,1739981396975065687,1739981396976352717
24821,1739981396976201391,1739981396976788635
24822,1739981396976585929,1739981396977493713
24823,1739981396976982677,1739981396978421335
24824,1739981396977689654,1739981396978850679
24825,1739981396978676303,1739981396979251557
24826,1739981396979097417,1739981396979637757
24827,1739981396979483374,1739981396980457878
24828,1739981396979861557,1739981396980972344
24829,1739981396980827679,1739981396981390811
24830,1739981396981215045,1739981396981720456
24831,1739981396981605688,1739981396982035071
24832,1739981396981927662,1739981396982950985
24833,1739981396982217408,1739981396983541118
24834,1739981396983110310,1739981396983997967
24835,1739981396983731816,1739981396984429466
24836,1739981396984207497,1739981396984786804
24837,1739981396984668572,1739981396985608662
24838,1739981396984980830,1739981396986232266
24839,1739981396985799786,1739981396986560537
24840,1739981396986434373,1739981396987013394
24841,1739981396986769945,1739981396987469532
24842,1739981396987248289,1739981396988296020
24843,1739981396987674111,1739981396988749918
24844,1739981396988444737,1739981396989397186
24845,1739981396989102485,1739981396989811753
24846,1739981396989645892,1739981396990597097
24847,1739981396990017272,1739981396991345838
24848,1739981396990843590,1739981396991701924
24849,1739981396991581475,1739981396992023357
24850,1739981396991884133,1739981396992441297
24851,1739981396992207722,1739981396993037326
24852,1739981396992617183,1739981396993694673
24853,1739981396993273189,1739981396994059873
24854,1739981396993923759,1739981396994667367
24855,1739981396994262348,1739981396995009627
24856,1739981396994854168,1739981396995466125
24857,1739981396995190099,1739981396996223880
24858,1739981396995669514,1739981396996808400
24859,1739981396996467881,1739981396997177423
24860,1739981396997029245,1739981396997546060
24861,1739981396997389025,1739981396998357607
24862,1739981396997761870,1739981396998999356
24863,1739981396998685684,1739981396999342624
24864,1739981396999189705,1739981396999790801
24865,1739981396999540138,1739981397000799782
24866,1739981397000078150,1739981397001234213
24867,1739981397000966495,1739981397001649675
24868,1739981397001453384,1739981397002014665
24869,1739981397001928965,1739981397002944163
24870,1739981397002228661,1739981397003490155
24871,1739981397003258037,1739981397003879391
24872,1739981397003732881,1739981397004319367
24873,1739981397004065682,1739981397004692383
24874,1739981397004500319,1739981397005548208
24875,1739981397004914461,1739981397006387945
24876,1739981397005881174,1739981397006887966
24877,1739981397006651051,1739981397007325938
24878,1739981397007141581,1739981397007801257
24879,1739981397007533178,1739981397008622083
24880,1739981397007998554,1739981397009343713
24881,1739981397008828728,1739981397009776901
24882,1739981397009602628,1739981397010187839
24883,1739981397010040186,1739981397011148483
24884,1739981397010405428,1739981397011781634
24885,1739981397011432698,1739981397012167006
24886,1739981397011982292,1739981397013112606
24887,1739981397012377078,1739981397013813528
24888,1739981397013503426,1739981397014379816
24889,1739981397014022384,1739981397014771242
24890,1739981397014603806,1739981397015672190
24891,1739981397014957199,1739981397016121367
24892,1739981397015887447,1739981397016493578
24893,1739981397016376492,1739981397016909614
24894,1739981397016713308,1739981397017229616
24895,1739981397017097640,1739981397018018884
24896,1739981397017418808,1739981397018554742
24897,1739981397018217942,1739981397019074373
24898,1739981397018780111,1739981397019408581
24899,1739981397019296973,1739981397019800076
24900,1739981397019625719,1739981397020542598
24901,1739981397019986885,1739981397021305487
24902,1739981397020752800,1739981397021731020
24903,1739981397021562205,1739981397022086843
24904,1739981397021942341,1739981397022479581
24905,1739981397022321169,1739981397023375568
24906,1739981397022664550,1739981397023997205
24907,1739981397023551509,1739981397024539434
24908,1739981397024225019,1739981397024942191
24909,1739981397024765625,1739981397025649354
24910,1739981397025119775,1739981397026495760
24911,1739981397025865206,1739981397026855211
24912,1739981397026724712,1739981397027217525
24913,1739981397027088708,1739981397027638864
24914,1739981397027447517,1739981397028339558
24915,1739981397027829628,1739981397029045982
24916,1739981397028481335,1739981397029458681
24917,1739981397029372775,1739981397029957767
24918,1739981397029628442,1739981397030323312
24919,1739981397030180554,1739981397031284791
24920,1739981397030512815,1739981397031723589
24921,1739981397031571583,1739981397032086614
24922,1739981397032009842,1739981397032434925
24923,1739981397032297010,1739981397033141361
24924,1739981397032631179,1739981397033970470
24925,1739981397033402381,1739981397034466221
24926,1739981397034253862,1739981397034883260
24927,1739981397034664447,1739981397035663265
24928,1739981397035086012,1739981397036533217
24929,1739981397035947271,1739981397036911655
24930,1739981397036794315,1739981397037283957
24931,1739981397037121320,1739981397037695025
24932,1739981397037510956,1739981397038404184
24933,1739981397037921396,1739981397039008496
24934,1739981397038615157,1739981397039511000
24935,1739981397039226502,1739981397039870117
24936,1739981397039735603,1739981397040188716
24937,1739981397040068773,1739981397040570616
24938,1739981397040381832,1739981397041457053
24939,1739981397040752157,1739981397042043564
24940,1739981397041798149,1739981397042481473
24941,1739981397042215252,1739981397042860327
24942,1739981397042704702,1739981397043577909
24943,1739981397043043079,1739981397044188578
24944,1739981397043891986,1739981397044685820
24945,1739981397044487020,1739981397045206108
24946,1739981397044956553,1739981397045678032
24947,1739981397045453648,1739981397046319631
24948,1739981397045876170,1739981397047208561
24949,1739981397046559923,1739981397047601137
24950,1739981397047461987,1739981397047987128
24951,1739981397047825951,1739981397048630448
24952,1739981397048171628,1739981397049505134
24953,1739981397048937181,1739981397049874428
24954,1739981397049779663,1739981397050285805
24955,1739981397050067092,1739981397050631069
24956,1739981397050472836,1739981397050952894
24957,1739981397050827859,1739981397052156806
24958,1739981397051156157,1739981397052525411
24959,1739981397052364001,1739981397052932681
24960,1739981397052718922,1739981397053332798
24961,1739981397053126845,1739981397054365533
24962,1739981397053557353,1739981397054917672
24963,1739981397054532703,1739981397055334782
24964,1739981397055148847,1739981397055690245
24965,1739981397055512068,1739981397056034571
24966,1739981397055849698,1739981397056427822
24967,1739981397056197717,1739981397057202014
24968,1739981397056604206,1739981397057734285
24969,1739981397057508379,1739981397058109088
24970,1739981397057924248,1739981397058995648
24971,1739981397058309914,1739981397059551327
24972,1739981397059260024,1739981397059980240
24973,1739981397059760560,1739981397060366274
24974,1739981397060162502,1739981397061098821
24975,1739981397060544799,1739981397061826245
24976,1739981397061317537,1739981397062328058
24977,1739981397062043462,1739981397062687522
24978,1739981397062530125,1739981397062987714
24979,1739981397062880455,1739981397063705023
24980,1739981397063191814,1739981397064498796
24981,1739981397063996087,1739981397065019361
24982,1739981397064777716,1739981397065427597
24983,1739981397065221536,1739981397065792888
24984,1739981397065606328,1739981397066672772
24985,1739981397065982563,1739981397067241352
24986,1739981397067002582,1739981397067603438
24987,1739981397067475473,1739981397068072359
24988,1739981397067818042,1739981397068519733
24989,1739981397068231251,1739981397069373524
24990,1739981397068687651,1739981397069911249
24991,1739981397069629401,1739981397070332633
24992,1739981397070110204,1739981397070667663
24993,1739981397070564998,1739981397071488844
24994,1739981397070863476,1739981397071984426
24995,1739981397071667011,1739981397072471975
24996,1739981397072340907,1739981397072870496
24997,1739981397072710471,1739981397073224224
24998,1739981397073135644,1739981397073548274
24999,1739981397073423045,1739981397074703681
25000,1739981397073777307,1739981397075048802
25001,1739981397074922484,1739981397075449854
25002,1739981397075234690,1739981397075791131
25003,1739981397075646329,1739981397076628433
25004,1739981397075965516,1739981397077136469
25005,1739981397076991363,1739981397077609568
25006,1739981397077343419,1739981397078129052
25007,1739981397077818856,1739981397079000087
25008,1739981397078378114,1739981397079557908
25009,1739981397079323293,1739981397079962741
25010,1739981397079775536,1739981397080364900
25011,1739981397080172032,1739981397081557903
25012,1739981397080569125,1739981397081992627
25013,1739981397081750252,1739981397082340705
25014,1739981397082203258,1739981397082676995
25015,1739981397082579455,1739981397083784353
25016,1739981397082945152,1739981397084339992
25017,1739981397084052654,1739981397084788319
25018,1739981397084569020,1739981397085198254
25019,1739981397084992823,1739981397085853600
25020,1739981397085408638,1739981397086638018
25021,1739981397086241317,1739981397087103027
25022,1739981397086863039,1739981397087482590
25023,1739981397087360344,1739981397087796245
25024,1739981397087726952,1739981397088154232
25025,1739981397088004247,1739981397089298098
25026,1739981397088342533,1739981397089671226
25027,1739981397089540768,1739981397090081436
25028,1739981397089871518,1739981397090397727
25029,1739981397090284171,1739981397091243651
25030,1739981397090584354,1739981397091750619
25031,1739981397091447416,1739981397092361605
25032,1739981397092073570,1739981397092751410
25033,1739981397092563445,1739981397093085989
25034,1739981397092921553,1739981397093855095
25035,1739981397093264262,1739981397094410638
25036,1739981397094066606,1739981397095046696
25037,1739981397094860689,1739981397095407330
25038,1739981397095243456,1739981397095712161
25039,1739981397095608481,1739981397096302517
25040,1739981397095927916,1739981397097083151
25041,1739981397096572081,1739981397097430410
25042,1739981397097311370,1739981397097774139
25043,1739981397097641616,1739981397098109692
25044,1739981397097943457,1739981397099027329
25045,1739981397098293022,1739981397099566192
25046,1739981397099382909,1739981397100069433
25047,1739981397099784304,1739981397100402346
25048,1739981397100211148,1739981397101291403
25049,1739981397100593633,1739981397101812414
25050,1739981397101648760,1739981397102266764
25051,1739981397102008535,1739981397102674559
25052,1739981397102471194,1739981397103600056
25053,1739981397102879710,1739981397104180384
25054,1739981397103760583,1739981397104574778
25055,1739981397104435962,1739981397105105500
25056,1739981397104782589,1739981397106149069
25057,1739981397105308635,1739981397106510751
25058,1739981397106404546,1739981397106893401
25059,1739981397106729750,1739981397107222721
25060,1739981397107082705,1739981397107536148
25061,1739981397107473928,1739981397108595782
25062,1739981397107664683,1739981397108925033
25063,1739981397108769836,1739981397109310945
25064,1739981397109134174,1739981397109664975
25065,1739981397109584036,1739981397110089980
25066,1739981397109804277,1739981397111027826
25067,1739981397110283556,1739981397111571328
25068,1739981397111373074,1739981397112053707
25069,1739981397111802603,1739981397112398897
25070,1739981397112213802,1739981397113227274
25071,1739981397112588576,1739981397113792684
25072,1739981397113420691,1739981397114464130
25073,1739981397114114498,1739981397115011277
25074,1739981397114676424,1739981397115441001
25075,1739981397115231177,1739981397116345018
25076,1739981397115645123,1739981397116884198
25077,1739981397116696076,1739981397117434971
25078,1739981397117109751,1739981397118411030
25079,1739981397117638908,1739981397118896293
25080,1739981397118679474,1739981397119296516
25081,1739981397119140302,1739981397120114867
25082,1739981397119520874,1739981397120623756
25083,1739981397120320699,1739981397121092646
25084,1739981397120835172,1739981397121444934
25085,1739981397121299976,1739981397122310717
25086,1739981397121614677,1739981397122778832
25087,1739981397122666454,1739981397123269914
25088,1739981397123005135,1739981397123663861
25089,1739981397123482884,1739981397124662940
25090,1739981397123870142,1739981397125151562
25091,1739981397124838786,1739981397125558513
25092,1739981397125416862,1739981397125966704
25093,1739981397125789832,1739981397126447621
25094,1739981397126189240,1739981397127379165
25095,1739981397126665014,1739981397127976868
25096,1739981397127600506,1739981397128604622
25097,1739981397128321768,1739981397128963808
25098,1739981397128837024,1739981397129877293
25099,1739981397129170100,1739981397130763571
25100,1739981397130132443,1739981397131141404
25101,1739981397131028875,1739981397131565062
25102,1739981397131368752,1739981397131947428
25103,1739981397131818844,1739981397132672759
25104,1739981397132158317,1739981397133230136
25105,1739981397132869412,1739981397133640607
25106,1739981397133507482,1739981397133985077
25107,1739981397133853636,1739981397134432381
25108,1739981397134171426,1739981397134887063
25109,1739981397134635666,1739981397135830735
25110,1739981397135073271,1739981397136347422
25111,1739981397136178023,1739981397136723760
25112,1739981397136566867,1739981397137088367
25113,1739981397136944168,1739981397137892133
25114,1739981397137299170,1739981397138602771
25115,1739981397138140511,1739981397138993373
25116,1739981397138819613,1739981397139459815
25117,1739981397139222354,1739981397139870568
25118,1739981397139643309,1739981397140281375
25119,1739981397140054926,1739981397141035954
25120,1739981397140454335,1739981397141695616
25121,1739981397141233312,1739981397142161497
25122,1739981397141911801,1739981397142847085
25123,1739981397142427522,1739981397143654287
25124,1739981397143084195,1739981397144128660
25125,1739981397143928780,1739981397144542176
25126,1739981397144363101,1739981397144928700
25127,1739981397144736828,1739981397145884317
25128,1739981397145158360,1739981397146549166
25129,1739981397146052182,1739981397146956331
25130,1739981397146807189,1739981397147340673
25131,1739981397147177538,1739981397147912451
25132,1739981397147553500,1739981397148640145
25133,1739981397148124493,1739981397149544578
25134,1739981397148865288,1739981397149963006
25135,1739981397149753984,1739981397150374742
25136,1739981397150178173,1739981397150771872
25137,1739981397150590758,1739981397151632656
25138,1739981397150961520,1739981397152297957
25139,1739981397151842730,1739981397152719922
25140,1739981397152505777,1739981397153217691
25141,1739981397152896401,1739981397153605971
25142,1739981397153384870,1739981397154419101
25143,1739981397153772472,1739981397155348805
25144,1739981397154646485,1739981397155747849
25145,1739981397155597254,1739981397156165026
25146,1739981397155958270,1739981397157053693
25147,1739981397156365409,1739981397157454981
25148,1739981397157222857,1739981397157925169
25149,1739981397157781513,1739981397158355380
25150,1739981397158118591,1739981397158695398
25151,1739981397158550700,1739981397159036702
25152,1739981397158868212,1739981397159774445
25153,1739981397159206325,1739981397160547286
25154,1739981397159971034,1739981397160908445
25155,1739981397160776219,1739981397161364358
25156,1739981397161092674,1739981397161804955
25157,1739981397161553120,1739981397162419639
25158,1739981397161999074,1739981397163238769
25159,1739981397162568841,1739981397163683697
25160,1739981397163498864,1739981397164156125
25161,1739981397163916712,1739981397164618929
25162,1739981397164373385,1739981397165274418
25163,1739981397164823156,1739981397166052459
25164,1739981397165525398,1739981397166513761
25165,1739981397166246377,1739981397167249627
25166,1739981397166727268,1739981397168030035
25167,1739981397167478921,1739981397168419903
25168,1739981397168236903,1739981397168777649
25169,1739981397168656976,1739981397169091128
25170,1739981397169006248,1739981397169961284
25171,1739981397169278396,1739981397170622295
25172,1739981397170163886,1739981397171015776
25173,1739981397170855053,1739981397171321607
25174,1739981397171227330,1739981397171797611
25175,1739981397171493904,1739981397172914426
25176,1739981397172015016,1739981397173399414
25177,1739981397173146534,1739981397173796002
25178,1739981397173589695,1739981397174459242
25179,1739981397174005906,1739981397174907840
25180,1739981397174660338,1739981397175827564
25181,1739981397175123341,1739981397176430808
25182,1739981397176171513,1739981397176782927
25183,1739981397176627336,1739981397177191745
25184,1739981397176966655,1739981397177945162
25185,1739981397177370542,1739981397178644756
25186,1739981397178138327,1739981397179154171
25187,1739981397178885413,1739981397180004868
25188,1739981397179365474,1739981397180535041
25189,1739981397180339781,1739981397181003770
25190,1739981397180815550,1739981397181850412
25191,1739981397181264966,1739981397182498243
25192,1739981397182055098,1739981397182911053
25193,1739981397182768096,1739981397183253692
25194,1739981397183157054,1739981397184253263
25195,1739981397183625552,1739981397184709022
25196,1739981397184514068,1739981397185058078
25197,1739981397184926665,1739981397185331946
25198,1739981397185223567,1739981397185738535
25199,1739981397185539326,1739981397186806981
25200,1739981397185928563,1739981397187206933
25201,1739981397187011197,1739981397187686685
25202,1739981397187446929,1739981397188155500
25203,1739981397187911999,1739981397188815637
25204,1739981397188353913,1739981397189559998
25205,1739981397189015609,1739981397189991497
25206,1739981397189802008,1739981397190494911
25207,1739981397190215266,1739981397190830073
25208,1739981397190725825,1739981397191826674
25209,1739981397191028789,1739981397192463200
25210,1739981397192154107,1739981397192900812
25211,1739981397192692234,1739981397193658636
25212,1739981397193156573,1739981397194564483
25213,1739981397194032701,1739981397194928953
25214,1739981397194795219,1739981397195247331
25215,1739981397195169488,1739981397195624058
25216,1739981397195351026,1739981397195972890
25217,1739981397195864782,1739981397196789400
25218,1739981397196199231,1739981397197586115
25219,1739981397197075329,1739981397197998907
25220,1739981397197826543,1739981397198464046
25221,1739981397198259177,1739981397198814530
25222,1739981397198655500,1739981397199587628
25223,1739981397199045001,1739981397200243788
25224,1739981397199791526,1739981397200624558
25225,1739981397200450722,1739981397201047341
25226,1739981397200816657,1739981397201422684
25227,1739981397201236401,1739981397202288467
25228,1739981397201605656,1739981397202986408
25229,1739981397202508073,1739981397203362907
25230,1739981397203163183,1739981397203918723
25231,1739981397203601941,1739981397204432465
25232,1739981397204097008,1739981397204832369
25233,1739981397204621727,1739981397205731610
25234,1739981397205056997,1739981397206226985
25235,1739981397205885030,1739981397206583292
25236,1739981397206421190,1739981397207034908
25237,1739981397206802127,1739981397207375118
25238,1739981397207215584,1739981397207983296
25239,1739981397207582686,1739981397208638198
25240,1739981397208164895,1739981397209219490
25241,1739981397208957509,1739981397209599946
25242,1739981397209436051,1739981397210072831
25243,1739981397209849383,1739981397211110752
25244,1739981397210299579,1739981397211578123
25245,1739981397211372540,1739981397211956407
25246,1739981397211783832,1739981397212308201
25247,1739981397212146252,1739981397213444915
25248,1739981397212486448,1739981397213895659
25249,1739981397213706328,1739981397214437818
25250,1739981397214123573,1739981397214939871
25251,1739981397214638535,1739981397215826931
25252,1739981397215175167,1739981397216639566
25253,1739981397216048882,1739981397217031003
25254,1739981397216856951,1739981397217343518
25255,1739981397217212532,1739981397217670593
25256,1739981397217544345,1739981397218073518
25257,1739981397217857770,1739981397218900550
25258,1739981397218275061,1739981397219411062
25259,1739981397219244576,1739981397219730341
25260,1739981397219638695,1739981397220230867
25261,1739981397219915589,1739981397221021274
25262,1739981397220441910,1739981397221768711
25263,1739981397221158562,1739981397222158944
25264,1739981397221974278,1739981397222638046
25265,1739981397222405076,1739981397223094110
25266,1739981397222821268,1739981397223752942
25267,1739981397223336011,1739981397224577343
25268,1739981397224030324,1739981397224958030
25269,1739981397224872678,1739981397225427673
25270,1739981397225099321,1739981397225908737
25271,1739981397225648514,1739981397226961223
25272,1739981397226107730,1739981397227405813
25273,1739981397227214878,1739981397227887329
25274,1739981397227632357,1739981397228241669
25275,1739981397228099321,1739981397229393351
25276,1739981397228446009,1739981397229890336
25277,1739981397229669368,1739981397230240348
25278,1739981397230139460,1739981397230576464
25279,1739981397230383325,1739981397231423388
25280,1739981397230765556,1739981397231907263
25281,1739981397231600480,1739981397232365375
25282,1739981397232202204,1739981397232830598
25283,1739981397232591187,1739981397233223524
25284,1739981397233019278,1739981397234022745
25285,1739981397233426624,1739981397234810830
25286,1739981397234260693,1739981397235323156
25287,1739981397235024113,1739981397235705813
25288,1739981397235549537,1739981397236527935
25289,1739981397235896999,1739981397237071791
25290,1739981397236690760,1739981397237513052
25291,1739981397237271035,1739981397238005306
25292,1739981397237734779,1739981397239216835
25293,1739981397238222202,1739981397239552980
25294,1739981397239441329,1739981397239993297
25295,1739981397239753815,1739981397240932374
25296,1739981397240180899,1739981397241443168
25297,1739981397241322482,1739981397241892644
25298,1739981397241687362,1739981397242408076
25299,1739981397242135257,1739981397243139742
25300,1739981397242662722,1739981397243571579
25301,1739981397243470966,1739981397244021670
25302,1739981397243764396,1739981397244534609
25303,1739981397244241673,1739981397244873154
25304,1739981397244729969,1739981397245855232
25305,1739981397245085888,1739981397246314902
25306,1739981397246127278,1739981397246808643
25307,1739981397246550701,1739981397247221599
25308,1739981397247025065,1739981397248246468
25309,1739981397247446852,1739981397248857730
25310,1739981397248562488,1739981397249294627
25311,1739981397249107596,1739981397249706483
25312,1739981397249570854,1739981397250544298
25313,1739981397249934060,1739981397251257974
25314,1739981397250754990,1739981397251710702
25315,1739981397251499682,1739981397252161839
25316,1739981397251941450,1739981397252671675
25317,1739981397252351403,1739981397253861138
25318,1739981397252881183,1739981397254363666
25319,1739981397254042775,1739981397254717208
25320,1739981397254568310,1739981397255204597
25321,1739981397254972093,1739981397256061302
25322,1739981397255422955,1739981397256602316
25323,1739981397256286977,1739981397256982635
25324,1739981397256813396,1739981397257511242
25325,1739981397257203117,1739981397258088996
25326,1739981397257728390,1739981397258677863
25327,1739981397258491570,1739981397259026393
25328,1739981397258925461,1739981397259351152
25329,1739981397259222666,1739981397260159699
25330,1739981397259567101,1739981397260916782
25331,1739981397260417404,1739981397261281551
25332,1739981397261130050,1739981397261744461
25333,1739981397261474513,1739981397262586833
25334,1739981397261945691,1739981397263338659
25335,1739981397262804957,1739981397263719406
25336,1739981397263584189,1739981397264066976
25337,1739981397263956979,1739981397264549500
25338,1739981397264301044,1739981397265323120
25339,1739981397264776212,1739981397266079797
25340,1739981397265691873,1739981397266609426
25341,1739981397266285583,1739981397267000372
25342,1739981397266808423,1739981397267845782
25343,1739981397267193394,1739981397268613379
25344,1739981397268085599,1739981397269006192
25345,1739981397268832624,1739981397269386794
25346,1739981397269236858,1739981397269777092
25347,1739981397269565800,1739981397270614324
25348,1739981397269975182,1739981397271128895
25349,1739981397271000947,1739981397271522689
25350,1739981397271398922,1739981397272010978
25351,1739981397271730861,1739981397272826506
25352,1739981397272196399,1739981397273343321
25353,1739981397273085848,1739981397273862285
25354,1739981397273596214,1739981397274288603
25355,1739981397274081493,1739981397274735044
25356,1739981397274556618,1739981397275058966
25357,1739981397274928111,1739981397275719692
25358,1739981397275212858,1739981397276423545
25359,1739981397275947412,1739981397276881874
25360,1739981397276654239,1739981397277883347
25361,1739981397277098671,1739981397278379378
25362,1739981397278217828,1739981397278814931
25363,1739981397278588139,1739981397279539693
25364,1739981397279053373,1739981397280483826
25365,1739981397279810906,1739981397280884139
25366,1739981397280780368,1739981397281353483
25367,1739981397281114965,1739981397281710162
25368,1739981397281613825,1739981397282646664
25369,1739981397281919443,1739981397283250902
25370,1739981397282979796,1739981397283576897
25371,1739981397283441848,1739981397283897310
25372,1739981397283782669,1739981397284331599
25373,1739981397284076055,1739981397284800337
25374,1739981397284509579,1739981397285665434
25375,1739981397285168302,1739981397286316490
25376,1739981397285916601,1739981397286661759
25377,1739981397286581669,1739981397287163444
25378,1739981397286856655,1739981397287939607
25379,1739981397287388467,1739981397288623974
25380,1739981397288151844,1739981397288985159
25381,1739981397288834649,1739981397289436012
25382,1739981397289172448,1739981397290452838
25383,1739981397289641933,1739981397291001862
25384,1739981397290715964,1739981397291396539
25385,1739981397291247329,1739981397292391055
25386,1739981397291585460,1739981397292885353
25387,1739981397292759611,1739981397293263333
25388,1739981397293142072,1739981397293625375
25389,1739981397293469138,1739981397294365674
25390,1739981397293792843,1739981397294997268
25391,1739981397294537557,1739981397295416032
25392,1739981397295176694,1739981397295801779
25393,1739981397295613136,1739981397296173627
25394,1739981397295990775,1739981397296613403
25395,1739981397296379168,1739981397297418631
25396,1739981397296798811,1739981397298023926
25397,1739981397297637230,1739981397298546040
25398,1739981397298337013,1739981397299061769
25399,1739981397298812341,1739981397299410310
25400,1739981397299312686,1739981397300291738
25401,1739981397299629346,1739981397301048610
25402,1739981397300511433,1739981397301462042
25403,1739981397301270443,1739981397301850888
25404,1739981397301695074,1739981397302258582
25405,1739981397302033453,1739981397303063988
25406,1739981397302433577,1739981397303814725
25407,1739981397303351130,1739981397304261501
25408,1739981397304029161,1739981397304672336
25409,1739981397304510704,1739981397305035761
25410,1739981397304888226,1739981397305315031
25411,1739981397305205777,1739981397306467683
25412,1739981397305515909,1739981397306851201
25413,1739981397306720047,1739981397307152519
25414,1739981397307053410,1739981397307580180
25415,1739981397307409027,1739981397308100200
25416,1739981397307845188,1739981397308776868
25417,1739981397308284016,1739981397309309537
25418,1739981397309184472,1739981397309684903
25419,1739981397309460760,1739981397310093263
25420,1739981397309928159,1739981397310993546
25421,1739981397310350693,1739981397311866028
25422,1739981397311254826,1739981397312308750
25423,1739981397312100060,1739981397312702401
25424,1739981397312544632,1739981397313101690
25425,1739981397312957825,1739981397314452121
25426,1739981397313335532,1739981397314890730
25427,1739981397314716679,1739981397315277587
25428,1739981397315104065,1739981397315688914
25429,1739981397315505793,1739981397316457657
25430,1739981397315888756,1739981397317125289
25431,1739981397316660803,1739981397317582684
25432,1739981397317340042,1739981397317936277
25433,1739981397317777474,1739981397318280114
25434,1739981397318105334,1739981397319375638
25435,1739981397318474167,1739981397319800672
25436,1739981397319569173,1739981397320206417
25437,1739981397320058542,1739981397320589466
25438,1739981397320430508,1739981397321321134
25439,1739981397320773894,1739981397322052451
25440,1739981397321532496,1739981397322404889
25441,1739981397322206260,1739981397322806087
25442,1739981397322588229,1739981397323144461
25443,1739981397323019652,1739981397324416217
25444,1739981397323333579,1739981397324856102
25445,1739981397324698246,1739981397325296428
25446,1739981397325089743,1739981397325632829
25447,1739981397325508976,1739981397326557787
25448,1739981397325860311,1739981397327034447
25449,1739981397326864763,1739981397327346321
25450,1739981397327252548,1739981397327753375
25451,1739981397327459690,1739981397328639810
25452,1739981397327953319,1739981397329149888
25453,1739981397329058166,1739981397329674245
25454,1739981397329311812,1739981397330081035
25455,1739981397329860077,1739981397330960305
25456,1739981397330352517,1739981397331517945
25457,1739981397331332709,1739981397331897976
25458,1739981397331762348,1739981397332248247
25459,1739981397332114702,1739981397332957482
25460,1739981397332482166,1739981397333845343
25461,1739981397333269591,1739981397334365605
25462,1739981397334095712,1739981397334737970
25463,1739981397334560286,1739981397335247896
25464,1739981397334938793,1739981397335614273
25465,1739981397335418159,1739981397336451892
25466,1739981397335986777,1739981397336961563
25467,1739981397336795139,1739981397337319266
25468,1739981397337218084,1739981397337651495
25469,1739981397337544314,1739981397338526350
25470,1739981397337862648,1739981397339210421
25471,1739981397338738799,1739981397339567982
25472,1739981397339451401,1739981397340057631
25473,1739981397339767296,1739981397340934293
25474,1739981397340245756,1739981397341518566
25475,1739981397341290697,1739981397341920028
25476,1739981397341765278,1739981397342377547
25477,1739981397342157629,1739981397343151319
25478,1739981397342589920,1739981397343802303
25479,1739981397343310035,1739981397344327095
25480,1739981397344003425,1739981397344730257
25481,1739981397344542734,1739981397345156429
25482,1739981397344914167,1739981397346228451
25483,1739981397345363268,1739981397346632350
25484,1739981397346465703,1739981397347078921
25485,1739981397346841807,1739981397347718779
25486,1739981397347271472,1739981397348480142
25487,1739981397347989695,1739981397348932421
25488,1739981397348735211,1739981397349299297
25489,1739981397349160301,1739981397349617326
25490,1739981397349536027,1739981397350715451
25491,1739981397349752161,1739981397351078174
25492,1739981397350959460,1739981397351491166
25493,1739981397351365934,1739981397351965135
25494,1739981397351708429,1739981397352358240
25495,1739981397352179290,1739981397353195875
25496,1739981397352550150,1739981397353715612
25497,1739981397353556877,1739981397354145688
25498,1739981397353973257,1739981397354716248
25499,1739981397354561413,1739981397355088199
25500,1739981397354954120,1739981397355904931
25501,1739981397355287754,1739981397356600963
25502,1739981397356162760,1739981397357067713
25503,1739981397356825775,1739981397357696057
25504,1739981397357233223,1739981397358528840
25505,1739981397358018567,1739981397359032276
25506,1739981397358764667,1739981397359442590
25507,1739981397359229642,1739981397360218128
25508,1739981397359647880,1739981397360846703
25509,1739981397360447411,1739981397361204008
25510,1739981397361092246,1739981397361553159
25511,1739981397361417460,1739981397362341197
25512,1739981397361755172,1739981397363088136
25513,1739981397362655214,1739981397363467524
25514,1739981397363325618,1739981397363852228
25515,1739981397363678558,1739981397364440189
25516,1739981397364081344,1739981397364760946
25517,1739981397364646059,1739981397365714150
25518,1739981397364959069,1739981397366222461
25519,1739981397365865258,1739981397366738007
25520,1739981397366582204,1739981397367076432
25521,1739981397366937096,1739981397367430873
25522,1739981397367226128,1739981397367897819
25523,1739981397367649658,1739981397368686231
25524,1739981397368224867,1739981397369253794
25525,1739981397369085089,1739981397369703396
25526,1739981397369465453,1739981397370051589
25527,1739981397369900113,1739981397370712865
25528,1739981397370244923,1739981397371517198
25529,1739981397370961871,1739981397371890772
25530,1739981397371768741,1739981397372235880
25531,1739981397372168856,1739981397372681557
25532,1739981397372370406,1739981397373339805
25533,1739981397372871399,1739981397374112644
25534,1739981397373582287,1739981397374752269
25535,1739981397374327003,1739981397375075619
25536,1739981397374953292,1739981397375463751
25537,1739981397375244366,1739981397376255459
25538,1739981397375715006,1739981397377147129
25539,1739981397376528288,1739981397377504069
25540,1739981397377341083,1739981397377878679
25541,1739981397377670154,1739981397378251401
25542,1739981397378074320,1739981397378661219
25543,1739981397378452576,1739981397379763362
25544,1739981397379033881,1739981397380214954
25545,1739981397380042768,1739981397380667650
25546,1739981397380466234,1739981397381427409
25547,1739981397380890105,1739981397381945024
25548,1739981397381619484,1739981397382452329
25549,1739981397382299908,1739981397382815642
25550,1739981397382676137,1739981397383130676
25551,1739981397383060245,1739981397383575126
25552,1739981397383271130,1739981397384592587
25553,1739981397383781904,1739981397385030199
25554,1739981397384813179,1739981397385466460
25555,1739981397385227582,1739981397385858416
25556,1739981397385650986,1739981397386711559
25557,1739981397386045667,1739981397387375462
25558,1739981397386898157,1739981397387838261
25559,1739981397387582886,1739981397388213061
25560,1739981397388064565,1739981397388567886
25561,1739981397388427441,1739981397388944688
25562,1739981397388797956,1739981397389854031
25563,1739981397389154799,1739981397390521579
25564,1739981397390145769,1739981397391042275
25565,1739981397390756151,1739981397391955810
25566,1739981397391222244,1739981397392440626
25567,1739981397392240607,1739981397392860350
25568,1739981397392674112,1739981397393316336
25569,1739981397393066758,1739981397394144615
25570,1739981397393526929,1739981397394880249
25571,1739981397394376159,1739981397395303908
25572,1739981397395107105,1739981397395647840
25573,1739981397395546911,1739981397395983959
25574,1739981397395847039,1739981397396417386
25575,1739981397396208602,1739981397397092536
25576,1739981397396639302,1739981397397838656
25577,1739981397397431177,1739981397398215849
25578,1739981397398084881,1739981397398715826
25579,1739981397398440074,1739981397399085098
25580,1739981397398954550,1739981397399577827
25581,1739981397399313630,1739981397400386667
25582,1739981397399796042,1739981397401112488
25583,1739981397400656988,1739981397401475721
25584,1739981397401333760,1739981397401858894
25585,1739981397401669105,1739981397402206428
25586,1739981397402059112,1739981397403114800
25587,1739981397402448612,1739981397403806569
25588,1739981397403342797,1739981397404280080
25589,1739981397404036483,1739981397404706618
25590,1739981397404506839,1739981397405050240
25591,1739981397404899447,1739981397405413065
25592,1739981397405208719,1739981397406426573
25593,1739981397405581323,1739981397406789618
25594,1739981397406726294,1739981397407135698
25595,1739981397406968132,1739981397407538217
25596,1739981397407372813,1739981397407881849
25597,1739981397407737278,1739981397408732057
25598,1739981397408104022,1739981397409301346
25599,1739981397409081845,1739981397409766350
25600,1739981397409525220,1739981397410120291
25601,1739981397409995569,1739981397411138820
25602,1739981397410344730,1739981397411702418
25603,1739981397411560143,1739981397412243825
25604,1739981397411969987,1739981397412844580
25605,1739981397412486389,1739981397413714738
25606,1739981397413107002,1739981397414101622
25607,1739981397413967657,1739981397414591862
25608,1739981397414301159,1739981397415081606
25609,1739981397414784747,1739981397416263283
25610,1739981397415256394,1739981397416833413
25611,1739981397416557002,1739981397417335226
25612,1739981397417037695,1739981397418062714
25613,1739981397417524944,1739981397418861311
25614,1739981397418427246,1739981397419359242
25615,1739981397419084782,1739981397419845127
25616,1739981397419556535,1739981397420897757
25617,1739981397420054995,1739981397421357636
25618,1739981397421128125,1739981397421731964
25619,1739981397421539398,1739981397422051737
25620,1739981397421903194,1739981397422883982
25621,1739981397422202438,1739981397423584664
25622,1739981397423265048,1739981397423929963
25623,1739981397423841250,1739981397424576680
25624,1739981397424073591,1739981397424953802
25625,1739981397424779555,1739981397426083341
25626,1739981397425169401,1739981397426449493
25627,1739981397426303557,1739981397426901697
25628,1739981397426643455,1739981397427256241
25629,1739981397427084181,1739981397428063250
25630,1739981397427453287,1739981397428690652
25631,1739981397428250931,1739981397429152179
25632,1739981397428921564,1739981397429510591
25633,1739981397429340832,1739981397429844718
25634,1739981397429717703,1739981397431014419
25635,1739981397430069208,1739981397431436168
25636,1739981397431291579,1739981397431820593
25637,1739981397431654201,1739981397432514673
25638,1739981397432029749,1739981397433199840
25639,1739981397432757799,1739981397433542577
25640,1739981397433476351,1739981397433968693
25641,1739981397433708305,1739981397434394057
25642,1739981397434196197,1739981397434711493
25643,1739981397434628716,1739981397435806265
25644,1739981397434832952,1739981397436165138
25645,1739981397436079579,1739981397436583411
25646,1739981397436319677,1739981397436979929
25647,1739981397436802478,1739981397438188344
25648,1739981397437178801,1739981397438606582
25649,1739981397438446814,1739981397439038418
25650,1739981397438799737,1739981397439480387
25651,1739981397439222381,1739981397440622222
25652,1739981397439698346,1739981397441042945
25653,1739981397440836920,1739981397441446584
25654,1739981397441262986,1739981397441869367
25655,1739981397441641795,1739981397443045443
25656,1739981397442053037,1739981397443596141
25657,1739981397443232778,1739981397444008711
25658,1739981397443801200,1739981397444514027
25659,1739981397444221323,1739981397445610773
25660,1739981397444717920,1739981397446113491
25661,1739981397445955968,1739981397446581236
25662,1739981397446349594,1739981397447342736
25663,1739981397446759411,1739981397448030214
25664,1739981397447586765,1739981397448363992
25665,1739981397448232381,1739981397448812450
25666,1739981397448567736,1739981397449236743
25667,1739981397449047794,1739981397449590223
25668,1739981397449422158,1739981397450290455
25669,1739981397449783660,1739981397451189162
25670,1739981397450481542,1739981397451565659
25671,1739981397451413607,1739981397451955341
25672,1739981397451757444,1739981397452317397
25673,1739981397452165536,1739981397452997879
25674,1739981397452501598,1739981397453852027
25675,1739981397453280435,1739981397454416778
25676,1739981397454082146,1739981397454909496
25677,1739981397454622690,1739981397455334453
25678,1739981397455134303,1739981397456052627
25679,1739981397455541199,1739981397456897774
25680,1739981397456376026,1739981397457279472
25681,1739981397457127172,1739981397457650903
25682,1739981397457529535,1739981397458376838
25683,1739981397457867356,1739981397459029948
25684,1739981397458629209,1739981397459362377
25685,1739981397459251123,1739981397459757872
25686,1739981397459574499,1739981397460068124
25687,1739981397459948813,1739981397460677213
25688,1739981397460270406,1739981397461631748
25689,1739981397460945761,1739981397462038783
25690,1739981397461825804,1739981397462446307
25691,1739981397462235483,1739981397462842796
25692,1739981397462630840,1739981397463685943
25693,1739981397463023707,1739981397464438449
25694,1739981397463916016,1739981397464819991
25695,1739981397464646933,1739981397465219930
25696,1739981397465017260,1739981397465665820
25697,1739981397465590827,1739981397466771138
25698,1739981397465821330,1739981397467221017
25699,1739981397466999847,1739981397467637347
25700,1739981397467452761,1739981397467988559
25701,1739981397467834569,1739981397469243083
25702,1739981397468205512,1739981397469691782
25703,1739981397469507807,1739981397470080164
25704,1739981397469914032,1739981397470495685
25705,1739981397470277674,1739981397471399043
25706,1739981397470813553,1739981397471850558
25707,1739981397471769976,1739981397472317877
25708,1739981397472027199,1739981397472611037
25709,1739981397472509059,1739981397473424808
25710,1739981397472827731,1739981397473894850
25711,1739981397473618881,1739981397474606085
25712,1739981397474240730,1739981397474951959
25713,1739981397474808567,1739981397475374770
25714,1739981397475143284,1739981397475802181
25715,1739981397475563841,1739981397476755933
25716,1739981397475997163,1739981397477298204
25717,1739981397477163064,1739981397477688012
25718,1739981397477546907,1739981397478023995
25719,1739981397477883284,1739981397478932899
25720,1739981397478207173,1739981397479436127
25721,1739981397479183150,1739981397479849765
25722,1739981397479706438,1739981397481044726
25723,1739981397480078318,1739981397481401389
25724,1739981397481235398,1739981397481814613
25725,1739981397481631792,1739981397482152627
25726,1739981397482022662,1739981397482832653
25727,1739981397482454597,1739981397483435322
25728,1739981397483051269,1739981397483889980
25729,1739981397483620315,1739981397484215264
25730,1739981397484091957,1739981397484559670
25731,1739981397484442965,1739981397484982137
25732,1739981397484752882,1739981397485833166
25733,1739981397485189300,1739981397486412096
25734,1739981397486236570,1739981397486783529
25735,1739981397486651104,1739981397487221124
25736,1739981397487012909,1739981397488064993
25737,1739981397487428093,1739981397488647043
25738,1739981397488272800,1739981397489036262
25739,1739981397488893088,1739981397489856831
25740,1739981397489269103,1739981397490496378
25741,1739981397490085309,1739981397491002493
25742,1739981397490692569,1739981397492240210
25743,1739981397491236557,1739981397492667358
25744,1739981397492461162,1739981397493038929
25745,1739981397492848357,1739981397494045372
25746,1739981397493286378,1739981397494574086
25747,1739981397494440189,1739981397494956254
25748,1739981397494788802,1739981397496098438
25749,1739981397495171597,1739981397496605636
25750,1739981397496506878,1739981397496944080
25751,1739981397496751143,1739981397497355042
25752,1739981397497168498,1739981397498164640
25753,1739981397497573868,1739981397498710680
25754,1739981397498468514,1739981397499268968
25755,1739981397499089829,1739981397499752092
25756,1739981397499486631,1739981397500137604
25757,1739981397499947428,1739981397501070532
25758,1739981397500323304,1739981397501769171
25759,1739981397501359062,1739981397502154494
25760,1739981397502002989,1739981397502498416
25761,1739981397502329749,1739981397502915902
25762,1739981397502692625,1739981397503838989
25763,1739981397503106724,1739981397504406938
25764,1739981397504170961,1739981397504917204
25765,1739981397504638370,1739981397505275332
25766,1739981397505162485,1739981397506137441
25767,1739981397505485402,1739981397506655820
25768,1739981397506523840,1739981397506981646
25769,1739981397506835551,1739981397507311184
25770,1739981397507210757,1739981397508370550
25771,1739981397507817624,1739981397508785739
25772,1739981397508647282,1739981397509165663
25773,1739981397509003052,1739981397509601623
25774,1739981397509363974,1739981397510426449
25775,1739981397509797344,1739981397511410208
25776,1739981397510715472,1739981397511823786
25777,1739981397511631837,1739981397512208030
25778,1739981397512073187,1739981397512935228
25779,1739981397512419026,1739981397513774214
25780,1739981397513077885,1739981397514263236
25781,1739981397513994622,1739981397514646891
25782,1739981397514513780,1739981397515011708
25783,1739981397514865049,1739981397515465077
25784,1739981397515245914,1739981397516336648
25785,1739981397515685817,1739981397516851519
25786,1739981397516691063,1739981397517296801
25787,1739981397517072077,1739981397517621848
25788,1739981397517527508,1739981397518384663
25789,1739981397517828802,1739981397519048129
25790,1739981397518598199,1739981397519381373
25791,1739981397519266634,1739981397519745487
25792,1739981397519617676,1739981397520077586
25793,1739981397519963711,1739981397521043146
25794,1739981397520266824,1739981397521536441
25795,1739981397521359585,1739981397521949053
25796,1739981397521727590,1739981397522291699
25797,1739981397522143288,1739981397522614659
25798,1739981397522453435,1739981397523407381
25799,1739981397522829028,1739981397524448571
25800,1739981397523596820,1739981397524843569
25801,1739981397524677626,1739981397525197390
25802,1739981397525051403,1739981397525621107
25803,1739981397525403148,1739981397526396718
25804,1739981397525853582,1739981397526933508
25805,1739981397526640150,1739981397527337566
25806,1739981397527186199,1739981397527899521
25807,1739981397527505412,1739981397528519489
25808,1739981397528099674,1739981397529077801
25809,1739981397528845218,1739981397529428149
25810,1739981397529310325,1739981397529760085
25811,1739981397529655946,1739981397530646750
25812,1739981397529957805,1739981397531168435
25813,1739981397530824145,1739981397531760629
25814,1739981397531522292,1739981397532164978
25815,1739981397531956956,1739981397532483476
25816,1739981397532325703,1739981397533207939
25817,1739981397532736886,1739981397534009969
25818,1739981397533509314,1739981397534453365
25819,1739981397534238655,1739981397534922216
25820,1739981397534678754,1739981397535340355
25821,1739981397535122711,1739981397536213118
25822,1739981397535551460,1739981397536708718
25823,1739981397536557999,1739981397537281787
25824,1739981397536925885,1739981397538178863
25825,1739981397537540402,1739981397538922504
25826,1739981397538427245,1739981397539290907
25827,1739981397539189785,1739981397539653407
25828,1739981397539422565,1739981397539988662
25829,1739981397539898036,1739981397540362399
25830,1739981397540229676,1739981397541087879
25831,1739981397540682662,1739981397541663603
25832,1739981397541449052,1739981397542120224
25833,1739981397541895585,1739981397542498918
25834,1739981397542313971,1739981397543324541
25835,1739981397542819679,1739981397543791890
25836,1739981397543481911,1739981397544499510
25837,1739981397544135678,1739981397544916256
25838,1739981397544705580,1739981397545319116
25839,1739981397545121078,1739981397545664913
25840,1739981397545520141,1739981397546548950
25841,1739981397545844516,1739981397547171437
25842,1739981397546936884,1739981397547583580
25843,1739981397547415991,1739981397548485337
25844,1739981397547821748,1739981397549176121
25845,1739981397548848522,1739981397549615776
25846,1739981397549364996,1739981397550730036
25847,1739981397549843260,1739981397551259101
25848,1739981397551077264,1739981397551618106
25849,1739981397551489164,1739981397551988027
25850,1739981397551853699,1739981397552406892
25851,1739981397552177472,1739981397553170484
25852,1739981397552615604,1739981397553629045
25853,1739981397553320781,1739981397554244789
25854,1739981397553935862,1739981397554630998
25855,1739981397554435602,1739981397555100587
25856,1739981397554853551,1739981397555468410
25857,1739981397555300257,1739981397556255826
25858,1739981397555644289,1739981397556982056
25859,1739981397556427116,1739981397557339908
25860,1739981397557211674,1739981397557759935
25861,1739981397557538870,1739981397558164707
25862,1739981397557943738,1739981397558915518
25863,1739981397558368120,1739981397559715408
25864,1739981397559149878,1739981397560163761
25865,1739981397559982958,1739981397560512971
25866,1739981397560390769,1739981397560876424
25867,1739981397560703115,1739981397561644078
25868,1739981397561067530,1739981397562150715
25869,1739981397561791050,1739981397562711150
25870,1739981397562510070,1739981397563059509
25871,1739981397562889308,1739981397563419568
25872,1739981397563266670,1739981397563731485
25873,1739981397563609848,1739981397564771154
25874,1739981397563926351,1739981397565216946
25875,1739981397564950258,1739981397565680888
25876,1739981397565438494,1739981397566057036
25877,1739981397565920453,1739981397566868034
25878,1739981397566250617,1739981397567599905
25879,1739981397567074066,1739981397568180687
25880,1739981397567820093,1739981397568913084
25881,1739981397568374002,1739981397569735819
25882,1739981397569109745,1739981397570124025
25883,1739981397570010884,1739981397570579701
25884,1739981397570365307,1739981397570957236
25885,1739981397570782679,1739981397571760680
25886,1739981397571195242,1739981397572463380
25887,1739981397571915533,1739981397572925917
25888,1739981397572702572,1739981397573337946
25889,1739981397573140235,1739981397574291121
25890,1739981397573659831,1739981397574936753
25891,1739981397574460082,1739981397575267825
25892,1739981397575176126,1739981397575703346
25893,1739981397575475249,1739981397576040618
25894,1739981397575902044,1739981397576379326
25895,1739981397576212975,1739981397577128647
25896,1739981397576600052,1739981397577890914
25897,1739981397577492804,1739981397578333793
25898,1739981397578114526,1739981397578683166
25899,1739981397578534416,1739981397579003092
25900,1739981397578870099,1739981397579714348
25901,1739981397579225988,1739981397580547320
25902,1739981397579969255,1739981397580916422
25903,1739981397580768198,1739981397581375417
25904,1739981397581095922,1739981397581759541
25905,1739981397581567031,1739981397582563227
25906,1739981397581949983,1739981397583294010
25907,1739981397582754199,1739981397583650561
25908,1739981397583545396,1739981397584053482
25909,1739981397583912783,1739981397584430987
25910,1739981397584281039,1739981397584764289
25911,1739981397584631882,1739981397585328267
25912,1739981397584934341,1739981397586132610
25913,1739981397585556072,1739981397586474414
25914,1739981397586316742,1739981397586832924
25915,1739981397586675101,1739981397587182177
25916,1739981397587053470,1739981397588202829
25917,1739981397587383903,1739981397588730432
25918,1739981397588562249,1739981397589183389
25919,1739981397588992573,1739981397589664717
25920,1739981397589379418,1739981397590392481
25921,1739981397589919654,1739981397590962619
25922,1739981397590718880,1739981397591373292
25923,1739981397591184272,1739981397591821040
25924,1739981397591554012,1739981397592582831
25925,1739981397591997276,1739981397593312914
25926,1739981397592872171,1739981397593825899
25927,1739981397593508223,1739981397594367057
25928,1739981397594055119,1739981397594803910
25929,1739981397594585708,1739981397595201573
25930,1739981397594999809,1739981397596019509
25931,1739981397595381341,1739981397596495536
25932,1739981397596369630,1739981397596980676
25933,1739981397596730632,1739981397597316251
25934,1739981397597171993,1739981397597894616
25935,1739981397597512824,1739981397598823478
25936,1739981397598071436,1739981397599223081
25937,1739981397599041475,1739981397599695608
25938,1739981397599409707,1739981397600096858
25939,1739981397599884045,1739981397600747874
25940,1739981397600278163,1739981397601473420
25941,1739981397600992830,1739981397601878900
25942,1739981397601699489,1739981397602307034
25943,1739981397602059659,1739981397602781054
25944,1739981397602490940,1739981397603610461
25945,1739981397602969040,1739981397604284294
25946,1739981397603995043,1739981397604732118
25947,1739981397604517333,1739981397605237989
25948,1739981397604943089,1739981397606126415
25949,1739981397605428668,1739981397606706735
25950,1739981397606440816,1739981397607083823
25951,1739981397606907334,1739981397607428008
25952,1739981397607279124,1739981397608219845
25953,1739981397607616427,1739981397608926196
25954,1739981397608601218,1739981397609310196
25955,1739981397609154989,1739981397609673210
25956,1739981397609536743,1739981397610010955
25957,1739981397609893636,1739981397611008171
25958,1739981397610238875,1739981397611770960
25959,1739981397611196526,1739981397612188816
25960,1739981397612041702,1739981397612674320
25961,1739981397612412654,1739981397613004055
25962,1739981397612906238,1739981397613870844
25963,1739981397613202368,1739981397614374785
25964,1739981397614069448,1739981397614972580
25965,1739981397614722573,1739981397615610485
25966,1739981397615222245,1739981397616160487
25967,1739981397615820958,1739981397616565468
25968,1739981397616339338,1739981397617366242
25969,1739981397616842544,1739981397618019807
25970,1739981397617537932,1739981397618469208
25971,1739981397618261408,1739981397618895703
25972,1739981397618694465,1739981397619820683
25973,1739981397619099145,1739981397620323736
25974,1739981397620226133,1739981397620684361
25975,1739981397620583798,1739981397621111426
25976,1739981397620917879,1739981397621421138
25977,1739981397621342889,1739981397622258456
25978,1739981397621647614,1739981397623167364
25979,1739981397622422232,1739981397623553833
25980,1739981397623439481,1739981397623958685
25981,1739981397623751508,1739981397624470516
25982,1739981397624183929,1739981397624806627
25983,1739981397624706309,1739981397625733618
25984,1739981397625037139,1739981397626501425
25985,1739981397625966001,1739981397626921625
25986,1739981397626696262,1739981397627395526
25987,1739981397627134241,1739981397627839319
25988,1739981397627600153,1739981397628780697
25989,1739981397628047319,1739981397629564019
25990,1739981397628952294,1739981397629993567
25991,1739981397629800863,1739981397630348117
25992,1739981397630194171,1739981397630870917
25993,1739981397630524835,1739981397632065972
25994,1739981397631062890,1739981397632523332
25995,1739981397632326929,1739981397632969669
25996,1739981397632721997,1739981397633303889
25997,1739981397633174648,1739981397634079877
25998,1739981397633535657,1739981397634790839
25999,1739981397634412116,1739981397635161020
26000,1739981397635089250,1739981397635502234
26001,1739981397635310260,1739981397636218981
26002,1739981397635740624,1739981397637098692
26003,1739981397636452456,1739981397637549357
26004,1739981397637337723,1739981397637941951
26005,1739981397637758902,1739981397638300763
26006,1739981397638158050,1739981397639190969
26007,1739981397638475310,1739981397639712563
26008,1739981397639343443,1739981397640310185
26009,1739981397640078803,1739981397640775794
26010,1739981397640505099,1739981397641282433
26011,1739981397640992208,1739981397642450171
26012,1739981397641463916,1739981397643030248
26013,1739981397642760031,1739981397643392920
26014,1739981397643243399,1739981397644378020
26015,1739981397643608478,1739981397645196326
26016,1739981397644565949,1739981397645641178
26017,1739981397645380864,1739981397646068237
26018,1739981397645845012,1739981397646458572
26019,1739981397646229141,1739981397647257035
26020,1739981397646652455,1739981397647679864
26021,1739981397647491476,1739981397648271390
26022,1739981397648086877,1739981397648631643
26023,1739981397648476008,1739981397648938705
26024,1739981397648837699,1739981397649229532
26025,1739981397649141470,1739981397650323235
26026,1739981397649452246,1739981397650680975
26027,1739981397650577507,1739981397651129185
26028,1739981397650887936,1739981397651481337
26029,1739981397651348140,1739981397652327651
26030,1739981397651646703,1739981397652996035
26031,1739981397652555663,1739981397653376182
26032,1739981397653235442,1739981397653834943
26033,1739981397653560262,1739981397654383440
26034,1739981397654041201,1739981397654867367
26035,1739981397654565228,1739981397655677265
26036,1739981397655051727,1739981397656591057
26037,1739981397655959681,1739981397657016612
26038,1739981397656843296,1739981397657400538
26039,1739981397657224765,1739981397658239441
26040,1739981397657622249,1739981397658752910
26041,1739981397658474075,1739981397659218457
26042,1739981397659102284,1739981397659574933
26043,1739981397659429494,1739981397659996029
26044,1739981397659778973,1739981397660344751
26045,1739981397660229042,1739981397661147711
26046,1739981397660538288,1739981397661620499
26047,1739981397661526569,1739981397662095953
26048,1739981397661768517,1739981397662424343
26049,1739981397662291921,1739981397663300275
26050,1739981397662609652,1739981397664072447
26051,1739981397663474237,1739981397664517175
26052,1739981397664284217,1739981397664966595
26053,1739981397664755699,1739981397665313626
26054,1739981397665196183,1739981397666094962
26055,1739981397665649669,1739981397666629080
26056,1739981397666384282,1739981397667107733
26057,1739981397666854685,1739981397667577650
26058,1739981397667360124,1739981397668704564
26059,1739981397667813646,1739981397669174758
26060,1739981397668932337,1739981397669687769
26061,1739981397669402573,1739981397670057480
26062,1739981397669914739,1739981397670897886
26063,1739981397670231639,1739981397671501633
26064,1739981397671038900,1739981397671850876
26065,1739981397671735051,1739981397672173481
26066,1739981397672081379,1739981397672557604
26067,1739981397672418825,1739981397673360866
26068,1739981397672840563,1739981397673832240
26069,1739981397673691162,1739981397674257603
26070,1739981397674042272,1739981397674706721
26071,1739981397674554622,1739981397675086471
26072,1739981397674882331,1739981397676019496
26073,1739981397675265560,1739981397676606753
26074,1739981397676315691,1739981397677089463
26075,1739981397676908658,1739981397677549239
26076,1739981397677322131,1739981397678520565
26077,1739981397677745449,1739981397679080684
26078,1739981397678825362,1739981397679496536
26079,1739981397679331972,1739981397679920250
26080,1739981397679710385,1739981397680711957
26081,1739981397680114648,1739981397681521164
26082,1739981397681004508,1739981397682010364
26083,1739981397681768816,1739981397682398142
26084,1739981397682233731,1739981397683051908
26085,1739981397682580486,1739981397683880094
26086,1739981397683289162,1739981397684374012
26087,1739981397684126882,1739981397684745315
26088,1739981397684634142,1739981397685204730
26089,1739981397684963946,1739981397685528264
26090,1739981397685385143,1739981397686287787
26091,1739981397685725995,1739981397687021222
26092,1739981397686530853,1739981397687489239
26093,1739981397687223138,1739981397687895657
26094,1739981397687704112,1739981397688374782
26095,1739981397688122913,1739981397689079637
26096,1739981397688584225,1739981397689805052
26097,1739981397689241592,1739981397690208661
26098,1739981397690060182,1739981397690659537
26099,1739981397690442796,1739981397691108964
26100,1739981397690870311,1739981397692176133
26101,1739981397691307286,1739981397692775954
26102,1739981397692518889,1739981397693271844
26103,1739981397693009293,1739981397694084072
26104,1739981397693479186,1739981397695059980
26105,1739981397694521931,1739981397695595919
26106,1739981397695246103,1739981397695974382
26107,1739981397695792275,1739981397696824746
26108,1739981397696172896,1739981397697622754
26109,1739981397697009921,1739981397697968923
26110,1739981397697845593,1739981397698297741
26111,1739981397698171612,1739981397698684902
26112,1739981397698485705,1739981397698981988
26113,1739981397698879980,1739981397699303129
26114,1739981397699164173,1739981397700160548
26115,1739981397699518334,1739981397700662797
26116,1739981397700525628,1739981397701060109
26117,1739981397700885112,1739981397701372948
26118,1739981397701267960,1739981397702180702
26119,1739981397701582041,1739981397702745722
26120,1739981397702549658,1739981397703106103
26121,1739981397702976974,1739981397703439643
26122,1739981397703367918,1739981397704413367
26123,1739981397703673490,1739981397704916188
26124,1739981397704614112,1739981397705287169
26125,1739981397705125132,1739981397706166679
26126,1739981397705461080,1739981397706633287
26127,1739981397706322801,1739981397707086597
26128,1739981397706957657,1739981397707483428
26129,1739981397707307006,1739981397707796848
26130,1739981397707686422,1739981397708095551
26131,1739981397708013875,1739981397708921316
26132,1739981397708283980,1739981397709375749
26133,1739981397709227132,1739981397709719139
26134,1739981397709586781,1739981397710177536
26135,1739981397709931663,1739981397710500603
26136,1739981397710386220,1739981397711630204
26137,1739981397710692840,1739981397712050967
26138,1739981397711891548,1739981397712466696
26139,1739981397712221682,1739981397712931081
26140,1739981397712654556,1739981397713999671
26141,1739981397713115219,1739981397714472622
26142,1739981397714305830,1739981397714826914
26143,1739981397714680078,1739981397715258968
26144,1739981397715001191,1739981397716058238
26145,1739981397715439657,1739981397716943158
26146,1739981397716375778,1739981397717460360
26147,1739981397717171009,1739981397717801925
26148,1739981397717668755,1739981397718626725
26149,1739981397718008233,1739981397719290920
26150,1739981397718881897,1739981397719663994
26151,1739981397719584721,1739981397719975271
26152,1739981397719804081,1739981397720377081
26153,1739981397720174780,1739981397720687214
26154,1739981397720559266,1739981397721004371
26155,1739981397720887238,1739981397722274433
26156,1739981397721353780,1739981397722684297
26157,1739981397722526370,1739981397723092095
26158,1739981397722895950,1739981397723486720
26159,1739981397723296719,1739981397724438156
26160,1739981397723674260,1739981397725227177
26161,1739981397724636791,1739981397725737530
26162,1739981397725464106,1739981397726109290
26163,1739981397725938570,1739981397726781586
26164,1739981397726287932,1739981397727561204
26165,1739981397727077560,1739981397728059199
26166,1739981397727763889,1739981397728435194
26167,1739981397728218811,1739981397728821431
26168,1739981397728615609,1739981397729955212
26169,1739981397728996050,1739981397730400548
26170,1739981397730179293,1739981397730828013
26171,1739981397730689895,1739981397731246919
26172,1739981397731013852,1739981397732043450
26173,1739981397731461945,1739981397732714540
26174,1739981397732241253,1739981397733161411
26175,1739981397732965981,1739981397733493051
26176,1739981397733352549,1739981397733832563
26177,1739981397733703995,1739981397734121587
26178,1739981397734036409,1739981397734590027
26179,1739981397734379653,1739981397735108134
26180,1739981397734779523,1739981397735966483
26181,1739981397735439297,1739981397736340784
26182,1739981397736227011,1739981397736664506
26183,1739981397736541564,1739981397737013208
26184,1739981397736862839,1739981397737882126
26185,1739981397737189907,1739981397738450876
26186,1739981397738205777,1739981397738911044
26187,1739981397738657273,1739981397739531900
26188,1739981397739148926,1739981397740392935
26189,1739981397739785029,1739981397740866509
26190,1739981397740635185,1739981397741269386
26191,1739981397741125477,1739981397741871889
26192,1739981397741461694,1739981397742670378
26193,1739981397742063874,1739981397743045342
26194,1739981397742916195,1739981397743379222
26195,1739981397743265872,1739981397743790115
26196,1739981397743569003,1739981397744299101
26197,1739981397744000507,1739981397745035484
26198,1739981397744646810,1739981397745488022
26199,1739981397745259118,1739981397746004705
26200,1739981397745690195,1739981397746402514
26201,1739981397746184392,1739981397747397622
26202,1739981397746577993,1739981397748033479
26203,1739981397747670189,1739981397748434937
26204,1739981397748236993,1739981397749202999
26205,1739981397748657919,1739981397749995665
26206,1739981397749472919,1739981397750505409
26207,1739981397750272424,1739981397751042548
26208,1739981397750730545,1739981397751446335
26209,1739981397751223312,1739981397752238709
26210,1739981397751909977,1739981397752971929
26211,1739981397752701920,1739981397753436471
26212,1739981397753193139,1739981397753810735
26213,1739981397753646443,1739981397754773821
26214,1739981397753997593,1739981397755341661
26215,1739981397754987717,1739981397755637151
26216,1739981397755531553,1739981397756048562
26217,1739981397755843359,1739981397756359338
26218,1739981397756252113,1739981397756705021
26219,1739981397756573526,1739981397757138118
26220,1739981397756906121,1739981397757917008
26221,1739981397757348316,1739981397758654380
26222,1739981397758100052,1739981397759026902
26223,1739981397758897516,1739981397759476644
26224,1739981397759271846,1739981397759886435
26225,1739981397759683753,1739981397760707213
26226,1739981397760080142,1739981397761373434
26227,1739981397760905423,1739981397761751701
26228,1739981397761623554,1739981397762631971
26229,1739981397761944841,1739981397763247985
26230,1739981397762896210,1739981397763801477
26231,1739981397763475330,1739981397764874176
26232,1739981397764046165,1739981397765361599
26233,1739981397765232090,1739981397765822234
26234,1739981397765567491,1739981397766591723
26235,1739981397766013401,1739981397767371218
26236,1739981397766823266,1739981397767794268
26237,1739981397767611353,1739981397768136695
26238,1739981397768021694,1739981397768436387
26239,1739981397768347005,1739981397768803397
26240,1739981397768647232,1739981397769620466
26241,1739981397768975588,1739981397770055007
26242,1739981397769917731,1739981397770431905
26243,1739981397770227608,1739981397770849178
26244,1739981397770647390,1739981397771577991
26245,1739981397771049413,1739981397772365609
26246,1739981397771789672,1739981397772744417
26247,1739981397772646182,1739981397773094493
26248,1739981397772872590,1739981397773491758
26249,1739981397773303563,1739981397774469623
26250,1739981397773738155,1739981397775184866
26251,1739981397774691290,1739981397775593491
26252,1739981397775408930,1739981397775991859
26253,1739981397775796209,1739981397776431611
26254,1739981397776187394,1739981397777357539
26255,1739981397776644108,1739981397777921227
26256,1739981397777678651,1739981397778353516
26257,1739981397778185072,1739981397778699218
26258,1739981397778581760,1739981397779540136
26259,1739981397778900072,1739981397780095343
26260,1739981397779846629,1739981397780440765
26261,1739981397780319958,1739981397780756554
26262,1739981397780648455,1739981397781523737
26263,1739981397781110770,1739981397782215518
26264,1739981397781765973,1739981397782722313
26265,1739981397782467133,1739981397783155365
26266,1739981397782984062,1739981397783568910
26267,1739981397783393320,1739981397784847544
26268,1739981397783779163,1739981397785435772
26269,1739981397785104040,1739981397785965441
26270,1739981397785674724,1739981397786759986
26271,1739981397786185131,1739981397787517780
26272,1739981397786997154,1739981397787939795
26273,1739981397787783005,1739981397788400624
26274,1739981397788160218,1739981397788977243
26275,1739981397788591348,1739981397790140543
26276,1739981397789167163,1739981397790611765
26277,1739981397790354402,1739981397791030244
26278,1739981397790809700,1739981397791919106
26279,1739981397791195586,1739981397792724986
26280,1739981397792134285,1739981397793108126
26281,1739981397792970227,1739981397794023964
26282,1739981397793309435,1739981397794667983
26283,1739981397794403480,1739981397795030863
26284,1739981397794869882,1739981397795347452
26285,1739981397795225530,1739981397796368164
26286,1739981397795554735,1739981397797073244
26287,1739981397796636523,1739981397797435879
26288,1739981397797298701,1739981397797901407
26289,1739981397797645120,1739981397798277395
26290,1739981397798110342,1739981397799033336
26291,1739981397798499519,1739981397799782342
26292,1739981397799277108,1739981397800237057
26293,1739981397800056700,1739981397800627484
26294,1739981397800475133,1739981397801011309
26295,1739981397800865956,1739981397801662180
26296,1739981397801218610,1739981397802447969
26297,1739981397801916327,1739981397802916295
26298,1739981397802690669,1739981397803294067
26299,1739981397803137193,1739981397804014146
26300,1739981397803481514,1739981397805025949
26301,1739981397804164641,1739981397805459562
26302,1739981397805248204,1739981397805858858
26303,1739981397805689142,1739981397806617011
26304,1739981397806078700,1739981397807332337
26305,1739981397806816639,1739981397807674667
26306,1739981397807570720,1739981397808092259
26307,1739981397807900031,1739981397808436053
26308,1739981397808318502,1739981397808748726
26309,1739981397808628463,1739981397809583034
26310,1739981397808965803,1739981397810388693
26311,1739981397809839174,1739981397810769249
26312,1739981397810607179,1739981397811164488
26313,1739981397810982924,1739981397811478348
26314,1739981397811361817,1739981397812407783
26315,1739981397811686627,1739981397812934377
26316,1739981397812781155,1739981397813433037
26317,1739981397813153515,1739981397813785720
26318,1739981397813634607,1739981397814763831
26319,1739981397813989781,1739981397815513915
26320,1739981397814979419,1739981397815930029
26321,1739981397815782202,1739981397816318182
26322,1739981397816114591,1739981397816727532
26323,1739981397816552993,1739981397817061773
26324,1739981397816915934,1739981397817792918
26325,1739981397817198608,1739981397818580310
26326,1739981397818066009,1739981397818963541
26327,1739981397818812835,1739981397819297524
26328,1739981397819184922,1739981397819769497
26329,1739981397819486534,1739981397820132691
26330,1739981397819993033,1739981397820991885
26331,1739981397820320214,1739981397821558147
26332,1739981397821135125,1739981397822032539
26333,1739981397821784787,1739981397822419441
26334,1739981397822252949,1739981397823600474
26335,1739981397822625485,1739981397824140298
26336,1739981397823871032,1739981397824543043
26337,1739981397824414826,1739981397824882496
26338,1739981397824764186,1739981397825759986
26339,1739981397825102307,1739981397826602921
26340,1739981397826010248,1739981397827078271
26341,1739981397826811657,1739981397827412899
26342,1739981397827295016,1739981397827824063
26343,1739981397827626150,1739981397828994619
26344,1739981397828177358,1739981397829433984
26345,1739981397829245574,1739981397829828756
26346,1739981397829655418,1739981397830262364
26347,1739981397830054322,1739981397831075426
26348,1739981397830517921,1739981397831531113
26349,1739981397831427144,1739981397831946914
26350,1739981397831666808,1739981397832342164
26351,1739981397832219610,1739981397832849471
26352,1739981397832553388,1739981397833702328
26353,1739981397833286341,1739981397834244752
26354,1739981397833979397,1739981397834650789
26355,1739981397834510454,1739981397835108050
26356,1739981397834881655,1739981397835853036
26357,1739981397835312344,1739981397836672964
26358,1739981397836187457,1739981397837171044
26359,1739981397836851624,1739981397837636782
26360,1739981397837360049,1739981397838860078
26361,1739981397837819212,1739981397839260620
26362,1739981397839076039,1739981397839675966
26363,1739981397839457106,1739981397840004540
26364,1739981397839869032,1739981397841313449
26365,1739981397840185928,1739981397841825647
26366,1739981397841512734,1739981397842370406
26367,1739981397842035917,1739981397843433463
26368,1739981397842549030,1739981397843992995
26369,1739981397843762219,1739981397844503424
26370,1739981397844216249,1739981397845007378
26371,1739981397844710002,1739981397846131996
26372,1739981397845228097,1739981397846554144
26373,1739981397846376086,1739981397846990913
26374,1739981397846774009,1739981397847596649
26375,1739981397847209155,1739981397848325829
26376,1739981397847869080,1739981397848714887
26377,1739981397848517346,1739981397849056380
26378,1739981397848971272,1739981397849412918
26379,1739981397849199944,1739981397849903336
26380,1739981397849648244,1739981397850654130
26381,1739981397850342450,1739981397851243605
26382,1739981397850818116,1739981397851627854
26383,1739981397851459189,1739981397851979209
26384,1739981397851843109,1739981397852332009
26385,1739981397852189261,1739981397852726996
26386,1739981397852568690,1739981397853544183
26387,1739981397852932511,1739981397854305108
26388,1739981397853774996,1739981397854714743
26389,1739981397854554878,1739981397855127452
26390,1739981397854915134,1739981397855491677
26391,1739981397855356292,1739981397856190720
26392,1739981397855681454,1739981397857121355
26393,1739981397856426351,1739981397857466175
26394,1739981397857368548,1739981397857774583
26395,1739981397857679691,1739981397858162889
26396,1739981397857988080,1739981397858786082
26397,1739981397858368910,1739981397859483848
26398,1739981397859020926,1739981397859861222
26399,1739981397859748688,1739981397860296720
26400,1739981397860067565,1739981397860659650
26401,1739981397860506666,1739981397861729036
26402,1739981397860859834,1739981397862072470
26403,1739981397861941979,1739981397862434959
26404,1739981397862199327,1739981397862745723
26405,1739981397862617923,1739981397863540780
26406,1739981397862922008,1739981397864324035
26407,1739981397863802966,1739981397864801821
26408,1739981397864581657,1739981397865348591
26409,1739981397865009044,1739981397865826548
26410,1739981397865562974,1739981397866475659
26411,1739981397866048330,1739981397867269713
26412,1739981397866688749,1739981397867791485
26413,1739981397867491041,1739981397868209761
26414,1739981397867992298,1739981397868738878
26415,1739981397868393609,1739981397869461838
26416,1739981397869143016,1739981397869952554
26417,1739981397869833302,1739981397870286531
26418,1739981397870162904,1739981397870708502
26419,1739981397870500766,1739981397871034971
26420,1739981397870896936,1739981397871823136
26421,1739981397871228533,1739981397872496280
26422,1739981397872059450,1739981397872981835
26423,1739981397872787963,1739981397873357295
26424,1739981397873186852,1739981397873819034
26425,1739981397873550805,1739981397874787143
26426,1739981397874058555,1739981397875506909
26427,1739981397874967163,1739981397875954746
26428,1739981397875688726,1739981397876379402
26429,1739981397876209193,1739981397877032598
26430,1739981397876597198,1739981397877865775
26431,1739981397877296892,1739981397878312105
26432,1739981397878107533,1739981397878818699
26433,1739981397878500726,1739981397879210300
26434,1739981397879057227,1739981397880384501
26435,1739981397879407507,1739981397880872256
26436,1739981397880669307,1739981397881249765
26437,1739981397881082288,1739981397882124152
26438,1739981397881469390,1739981397882691956
26439,1739981397882289767,1739981397883060110
26440,1739981397882886705,1739981397883398998
26441,1739981397883251255,1739981397884551052
26442,1739981397883620632,1739981397884901310
26443,1739981397884773063,1739981397885271625
26444,1739981397885180025,1739981397885757709
26445,1739981397885389519,1739981397886551227
26446,1739981397885954255,1739981397887172230
26447,1739981397886911931,1739981397887558884
26448,1739981397887382120,1739981397887998069
26449,1739981397887765433,1739981397889027595
26450,1739981397888186252,1739981397889573821
26451,1739981397889364246,1739981397889938972
26452,1739981397889769974,1739981397890308460
26453,1739981397890152317,1739981397891231117
26454,1739981397890485141,1739981397891698075
26455,1739981397891585384,1739981397892123804
26456,1739981397891897442,1739981397892639613
26457,1739981397892336779,1739981397893453335
26458,1739981397892838251,1739981397893984589
26459,1739981397893634210,1739981397894490191
26460,1739981397894249474,1739981397894818786
26461,1739981397894720237,1739981397895142816
26462,1739981397895001570,1739981397895531752
26463,1739981397895332103,1739981397896334232
26464,1739981397895731986,1739981397896802505
26465,1739981397896651273,1739981397897179203
26466,1739981397897002333,1739981397897608592
26467,1739981397897373142,1739981397897929294
26468,1739981397897796178,1739981397899019350
26469,1739981397898138359,1739981397899402503
26470,1739981397899240178,1739981397899733535
26471,1739981397899606263,1739981397900036829
26472,1739981397899910535,1739981397900747836
26473,1739981397900215884,1739981397901553892
26474,1739981397900935421,1739981397902041081
26475,1739981397901762441,1739981397902457629
26476,1739981397902248579,1739981397903144923
26477,1739981397902698293,1739981397904019171
26478,1739981397903438515,1739981397904516278
26479,1739981397904269296,1739981397904916537
26480,1739981397904742242,1739981397905282670
26481,1739981397905097752,1739981397906126801
26482,1739981397905468104,1739981397906685747
26483,1739981397906304459,1739981397907041810
26484,1739981397906892545,1739981397907464235
26485,1739981397907211452,1739981397907769113
26486,1739981397907652852,1739981397908615373
26487,1739981397907945260,1739981397909477734
26488,1739981397908784165,1739981397909871845
26489,1739981397909664222,1739981397910319821
26490,1739981397910034408,1739981397910726891
26491,1739981397910503017,1739981397911502792
26492,1739981397910920385,1739981397912245701
26493,1739981397911764111,1739981397912716267
26494,1739981397912474106,1739981397913074226
26495,1739981397912939013,1739981397913538704
26496,1739981397913287831,1739981397914670703
26497,1739981397913766322,1739981397915208072
26498,1739981397914956616,1739981397915717921
26499,1739981397915439778,1739981397916605222
26500,1739981397915936112,1739981397917620160
26501,1739981397916797748,1739981397918074623
26502,1739981397917887903,1739981397918606083
26503,1739981397918305524,1739981397919411159
26504,1739981397918808272,1739981397920334400
26505,1739981397919719563,1739981397920711086
26506,1739981397920556713,1739981397921035363
26507,1739981397920934124,1739981397921329225
26508,1739981397921241399,1739981397922482487
26509,1739981397921549654,1739981397922857385
26510,1739981397922651805,1739981397923222510
26511,1739981397923053654,1739981397923643468
26512,1739981397923481039,1739981397924120186
26513,1739981397923816334,1739981397924532908
26514,1739981397924264598,1739981397925481292
26515,1739981397924726359,1739981397926007457
26516,1739981397925852712,1739981397926581967
26517,1739981397926226873,1739981397927013905
26518,1739981397926772477,1739981397928078996
26519,1739981397927198215,1739981397928497402
26520,1739981397928302022,1739981397928904059
26521,1739981397928723093,1739981397929400949
26522,1739981397929170598,1739981397930342302
26523,1739981397929642166,1739981397930877957
26524,1739981397930674798,1739981397931331262
26525,1739981397931102990,1739981397932343082
26526,1739981397931557093,1739981397932906706
26527,1739981397932723976,1739981397933318763
26528,1739981397933158341,1739981397934431999
26529,1739981397933546092,1739981397934979566
26530,1739981397934584047,1739981397935316711
26531,1739981397935234000,1739981397935712602
26532,1739981397935439444,1739981397936036495
26533,1739981397935930974,1739981397936366023
26534,1739981397936229239,1739981397937164036
26535,1739981397936550145,1739981397938005825
26536,1739981397937357266,1739981397938393894
26537,1739981397938289494,1739981397938789596
26538,1739981397938525085,1739981397939227250
26539,1739981397938970904,1739981397940261627
26540,1739981397939682900,1739981397940663775
26541,1739981397940518999,1739981397941008451
26542,1739981397940875565,1739981397941512272
26543,1739981397941222927,1739981397942348098
26544,1739981397941749599,1739981397943031160
26545,1739981397942601376,1739981397943491481
26546,1739981397943246764,1739981397944547421
26547,1739981397943749606,1739981397945367165
26548,1739981397944720285,1739981397945739679
26549,1739981397945568205,1739981397946118779
26550,1739981397946036184,1739981397946817380
26551,1739981397946265838,1739981397947604671
26552,1739981397947086942,1739981397947928179
26553,1739981397947827323,1739981397948270825
26554,1739981397948078438,1739981397948690131
26555,1739981397948484714,1739981397949474718
26556,1739981397948880009,1739981397950327322
26557,1739981397949725903,1739981397950765977
26558,1739981397950557156,1739981397951121451
26559,1739981397950997300,1739981397951502178
26560,1739981397951328409,1739981397952219916
26561,1739981397951702161,1739981397952968752
26562,1739981397952409955,1739981397953405354
26563,1739981397953251429,1739981397953788181
26564,1739981397953639246,1739981397954282578
26565,1739981397954022728,1739981397954808733
26566,1739981397954482506,1739981397955803215
26567,1739981397955006452,1739981397956366963
26568,1739981397956161324,1739981397956754002
26569,1739981397956616815,1739981397957079928
26570,1739981397956941483,1739981397957935939
26571,1739981397957271694,1739981397958516838
26572,1739981397958246047,1739981397958870366
26573,1739981397958764921,1739981397959185805
26574,1739981397959066875,1739981397960057480
26575,1739981397959370582,1739981397960573718
26576,1739981397960365000,1739981397961020376
26577,1739981397960781683,1739981397961399146
26578,1739981397961259504,1739981397962386395
26579,1739981397961623392,1739981397962932054
26580,1739981397962806091,1739981397963380789
26581,1739981397963145434,1739981397963759243
26582,1739981397963568904,1739981397964710603
26583,1739981397963940230,1739981397965398912
26584,1739981397964851407,1739981397965922366
26585,1739981397965588676,1739981397966348550
26586,1739981397966133699,1739981397966726549
26587,1739981397966621279,1739981397967690180
26588,1739981397966935619,1739981397968210306
26589,1739981397968072304,1739981397968602842
26590,1739981397968448366,1739981397969025823
26591,1739981397968787615,1739981397969803367
26592,1739981397969199063,1739981397970252842
26593,1739981397970157126,1739981397970688781
26594,1739981397970376954,1739981397971081218
26595,1739981397970896105,1739981397971780038
26596,1739981397971256587,1739981397972654565
26597,1739981397972008443,1739981397973077966
26598,1739981397972895343,1739981397973511403
26599,1739981397973316397,1739981397973845970
26600,1739981397973746064,1739981397974917732
26601,1739981397974062481,1739981397975457168
26602,1739981397975217372,1739981397975961121
26603,1739981397975662852,1739981397976384072
26604,1739981397976168730,1739981397977200417
26605,1739981397976725268,1739981397977731728
26606,1739981397977545382,1739981397978247537
26607,1739981397977930679,1739981397979164468
26608,1739981397978475093,1739981397979879166
26609,1739981397979347229,1739981397980307720
26610,1739981397980127910,1739981397980996619
26611,1739981397980504116,1739981397981891717
26612,1739981397981293621,1739981397982298191
26613,1739981397982156906,1739981397982657321
26614,1739981397982514591,1739981397983522503
26615,1739981397982873989,1739981397983931407
26616,1739981397983741319,1739981397984518912
26617,1739981397984247082,1739981397984998451
26618,1739981397984722386,1739981397985339827
26619,1739981397985199690,1739981397985693517
26620,1739981397985550836,1739981397986866350
26621,1739981397985881056,1739981397987257075
26622,1739981397987120974,1739981397987646432
26623,1739981397987528178,1739981397987990545
26624,1739981397987848809,1739981397988795136
26625,1739981397988190062,1739981397989573555
26626,1739981397988976244,1739981397989947828
26627,1739981397989795370,1739981397990307688
26628,1739981397990133017,1739981397990713457
26629,1739981397990475703,1739981397991444595
26630,1739981397990911806,1739981397992103186
26631,1739981397991663665,1739981397992600179
26632,1739981397992286586,1739981397993058230
26633,1739981397992826271,1739981397993501906
26634,1739981397993358030,1739981397993932349
26635,1739981397993745352,1739981397994642552
26636,1739981397994240923,1739981397995261830
26637,1739981397994894648,1739981397995730123
26638,1739981397995516179,1739981397996084521
26639,1739981397995946718,1739981397996435684
26640,1739981397996296286,1739981397996769583
26641,1739981397996622363,1739981397997948909
26642,1739981397997186948,1739981397998357530
26643,1739981397998193857,1739981397998763426
26644,1739981397998537736,1739981397999159292
26645,1739981397998943754,1739981397999529687
26646,1739981397999337645,1739981398000393176
26647,1739981397999715226,1739981398001069249
26648,1739981398000628372,1739981398001425683
26649,1739981398001297999,1739981398001773861
26650,1739981398001635460,1739981398002661464
26651,1739981398001971110,1739981398003375010
26652,1739981398002814338,1739981398003737110
26653,1739981398003560199,1739981398004125344
26654,1739981398003900311,1739981398004527174
26655,1739981398004300896,1739981398004847926
26656,1739981398004732720,1739981398005253115
26657,1739981398005074189,1739981398005895561
26658,1739981398005645040,1739981398006498219
26659,1739981398006086619,1739981398007012737
26660,1739981398006805191,1739981398007417915
26661,1739981398007227181,1739981398007865944
26662,1739981398007636107,1739981398008445100
26663,1739981398008083933,1739981398009361155
26664,1739981398008771273,1739981398009727080
26665,1739981398009659641,1739981398010120757
26666,1739981398009987461,1739981398010520593
26667,1739981398010362859,1739981398011776997
26668,1739981398010704307,1739981398012238378
26669,1739981398012023186,1739981398012707999
26670,1739981398012454890,1739981398013574087
26671,1739981398012958934,1739981398014332550
26672,1739981398013844069,1739981398014821166
26673,1739981398014555069,1739981398015192860
26674,1739981398015021154,1739981398016086146
26675,1739981398015437775,1739981398016845520
26676,1739981398016318111,1739981398017208715
26677,1739981398017091548,1739981398017536731
26678,1739981398017427222,1739981398017924956
26679,1739981398017717672,1739981398018295652
26680,1739981398018110482,1739981398018629622
26681,1739981398018514117,1739981398019510715
26682,1739981398018821148,1739981398019939178
26683,1739981398019845872,1739981398020403779
26684,1739981398020168511,1739981398020854620
26685,1739981398020630874,1739981398021795284
26686,1739981398021051131,1739981398022327331
26687,1739981398022121511,1739981398022798933
26688,1739981398022569545,1739981398023276249
26689,1739981398023028520,1739981398024531055
26690,1739981398023469618,1739981398024961595
26691,1739981398024744274,1739981398025347755
26692,1739981398025195901,1739981398026205856
26693,1739981398025577691,1739981398027151637
26694,1739981398026738717,1739981398027731900
26695,1739981398027365391,1739981398028135041
26696,1739981398027921937,1739981398029034432
26697,1739981398028357823,1739981398029672742
26698,1739981398029211780,1739981398030020829
26699,1739981398029908372,1739981398030794020
26700,1739981398030209965,1739981398031633746
26701,1739981398031009621,1739981398031995391
26702,1739981398031865975,1739981398032326244
26703,1739981398032207151,1739981398032727822
26704,1739981398032523425,1739981398033076753
26705,1739981398032935873,1739981398033354280
26706,1739981398033212057,1739981398034092189
26707,1739981398033558397,1739981398034741699
26708,1739981398034446041,1739981398035272754
26709,1739981398035013799,1739981398035631574
26710,1739981398035487581,1739981398036016414
26711,1739981398035834474,1739981398036746340
26712,1739981398036220486,1739981398037417324
26713,1739981398036947338,1739981398037816901
26714,1739981398037653601,1739981398038322637
26715,1739981398038067844,1739981398038644882
26716,1739981398038545213,1739981398039433403
26717,1739981398038843815,1739981398040009629
26718,1739981398039628590,1739981398040541606
26719,1739981398040354165,1739981398040952934
26720,1739981398040747089,1739981398041352967
26721,1739981398041187124,1739981398042138931
26722,1739981398041537653,1739981398042574296
26723,1739981398042354063,1739981398043145923
26724,1739981398042881582,1739981398043550395
26725,1739981398043387870,1739981398043901424
26726,1739981398043774341,1739981398044346130
26727,1739981398044093493,1739981398044744625
26728,1739981398044508896,1739981398045422408
26729,1739981398044934094,1739981398046204886
26730,1739981398045707122,1739981398046643744
26731,1739981398046470220,1739981398047078202
26732,1739981398046896661,1739981398047489347
26733,1739981398047265208,1739981398048358455
26734,1739981398047708953,1739981398048854487
26735,1739981398048665758,1739981398049236393
26736,1739981398049047807,1739981398050394860
26737,1739981398049449000,1739981398050775891
26738,1739981398050602830,1739981398051198798
26739,1739981398050959563,1739981398051665549
26740,1739981398051376589,1739981398052706642
26741,1739981398052063534,1739981398053164361
26742,1739981398052940890,1739981398053626519
26743,1739981398053382254,1739981398053922742
26744,1739981398053856623,1739981398054334491
26745,1739981398054141356,1739981398054825098
26746,1739981398054538047,1739981398055434101
26747,1739981398055135978,1739981398055921376
26748,1739981398055785756,1739981398056441019
26749,1739981398056112312,1739981398056844293
26750,1739981398056661576,1739981398057740794
26751,1739981398057067773,1739981398058484315
26752,1739981398057980105,1739981398058857055
26753,1739981398058699471,1739981398059221798
26754,1739981398059080072,1739981398059998328
26755,1739981398059444290,1739981398060838267
26756,1739981398060277604,1739981398061306974
26757,1739981398061093813,1739981398061771402
26758,1739981398061508468,1739981398062165862
26759,1739981398061954396,1739981398063364358
26760,1739981398062354387,1739981398063850209
26761,1739981398063597041,1739981398064304740
26762,1739981398064043493,1739981398064638279
26763,1739981398064489824,1739981398065404618
26764,1739981398064816813,1739981398066012514
26765,1739981398065634145,1739981398066397627
26766,1739981398066239157,1739981398066802182
26767,1739981398066572538,1739981398067144786
26768,1739981398066991034,1739981398067466311
26769,1739981398067332837,1739981398068257323
26770,1739981398067878150,1739981398069065638
26771,1739981398068464425,1739981398069454547
26772,1739981398069303261,1739981398069880183
26773,1739981398069674140,1739981398070326551
26774,1739981398070070063,1739981398071538271
26775,1739981398070543888,1739981398072090792
26776,1739981398071807403,1739981398072478480
26777,1739981398072319724,1739981398073133792
26778,1739981398072673984,1739981398074110023
26779,1739981398073401125,1739981398074702415
26780,1739981398074321616,1739981398075169177
26781,1739981398074903387,1739981398076036099
26782,1739981398075361524,1739981398076671267
26783,1739981398076237374,1739981398077033993
26784,1739981398076916001,1739981398077834869
26785,1739981398077216653,1739981398078591886
26786,1739981398078076245,1739981398078934655
26787,1739981398078805924,1739981398079266356
26788,1739981398079140977,1739981398079686955
26789,1739981398079461495,1739981398080046513
26790,1739981398079942400,1739981398080833210
26791,1739981398080242265,1739981398081578548
26792,1739981398080997770,1739981398081956731
26793,1739981398081828803,1739981398082362950
26794,1739981398082180318,1739981398082692326
26795,1739981398082558360,1739981398083458609
26796,1739981398082898006,1739981398084106523
26797,1739981398083732100,1739981398084665506
26798,1739981398084372177,1739981398085185182
26799,1739981398084875259,1739981398086002196
26800,1739981398085368769,1739981398086774118
26801,1739981398086214170,1739981398087142877
26802,1739981398087003296,1739981398087592657
26803,1739981398087340929,1739981398087929533
26804,1739981398087808579,1739981398088728265
26805,1739981398088168545,1739981398089485536
26806,1739981398088897455,1739981398089849185
26807,1739981398089715299,1739981398090229446
26808,1739981398090084060,1739981398091160819
26809,1739981398090443677,1739981398091631794
26810,1739981398091467405,1739981398091969537
26811,1739981398091820401,1739981398092376523
26812,1739981398092162501,1739981398092694976
26813,1739981398092559965,1739981398093515816
26814,1739981398093103828,1739981398094094681
26815,1739981398093923242,1739981398094650592
26816,1739981398094308646,1739981398095057553
26817,1739981398094841629,1739981398095753697
26818,1739981398095225584,1739981398096348735
26819,1739981398095913629,1739981398096836119
26820,1739981398096645171,1739981398097242423
26821,1739981398097041146,1739981398097713061
26822,1739981398097432396,1739981398098608279
26823,1739981398097922125,1739981398099104687
26824,1739981398098926660,1739981398099623810
26825,1739981398099347686,1739981398100396306
26826,1739981398099856908,1739981398101126466
26827,1739981398100686755,1739981398101509516
26828,1739981398101356668,1739981398101838257
26829,1739981398101686456,1739981398102203547
26830,1739981398102014609,1739981398103195560
26831,1739981398102391015,1739981398103893406
26832,1739981398103701595,1739981398104381395
26833,1739981398104089504,1739981398104836167
26834,1739981398104621476,1739981398105144187
26835,1739981398105071734,1739981398106111329
26836,1739981398105433857,1739981398106812842
26837,1739981398106334332,1739981398107195647
26838,1739981398107009090,1739981398107562285
26839,1739981398107410518,1739981398108527727
26840,1739981398107737215,1739981398109079118
26841,1739981398108923242,1739981398109583874
26842,1739981398109292233,1739981398109969050
26843,1739981398109787681,1739981398110895068
26844,1739981398110193635,1739981398111653219
26845,1739981398111044551,1739981398112060264
26846,1739981398111871477,1739981398112412007
26847,1739981398112225823,1739981398112805729
26848,1739981398112640835,1739981398113614680
26849,1739981398113019676,1739981398114381617
26850,1739981398113852856,1739981398114849652
26851,1739981398114605625,1739981398115166137
26852,1739981398115039896,1739981398115502673
26853,1739981398115361710,1739981398116442099
26854,1739981398115691477,1739981398116929550
26855,1739981398116781073,1739981398117385049
26856,1739981398117195691,1739981398117796903
26857,1739981398117587643,1739981398119062001
26858,1739981398117981494,1739981398119552178
26859,1739981398119285197,1739981398119996188
26860,1739981398119745111,1739981398120436578
26861,1739981398120241966,1739981398121305417
26862,1739981398120639394,1739981398121851331
26863,1739981398121651579,1739981398122262497
26864,1739981398122058970,1739981398122630240
26865,1739981398122518850,1739981398123711859
26866,1739981398122836011,1739981398124096034
26867,1739981398123927289,1739981398124581954
26868,1739981398124370063,1739981398125090057
26869,1739981398124772642,1739981398125872079
26870,1739981398125275247,1739981398126654911
26871,1739981398126078275,1739981398127075959
26872,1739981398126888166,1739981398127423337
26873,1739981398127269423,1739981398128061274
26874,1739981398127639817,1739981398128863226
26875,1739981398128262367,1739981398129235589
26876,1739981398129123693,1739981398129549504
26877,1739981398129407837,1739981398129898267
26878,1739981398129724485,1739981398131042027
26879,1739981398130059181,1739981398131350701
26880,1739981398131207411,1739981398131787037
26881,1739981398131549810,1739981398132127077
26882,1739981398132002285,1739981398133443846
26883,1739981398132338392,1739981398133901405
26884,1739981398133702806,1739981398134545049
26885,1739981398134125055,1739981398135032710
26886,1739981398134761857,1739981398135911922
26887,1739981398135206010,1739981398136709640
26888,1739981398136104842,1739981398137145657
26889,1739981398136950857,1739981398137620294
26890,1739981398137322683,1739981398138573458
26891,1739981398137814316,1739981398139078185
26892,1739981398138873003,1739981398139638185
26893,1739981398139276336,1739981398140571405
26894,1739981398139866400,1739981398141236402
26895,1739981398140750945,1739981398141673727
26896,1739981398141463441,1739981398141995386
26897,1739981398141870524,1739981398142312976
26898,1739981398142207992,1739981398142770092
26899,1739981398142434521,1739981398143558800
26900,1739981398142951769,1739981398144403850
26901,1739981398143742875,1739981398144911088
26902,1739981398144684552,1739981398145248745
26903,1739981398145196994,1739981398145663433
26904,1739981398145405851,1739981398146598874
26905,1739981398145880048,1739981398147141952
26906,1739981398146920282,1739981398147537607
26907,1739981398147363319,1739981398147986244
26908,1739981398147758390,1739981398149292332
26909,1739981398148199456,1739981398149723010
26910,1739981398149573330,1739981398150147752
26911,1739981398149920100,1739981398150526929
26912,1739981398150371332,1739981398151535348
26913,1739981398150748953,1739981398152080291
26914,1739981398151846614,1739981398152446046
26915,1739981398152336037,1739981398152977662
26916,1739981398152654331,1739981398154301995
26917,1739981398153202425,1739981398154735289
26918,1739981398154537076,1739981398155114342
26919,1739981398154923447,1739981398155413767
26920,1739981398155293106,1739981398156222049
26921,1739981398155606626,1739981398157052319
26922,1739981398156551371,1739981398157421678
26923,1739981398157246724,1739981398157828340
26924,1739981398157626600,1739981398158342394
26925,1739981398158019188,1739981398158688990
26926,1739981398158537322,1739981398159563940
26927,1739981398158878520,1739981398160140879
26928,1739981398159981908,1739981398160581058
26929,1739981398160340393,1739981398161090106
26930,1739981398160789886,1739981398161925609
26931,1739981398161340671,1739981398162653875
26932,1739981398162114028,1739981398163066173
26933,1739981398162935264,1739981398163462733
26934,1739981398163215737,1739981398164113010
26935,1739981398163678968,1739981398164858434
26936,1739981398164522776,1739981398165383133
26937,1739981398165145250,1739981398165807075
26938,1739981398165596077,1739981398166165532
26939,1739981398166006775,1739981398167119906
26940,1739981398166375103,1739981398167684424
26941,1739981398167296120,1739981398168020633
26942,1739981398167977058,1739981398168437429
26943,1739981398168205148,1739981398168832251
26944,1739981398168607024,1739981398169141137
26945,1739981398169035450,1739981398169779310
26946,1739981398169317261,1739981398170658277
26947,1739981398170027039,1739981398171029709
26948,1739981398170933677,1739981398171432106
26949,1739981398171168952,1739981398171784452
26950,1739981398171686791,1739981398172661344
26951,1739981398172003835,1739981398173511367
26952,1739981398172842733,1739981398173913989
26953,1739981398173779494,1739981398174401768
26954,1739981398174029868,1739981398174787316
26955,1739981398174615158,1739981398175195823
26956,1739981398174990886,1739981398176108876
26957,1739981398175427912,1739981398176655238
26958,1739981398176488015,1739981398177100982
26959,1739981398176895537,1739981398177815714
26960,1739981398177355059,1739981398178566709
26961,1739981398178005953,1739981398178995991
26962,1739981398178782600,1739981398179391426
26963,1739981398179176056,1739981398179731384
26964,1739981398179590881,1739981398180503404
26965,1739981398179908216,1739981398181112794
26966,1739981398180817898,1739981398181447127
26967,1739981398181322960,1739981398181779226
26968,1739981398181614194,1739981398182932079
26969,1739981398181992457,1739981398183338515
26970,1739981398183218220,1739981398183807898
26971,1739981398183593941,1739981398184301081
26972,1739981398184088052,1739981398184673507
26973,1739981398184502110,1739981398185439774
26974,1739981398184855172,1739981398186156453
26975,1739981398185655576,1739981398186655321
26976,1739981398186392719,1739981398187098662
26977,1739981398186889988,1739981398187481478
26978,1739981398187315455,1739981398188582837
26979,1739981398187872443,1739981398189055280
26980,1739981398188834814,1739981398189369436
26981,1739981398189239689,1739981398189909807
26982,1739981398189565751,1739981398190547163
26983,1739981398190118993,1739981398191049981
26984,1739981398190906992,1739981398191342457
26985,1739981398191199388,1739981398191770543
26986,1739981398191555208,1739981398192103766
26987,1739981398191975059,1739981398192767493
26988,1739981398192283336,1739981398193577987
26989,1739981398192934653,1739981398193972842
26990,1739981398193843305,1739981398194565709
26991,1739981398194186738,1739981398194956296
26992,1739981398194799413,1739981398195290505
26993,1739981398195176405,1739981398196186346
26994,1739981398195483416,1739981398196685169
26995,1739981398196476299,1739981398197066493
26996,1739981398196899133,1739981398197484826
26997,1739981398197261755,1739981398198419861
26998,1739981398197699971,1739981398199055795
26999,1739981398198809894,1739981398199393388
27000,1739981398199243968,1739981398200069464
27001,1739981398199621877,1739981398200909781
27002,1739981398200230208,1739981398201340915
27003,1739981398201178147,1739981398201757105
27004,1739981398201591282,1739981398202139819
27005,1739981398201959798,1739981398203005567
27006,1739981398202343284,1739981398203477009
27007,1739981398203362621,1739981398203892013
27008,1739981398203718136,1739981398204232034
27009,1739981398204103373,1739981398204635503
27010,1739981398204542493,1739981398205521306
27011,1739981398204851926,1739981398206143603
27012,1739981398205669816,1739981398206506337
27013,1739981398206405490,1739981398206898406
27014,1739981398206685905,1739981398207791790
27015,1739981398207089657,1739981398208386911
27016,1739981398208086334,1739981398208804748
27017,1739981398208572062,1739981398209126105
27018,1739981398208988950,1739981398209975741
27019,1739981398209310285,1739981398210740853
27020,1739981398210284127,1739981398211212223
27021,1739981398210980450,1739981398211620474
27022,1739981398211466673,1739981398212186962
27023,1739981398211847612,1739981398213164980
27024,1739981398212426868,1739981398213557846
27025,1739981398213427321,1739981398213993834
27026,1739981398213821015,1739981398214493330
27027,1739981398214328833,1739981398214849998
27028,1739981398214718526,1739981398215532758
27029,1739981398215059548,1739981398216238298
27030,1739981398215724486,1739981398216573552
27031,1739981398216450332,1739981398216898446
27032,1739981398216803746,1739981398217308328
27033,1739981398217118665,1739981398217611045
27034,1739981398217538441,1739981398218594756
27035,1739981398217738541,1739981398219054493
27036,1739981398218931791,1739981398219445505
27037,1739981398219244824,1739981398219981018
27038,1739981398219674681,1739981398220845156
27039,1739981398220227543,1739981398221410410
27040,1739981398221092632,1739981398221902388
27041,1739981398221684175,1739981398222284903
27042,1739981398222103097,1739981398223211842
27043,1739981398222458121,1739981398223973971
27044,1739981398223736279,1739981398224600571
27045,1739981398224205032,1739981398225063111
27046,1739981398224798064,1739981398225555912
27047,1739981398225211634,1739981398226461907
27048,1739981398225782422,1739981398227072619
27049,1739981398226630088,1739981398227524740
27050,1739981398227231203,1739981398228353940
27051,1739981398227722725,1739981398229233943
27052,1739981398228722429,1739981398229716699
27053,1739981398229492542,1739981398230028248
27054,1739981398229935146,1739981398230359426
27055,1739981398230257082,1739981398230745495
27056,1739981398230586498,1739981398231579019
27057,1739981398230947487,1739981398232244994
27058,1739981398231736787,1739981398232737812
27059,1739981398232482410,1739981398233060812
27060,1739981398232973054,1739981398233373793
27061,1739981398233233374,1739981398233748664
27062,1739981398233622241,1739981398234792638
27063,1739981398234000109,1739981398235332648
27064,1739981398235026470,1739981398235700212
27065,1739981398235556651,1739981398236064743
27066,1739981398235945933,1739981398237076346
27067,1739981398236202991,1739981398237701342
27068,1739981398237397795,1739981398238096481
27069,1739981398237961117,1739981398238461768
27070,1739981398238348414,1739981398239612871
27071,1739981398238669518,1739981398240061241
27072,1739981398239855286,1739981398240410944
27073,1739981398240223327,1739981398241302792
27074,1739981398240597526,1739981398241788563
27075,1739981398241667553,1739981398242107250
27076,1739981398242006718,1739981398242536629
27077,1739981398242298310,1739981398243109910
27078,1739981398242737025,1739981398243896456
27079,1739981398243316105,1739981398244534666
27080,1739981398244171353,1739981398244879142
27081,1739981398244746574,1739981398245265117
27082,1739981398245087753,1739981398245980283
27083,1739981398245436430,1739981398246686495
27084,1739981398246207364,1739981398247088917
27085,1739981398246928502,1739981398247508729
27086,1739981398247309682,1739981398247894777
27087,1739981398247740912,1739981398248646665
27088,1739981398248075030,1739981398249444197
27089,1739981398248960143,1739981398249870153
27090,1739981398249696673,1739981398250337539
27091,1739981398250113456,1739981398251124689
27092,1739981398250558702,1739981398251992712
27093,1739981398251490897,1739981398252381063
27094,1739981398252241175,1739981398252750654
27095,1739981398252575571,1739981398253068560
27096,1739981398253010043,1739981398253749030
27097,1739981398253211735,1739981398254520024
27098,1739981398254083697,1739981398254959205
27099,1739981398254809755,1739981398255395359
27100,1739981398255153781,1739981398255800573
27101,1739981398255595298,1739981398256676738
27102,1739981398256000763,1739981398257187352
27103,1739981398257062652,1739981398257531140
27104,1739981398257391701,1739981398257844959
27105,1739981398257734581,1739981398258656008
27106,1739981398258032420,1739981398259384163
27107,1739981398258841118,1739981398259761342
27108,1739981398259675749,1739981398260152991
27109,1739981398259884847,1739981398260612367
27110,1739981398260345053,1739981398261468900
27111,1739981398260816541,1739981398262158314
27112,1739981398261693134,1739981398262581155
27113,1739981398262390355,1739981398262955550
27114,1739981398262823892,1739981398263272155
27115,1739981398263168328,1739981398264440256
27116,1739981398263505183,1739981398264920497
27117,1739981398264747998,1739981398265359175
27118,1739981398265192482,1739981398265728497
27119,1739981398265563805,1739981398266167290
27120,1739981398265950966,1739981398266975534
27121,1739981398266373161,1739981398267537825
27122,1739981398267321131,1739981398267943910
27123,1739981398267779457,1739981398268323773
27124,1739981398268128883,1739981398269181215
27125,1739981398268501648,1739981398269776068
27126,1739981398269572683,1739981398270310515
27127,1739981398269992872,1739981398270683229
27128,1739981398270482641,1739981398271599035
27129,1739981398270865799,1739981398272279939
27130,1739981398271730166,1739981398272699972
27131,1739981398272527369,1739981398273088241
27132,1739981398272899146,1739981398274273997
27133,1739981398273251766,1739981398274622770
27134,1739981398274552207,1739981398275007765
27135,1739981398274825319,1739981398275445208
27136,1739981398275275777,1739981398275820145
27137,1739981398275662638,1739981398276449273
27138,1739981398275997111,1739981398277107922
27139,1739981398276632740,1739981398277615336
27140,1739981398277350518,1739981398277964268
27141,1739981398277856224,1739981398278338867
27142,1739981398278214472,1739981398278704782
27143,1739981398278569550,1739981398279496571
27144,1739981398278889271,1739981398280194844
27145,1739981398279658080,1739981398280617697
27146,1739981398280402228,1739981398281008748
27147,1739981398280858355,1739981398281391607
27148,1739981398281206918,1739981398282299785
27149,1739981398281590616,1739981398282944183
27150,1739981398282741742,1739981398283303655
27151,1739981398283152625,1739981398284026950
27152,1739981398283504691,1739981398284827512
27153,1739981398284210014,1739981398285180693
27154,1739981398285096489,1739981398285622726
27155,1739981398285352262,1739981398285928941
27156,1739981398285838990,1739981398286800334
27157,1739981398286133962,1739981398287300031
27158,1739981398287156132,1739981398287800770
27159,1739981398287524926,1739981398288249698
27160,1739981398288007734,1739981398289184027
27161,1739981398288465263,1739981398289678983
27162,1739981398289473349,1739981398290063293
27163,1739981398289894385,1739981398290394110
27164,1739981398290236378,1739981398291128870
27165,1739981398290727748,1739981398291804382
27166,1739981398291320708,1739981398292315609
27167,1739981398292040285,1739981398292722766
27168,1739981398292526342,1739981398293084671
27169,1739981398292931306,1739981398293951183
27170,1739981398293312366,1739981398294882354
27171,1739981398294267950,1739981398295262042
27172,1739981398295126870,1739981398295634446
27173,1739981398295450047,1739981398295912088
27174,1739981398295835267,1739981398296664965
27175,1739981398296123532,1739981398297342305
27176,1739981398296837842,1739981398297767290
27177,1739981398297579447,1739981398298154393
27178,1739981398297983355,1739981398298660212
27179,1739981398298349580,1739981398299348759
27180,1739981398298869628,1739981398300100487
27181,1739981398299662528,1739981398300483558
27182,1739981398300273581,1739981398300898692
27183,1739981398300670229,1739981398301282981
27184,1739981398301114260,1739981398302139747
27185,1739981398301470051,1739981398302683594
27186,1739981398302486457,1739981398303279560
27187,1739981398302935676,1739981398304499545
27188,1739981398303539051,1739981398305032077
27189,1739981398304754233,1739981398305466173
27190,1739981398305266713,1739981398305832051
27191,1739981398305690169,1739981398307029724
27192,1739981398306016293,1739981398307475836
27193,1739981398307291485,1739981398307896051
27194,1739981398307727824,1739981398308272411
27195,1739981398308083172,1739981398309054299
27196,1739981398308441887,1739981398309494953
27197,1739981398309317348,1739981398310130271
27198,1739981398309893933,1739981398310542333
27199,1739981398310360146,1739981398310907472
27200,1739981398310748000,1739981398311347296
27201,1739981398311088511,1739981398312265796
27202,1739981398311537601,1739981398312821631
27203,1739981398312623897,1739981398313284131
27204,1739981398313073308,1739981398313941013
27205,1739981398313538354,1739981398314925434
27206,1739981398314155890,1739981398315301972
27207,1739981398315180253,1739981398315840897
27208,1739981398315518843,1739981398316279757
27209,1739981398316042900,1739981398317193703
27210,1739981398316475905,1739981398317767967
27211,1739981398317353393,1739981398318425568
27212,1739981398318099708,1739981398318878055
27213,1739981398318681688,1739981398319249710
27214,1739981398319083978,1739981398320108326
27215,1739981398319469257,1739981398320818749
27216,1739981398320433833,1739981398321147396
27217,1739981398321036313,1739981398321522992
27218,1739981398321370353,1739981398321824004
27219,1739981398321718565,1739981398322102874
27220,1739981398322022424,1739981398322817517
27221,1739981398322306284,1739981398323703138
27222,1739981398323022304,1739981398324135836
27223,1739981398323933797,1739981398324612631
27224,1739981398324402875,1739981398325018936
27225,1739981398324824735,1739981398325388229
27226,1739981398325222807,1739981398326152715
27227,1739981398325683276,1739981398326644722
27228,1739981398326361720,1739981398327134353
27229,1739981398326916535,1739981398327573986
27230,1739981398327379019,1739981398328453185
27231,1739981398327893182,1739981398329006224
27232,1739981398328817747,1739981398329540915
27233,1739981398329243496,1739981398330486066
27234,1739981398329786851,1739981398330998255
27235,1739981398330838380,1739981398331419759
27236,1739981398331232354,1739981398331793335
27237,1739981398331655936,1739981398332621355
27238,1739981398331988753,1739981398333358438
27239,1739981398332818522,1739981398333725613
27240,1739981398333613054,1739981398334052767
27241,1739981398333958101,1739981398334467752
27242,1739981398334234162,1739981398334914108
27243,1739981398334744236,1739981398335639377
27244,1739981398335146637,1739981398336457317
27245,1739981398335822157,1739981398336822529
27246,1739981398336658073,1739981398337183178
27247,1739981398337028884,1739981398337563865
27248,1739981398337382555,1739981398338357529
27249,1739981398337762314,1739981398339007682
27250,1739981398338602733,1739981398339426746
27251,1739981398339221680,1739981398340066544
27252,1739981398339654255,1739981398340880747
27253,1739981398340290506,1739981398341338021
27254,1739981398341145436,1739981398341766066
27255,1739981398341624317,1739981398342315070
27256,1739981398342003067,1739981398342993152
27257,1739981398342548292,1739981398343456621
27258,1739981398343339706,1739981398343847514
27259,1739981398343668294,1739981398344237586
27260,1739981398344046340,1739981398344655092
27261,1739981398344521156,1739981398345004844
27262,1739981398344837702,1739981398345987858
27263,1739981398345356823,1739981398346662762
27264,1739981398346101183,1739981398347051730
27265,1739981398346869551,1739981398347399181
27266,1739981398347208585,1739981398347719641
27267,1739981398347583581,1739981398348609022
27268,1739981398347942719,1739981398349108326
27269,1739981398348949870,1739981398349597092
27270,1739981398349344443,1739981398349978444
27271,1739981398349821700,1739981398350736613
27272,1739981398350174196,1739981398351559033
27273,1739981398350909851,1739981398351939760
27274,1739981398351810041,1739981398352348021
27275,1739981398352144063,1739981398352685556
27276,1739981398352584670,1739981398353462640
27277,1739981398352892151,1739981398354080685
27278,1739981398353682387,1739981398354652652
27279,1739981398354377781,1739981398355003201
27280,1739981398354907869,1739981398355389322
27281,1739981398355215215,1739981398356305096
27282,1739981398355627267,1739981398356778988
27283,1739981398356681229,1739981398357227022
27284,1739981398356908106,1739981398357636441
27285,1739981398357440086,1739981398358582434
27286,1739981398357815634,1739981398359112495
27287,1739981398358742681,1739981398359472887
27288,1739981398359357152,1739981398359890544
27289,1739981398359714091,1739981398360766259
27290,1739981398360091484,1739981398361396549
27291,1739981398360950195,1739981398361790721
27292,1739981398361619219,1739981398362301668
27293,1739981398362000883,1739981398362695677
27294,1739981398362494701,1739981398363539740
27295,1739981398362913283,1739981398364322348
27296,1739981398363810024,1739981398364658892
27297,1739981398364551881,1739981398364944123
27298,1739981398364843369,1739981398365390370
27299,1739981398365052577,1739981398366285674
27300,1739981398365592294,1739981398366768324
27301,1739981398366623057,1739981398367123222
27302,1739981398366974547,1739981398367517420
27303,1739981398367301248,1739981398368304641
27304,1739981398367703899,1739981398368901851
27305,1739981398368490032,1739981398369441407
27306,1739981398369207804,1739981398369814630
27307,1739981398369689075,1739981398370178588
27308,1739981398370026169,1739981398370496015
27309,1739981398370380402,1739981398371503573
27310,1739981398370819181,1739981398371912525
27311,1739981398371743557,1739981398372297885
27312,1739981398372104842,1739981398372810535
27313,1739981398372510401,1739981398373627675
27314,1739981398372976940,1739981398374191551
27315,1739981398373824373,1739981398374898808
27316,1739981398374702141,1739981398375250859
27317,1739981398375100935,1739981398375592635
27318,1739981398375456598,1739981398376036507
27319,1739981398375796767,1739981398376355909
27320,1739981398376214083,1739981398376993129
27321,1739981398376552492,1739981398377649637
27322,1739981398377211836,1739981398378198348
27323,1739981398377867991,1739981398378603818
27324,1739981398378468598,1739981398379074498
27325,1739981398378790758,1739981398379768050
27326,1739981398379209455,1739981398380578894
27327,1739981398380172151,1739981398381117852
27328,1739981398380832546,1739981398381608596
27329,1739981398381347785,1739981398382784337
27330,1739981398381838333,1739981398383239349
27331,1739981398383059080,1739981398383675532
27332,1739981398383459916,1739981398384414910
27333,1739981398383930535,1739981398385375596
27334,1739981398384671535,1739981398385874796
27335,1739981398385623549,1739981398386356380
27336,1739981398386079883,1739981398386713020
27337,1739981398386567608,1739981398387819810
27338,1739981398386880568,1739981398388405338
27339,1739981398388088053,1739981398388861227
27340,1739981398388644194,1739981398389652285
27341,1739981398389046224,1739981398390541154
27342,1739981398389888641,1739981398390930083
27343,1739981398390772785,1739981398391288824
27344,1739981398391126464,1739981398391716027
27345,1739981398391474235,1739981398392066298
27346,1739981398391919041,1739981398392730339
27347,1739981398392210956,1739981398393723736
27348,1739981398393026285,1739981398394105558
27349,1739981398393976843,1739981398394609477
27350,1739981398394298057,1739981398395042903
27351,1739981398394824944,1739981398395943856
27352,1739981398395212295,1739981398396663258
27353,1739981398396223702,1739981398397174544
27354,1739981398396884125,1739981398397714831
27355,1739981398397413881,1739981398398565087
27356,1739981398397921906,1739981398399201485
27357,1739981398398773134,1739981398399570459
27358,1739981398399446322,1739981398400037437
27359,1739981398399793335,1739981398401015025
27360,1739981398400242405,1739981398401533816
27361,1739981398401387669,1739981398402009112
27362,1739981398401723347,1739981398402851470
27363,1739981398402207046,1739981398403628719
27364,1739981398403134577,1739981398404080161
27365,1739981398403849199,1739981398404461884
27366,1739981398404261776,1739981398404806693
27367,1739981398404666533,1739981398405650064
27368,1739981398404995216,1739981398406385668
27369,1739981398405850169,1739981398406736633
27370,1739981398406625876,1739981398407253495
27371,1739981398406841684,1739981398407642144
27372,1739981398407463371,1739981398408022833
27373,1739981398407854279,1739981398408837718
27374,1739981398408442295,1739981398409368061
27375,1739981398409214274,1739981398409781906
27376,1739981398409618535,1739981398410130085
27377,1739981398410009959,1739981398410797424
27378,1739981398410325535,1739981398411614572
27379,1739981398411047752,1739981398412095535
27380,1739981398411857901,1739981398412470607
27381,1739981398412321363,1739981398413334431
27382,1739981398412672381,1739981398414293532
27383,1739981398413496561,1739981398414706661
27384,1739981398414523735,1739981398415135922
27385,1739981398414934289,1739981398416024321
27386,1739981398415383304,1739981398416551959
27387,1739981398416202707,1739981398416899474
27388,1739981398416795218,1739981398417297928
27389,1739981398417044364,1739981398417684564
27390,1739981398417545082,1739981398418516895
27391,1739981398417881713,1739981398419139064
27392,1739981398418833077,1739981398419500817
27393,1739981398419348367,1739981398419883813
27394,1739981398419687586,1739981398420803822
27395,1739981398420061224,1739981398421334109
27396,1739981398421158710,1739981398421761340
27397,1739981398421558403,1739981398422110141
27398,1739981398421965266,1739981398423010994
27399,1739981398422305853,1739981398423549336
27400,1739981398423332957,1739981398423921854
27401,1739981398423798035,1739981398424426070
27402,1739981398424152210,1739981398424901634
27403,1739981398424612459,1739981398426005012
27404,1739981398425084502,1739981398426451415
27405,1739981398426257708,1739981398426875422
27406,1739981398426680633,1739981398427209997
27407,1739981398427079742,1739981398427572740
27408,1739981398427446232,1739981398428540781
27409,1739981398427937450,1739981398428938224
27410,1739981398428840796,1739981398429270416
27411,1739981398429149907,1739981398429572382
27412,1739981398429505306,1739981398430586338
27413,1739981398429715305,1739981398431003351
27414,1739981398430905410,1739981398431417734
27415,1739981398431122074,1739981398431827685
27416,1739981398431661459,1739981398432606398
27417,1739981398432038119,1739981398433039234
27418,1739981398432748581,1739981398433492823
27419,1739981398433337357,1739981398433946331
27420,1739981398433697065,1739981398434420019
27421,1739981398434147293,1739981398434840573
27422,1739981398434666394,1739981398435785856
27423,1739981398435043567,1739981398436320720
27424,1739981398436143223,1739981398436704598
27425,1739981398436529413,1739981398437753437
27426,1739981398436884157,1739981398438127864
27427,1739981398438044701,1739981398438496644
27428,1739981398438305666,1739981398438917272
27429,1739981398438710877,1739981398439262652
27430,1739981398439141811,1739981398439988146
27431,1739981398439454199,1739981398440645494
27432,1739981398440144961,1739981398441165750
27433,1739981398440905986,1739981398441598086
27434,1739981398441422356,1739981398442046984
27435,1739981398441818191,1739981398442898683
27436,1739981398442258610,1739981398443542833
27437,1739981398443045219,1739981398443859958
27438,1739981398443737686,1739981398444295780
27439,1739981398444043231,1739981398444722021
27440,1739981398444467835,1739981398445535291
27441,1739981398444906141,1739981398446317424
27442,1739981398445777259,1739981398446784174
27443,1739981398446510463,1739981398447533834
27444,1739981398446998922,1739981398448294630
27445,1739981398447875140,1739981398448716935
27446,1739981398448514885,1739981398449064449
27447,1739981398448907940,1739981398449335094
27448,1739981398449208553,1739981398450437964
27449,1739981398449534928,1739981398450842909
27450,1739981398450643194,1739981398451199256
27451,1739981398451050577,1739981398451588713
27452,1739981398451409569,1739981398452363393
27453,1739981398451815125,1739981398452962756
27454,1739981398452603510,1739981398453481550
27455,1739981398453313044,1739981398453854288
27456,1739981398453698308,1739981398454329031
27457,1739981398454071780,1739981398454695659
27458,1739981398454522500,1739981398455662615
27459,1739981398454970583,1739981398456145381
27460,1739981398455997304,1739981398456551015
27461,1739981398456342577,1739981398457527969
27462,1739981398456790713,1739981398458066735
27463,1739981398457902590,1739981398458411175
27464,1739981398458230994,1739981398459085890
27465,1739981398458651849,1739981398459785744
27466,1739981398459319242,1739981398460148880
27467,1739981398460027015,1739981398460586564
27468,1739981398460357145,1739981398460907441
27469,1739981398460788383,1739981398461204416
27470,1739981398461081586,1739981398462216466
27471,1739981398461414433,1739981398462703773
27472,1739981398462423230,1739981398463094734
27473,1739981398462943956,1739981398463553548
27474,1739981398463289544,1739981398464397163
27475,1739981398463758822,1739981398465110368
27476,1739981398464658573,1739981398465514333
27477,1739981398465282469,1739981398465891153
27478,1739981398465762154,1739981398466288745
27479,1739981398466074651,1739981398466777179
27480,1739981398466476590,1739981398467794747
27481,1739981398467088731,1739981398468227998
27482,1739981398468072811,1739981398468765740
27483,1739981398468456859,1739981398469150673
27484,1739981398468954582,1739981398469976499
27485,1739981398469340364,1739981398470687608
27486,1739981398470156528,1739981398471064690
27487,1739981398470915853,1739981398471327693
27488,1739981398471233380,1739981398471737337
27489,1739981398471467777,1739981398472056304
27490,1739981398471939002,1739981398472836021
27491,1739981398472224882,1739981398473508347
27492,1739981398472997260,1739981398473959600
27493,1739981398473735141,1739981398474371103
27494,1739981398474168946,1739981398474818529
27495,1739981398474586419,1739981398475280748
27496,1739981398475082482,1739981398476031102
27497,1739981398475508494,1739981398476727211
27498,1739981398476244081,1739981398477140396
27499,1739981398476941857,1739981398477594808
27500,1739981398477335432,1739981398477918527
27501,1739981398477781677,1739981398478765128
27502,1739981398478098628,1739981398479421053
27503,1739981398479171329,1739981398479765969
27504,1739981398479633784,1739981398480671258
27505,1739981398479955233,1739981398481211374
27506,1739981398481001608,1739981398481562759
27507,1739981398481444122,1739981398481905046
27508,1739981398481790308,1739981398483068717
27509,1739981398482112331,1739981398483465958
27510,1739981398483294640,1739981398483822296
27511,1739981398483646694,1739981398484368532
27512,1739981398484002468,1739981398484707096
27513,1739981398484551558,1739981398485711047
27514,1739981398484889644,1739981398486273405
27515,1739981398486061929,1739981398486777144
27516,1739981398486487561,1739981398487608427
27517,1739981398487006796,1739981398488487344
27518,1739981398487906986,1739981398488881215
27519,1739981398488735983,1739981398489251270
27520,1739981398489103381,1739981398489611911
27521,1739981398489488983,1739981398490568545
27522,1739981398489830659,1739981398491057167
27523,1739981398490903246,1739981398491376874
27524,1739981398491245045,1739981398492515266
27525,1739981398491592531,1739981398492973383
27526,1739981398492741685,1739981398493425705
27527,1739981398493201948,1739981398493833284
27528,1739981398493643348,1739981398494776116
27529,1739981398494015079,1739981398495285163
27530,1739981398495163725,1739981398495753049
27531,1739981398495576665,1739981398496069318
27532,1739981398495981010,1739981398496710786
27533,1739981398496297757,1739981398497633249
27534,1739981398496952507,1739981398498002750
27535,1739981398497876549,1739981398498431120
27536,1739981398498224014,1739981398498758783
27537,1739981398498633341,1739981398499685875
27538,1739981398498943298,1739981398500255402
27539,1739981398500044962,1739981398500643615
27540,1739981398500523225,1739981398501087122
27541,1739981398500876053,1739981398501991972
27542,1739981398501317719,1739981398502929744
27543,1739981398502238660,1739981398503420834
27544,1739981398503150568,1739981398503820610
27545,1739981398503639098,1739981398504699564
27546,1739981398504004319,1739981398505504483
27547,1739981398504936997,1739981398505868261
27548,1739981398505748283,1739981398506281909
27549,1739981398506066321,1739981398507101297
27550,1739981398506503480,1739981398507745979
27551,1739981398507347425,1739981398508112037
27552,1739981398507986009,1739981398508535545
27553,1739981398508311312,1739981398508848687
27554,1739981398508739881,1739981398509184229
27555,1739981398509055785,1739981398509897023
27556,1739981398509356678,1739981398510774246
27557,1739981398510149797,1739981398511129148
27558,1739981398511055729,1739981398511521206
27559,1739981398511264452,1739981398511923164
27560,1739981398511759422,1739981398512662066
27561,1739981398512141983,1739981398513284959
27562,1739981398512849239,1739981398513613505
27563,1739981398513519562,1739981398514033018
27564,1739981398513755953,1739981398514591567
27565,1739981398514235583,1739981398514946679
27566,1739981398514789245,1739981398515810075
27567,1739981398515229513,1739981398516586428
27568,1739981398516028386,1739981398517009104
27569,1739981398516837287,1739981398517457562
27570,1739981398517217431,1739981398517852453
27571,1739981398517681499,1739981398518540504
27572,1739981398518055844,1739981398519252024
27573,1739981398518735021,1739981398519727192
27574,1739981398519481216,1739981398520056417
27575,1739981398519919839,1739981398520365642
27576,1739981398520235801,1739981398520695522
27577,1739981398520569987,1739981398521803894
27578,1739981398520905018,1739981398522155587
27579,1739981398522042361,1739981398522626692
27580,1739981398522383184,1739981398522975204
27581,1739981398522800693,1739981398523704130
27582,1739981398523176489,1739981398524725603
27583,1739981398523911127,1739981398525275009
27584,1739981398524936903,1739981398525647824
27585,1739981398525474081,1739981398526446466
27586,1739981398525824133,1739981398527070822
27587,1739981398526674019,1739981398527626413
27588,1739981398527301383,1739981398528865259
27589,1739981398527814999,1739981398529456146
27590,1739981398529112135,1739981398529883555
27591,1739981398529673544,1739981398530280589
27592,1739981398530078185,1739981398531508457
27593,1739981398530458122,1739981398531977208
27594,1739981398531732245,1739981398532404291
27595,1739981398532199006,1739981398532833391
27596,1739981398532637804,1739981398533568790
27597,1739981398533047610,1739981398534334465
27598,1739981398533869102,1739981398534788369
27599,1739981398534590903,1739981398535126160
27600,1739981398534986669,1739981398535498838
27601,1739981398535349440,1739981398535998161
27602,1739981398535709931,1739981398536777698
27603,1739981398536181530,1739981398537444329
27604,1739981398537043581,1739981398537823038
27605,1739981398537686544,1739981398538206187
27606,1739981398538082620,1739981398538609263
27607,1739981398538411414,1739981398539421676
27608,1739981398538811115,1739981398539990103
27609,1739981398539829040,1739981398540415472
27610,1739981398540239706,1739981398540801718
27611,1739981398540604244,1739981398541835691
27612,1739981398541005798,1739981398542343700
27613,1739981398542084053,1739981398542750464
27614,1739981398542579350,1739981398543150062
27615,1739981398542971565,1739981398543978132
27616,1739981398543359319,1739981398544712652
27617,1739981398544176052,1739981398545094718
27618,1739981398544956777,1739981398545519573
27619,1739981398545264603,1739981398545849165
27620,1739981398545713061,1739981398546158510
27621,1739981398546039582,1739981398547378550
27622,1739981398546334443,1739981398547739683
27623,1739981398547631625,1739981398548142967
27624,1739981398547955902,1739981398548529252
27625,1739981398548364963,1739981398549462195
27626,1739981398548753380,1739981398550211915
27627,1739981398549636706,1739981398550761438
27628,1739981398550448677,1739981398551285402
27629,1739981398550957283,1739981398551638750
27630,1739981398551533637,1739981398552549169
27631,1739981398551861298,1739981398553090358
27632,1739981398552893733,1739981398553504929
27633,1739981398553312540,1739981398553910736
27634,1739981398553722328,1739981398554787899
27635,1739981398554088985,1739981398555653696
27636,1739981398555080142,1739981398556107614
27637,1739981398555902035,1739981398556512998
27638,1739981398556325430,1739981398557334009
27639,1739981398556706624,1739981398557981173
27640,1739981398557600737,1739981398558358270
27641,1739981398558184799,1739981398558846368
27642,1739981398558553343,1739981398559209413
27643,1739981398559062124,1739981398559565569
27644,1739981398559432184,1739981398560313063
27645,1739981398559753799,1739981398561091138
27646,1739981398560526829,1739981398561479249
27647,1739981398561336775,1739981398561971739
27648,1739981398561707957,1739981398562360226
27649,1739981398562153875,1739981398563313962
27650,1739981398562538679,1739981398563979582
27651,1739981398563681384,1739981398564406929
27652,1739981398564191938,1739981398564808774
27653,1739981398564615467,1739981398565645549
27654,1739981398565016679,1739981398566449294
27655,1739981398565900337,1739981398566869209
27656,1739981398566642119,1739981398567256083
27657,1739981398567057702,1739981398568357765
27658,1739981398567429462,1739981398568823720
27659,1739981398568683992,1739981398569200326
27660,1739981398569054725,1739981398570265523
27661,1739981398569453567,1739981398570757099
27662,1739981398570618423,1739981398571129590
27663,1739981398570988545,1739981398571502153
27664,1739981398571334109,1739981398571805758
27665,1739981398571740266,1739981398572511537
27666,1739981398571932654,1739981398572945461
27667,1739981398572779632,1739981398573646888
27668,1739981398573259599,1739981398574074250
27669,1739981398573897635,1739981398574544218
27670,1739981398574256175,1739981398574953526
27671,1739981398574741282,1739981398575734522
27672,1739981398575165058,1739981398576409847
27673,1739981398576054633,1739981398576833671
27674,1739981398576633578,1739981398577227446
27675,1739981398577026181,1739981398577574810
27676,1739981398577435541,1739981398578289466
27677,1739981398577768096,1739981398578854583
27678,1739981398578560927,1739981398579395418
27679,1739981398579202473,1739981398579825866
27680,1739981398579614914,1739981398580189869
27681,1739981398580034082,1739981398581089582
27682,1739981398580417107,1739981398581616853
27683,1739981398581398240,1739981398582009796
27684,1739981398581849616,1739981398582333502
27685,1739981398582209263,1739981398583220108
27686,1739981398582537157,1739981398583844387
27687,1739981398583494231,1739981398584386388
27688,1739981398584053459,1739981398584770498
27689,1739981398584581062,1739981398585269190
27690,1739981398585001278,1739981398586192160
27691,1739981398585459031,1739981398586705569
27692,1739981398586526372,1739981398587076570
27693,1739981398586923160,1739981398587521799
27694,1739981398587280319,1739981398588584170
27695,1739981398587713519,1739981398589002919
27696,1739981398588798573,1739981398589370998
27697,1739981398589220698,1739981398589818537
27698,1739981398589545554,1739981398590690109
27699,1739981398590252019,1739981398591192738
27700,1739981398591062437,1739981398591605242
27701,1739981398591466167,1739981398591955678
27702,1739981398591841736,1739981398592535901
27703,1739981398592198930,1739981398593230340
27704,1739981398592804201,1739981398593602528
27705,1739981398593469377,1739981398593942956
27706,1739981398593814715,1739981398594405970
27707,1739981398594148149,1739981398594857493
27708,1739981398594616811,1739981398595990043
27709,1739981398595088711,1739981398596411100
27710,1739981398596214287,1739981398596827308
27711,1739981398596636986,1739981398597207728
27712,1739981398597068287,1739981398598025404
27713,1739981398597410019,1739981398598834456
27714,1739981398598308825,1739981398599305376
27715,1739981398599091195,1739981398599769707
27716,1739981398599515727,1739981398600193282
27717,1739981398599953048,1739981398601099117
27718,1739981398600407621,1739981398601785425
27719,1739981398601460645,1739981398602210884
27720,1739981398601985756,1739981398603095817
27721,1739981398602404568,1739981398603610251
27722,1739981398603406871,1739981398603912321
27723,1739981398603818695,1739981398604372820
27724,1739981398604176977,1739981398604827000
27725,1739981398604641674,1739981398605959121
27726,1739981398605024956,1739981398606340260
27727,1739981398606248806,1739981398606875650
27728,1739981398606488396,1739981398607287052
27729,1739981398607051620,1739981398608157307
27730,1739981398607476771,1739981398608645097
27731,1739981398608500903,1739981398609009027
27732,1739981398608837367,1739981398609364456
27733,1739981398609201170,1739981398610252786
27734,1739981398609542385,1739981398611087229
27735,1739981398610387446,1739981398611543666
27736,1739981398611296404,1739981398612045708
27737,1739981398611756332,1739981398612401529
27738,1739981398612228548,1739981398613303299
27739,1739981398612603525,1739981398614031335
27740,1739981398613737727,1739981398614493984
27741,1739981398614214877,1739981398614925320
27742,1739981398614683011,1739981398615747717
27743,1739981398615110900,1739981398616484213
27744,1739981398615981813,1739981398616820226
27745,1739981398616693344,1739981398617310548
27746,1739981398617036293,1739981398617662272
27747,1739981398617485524,1739981398617997897
27748,1739981398617849818,1739981398618776003
27749,1739981398618194906,1739981398619532332
27750,1739981398619019842,1739981398619906330
27751,1739981398619804346,1739981398620324044
27752,1739981398620071021,1739981398621084435
27753,1739981398620553438,1739981398621923448
27754,1739981398621345235,1739981398622397903
27755,1739981398622137832,1739981398622852944
27756,1739981398622641947,1739981398623894685
27757,1739981398623040691,1739981398624685974
27758,1739981398624045005,1739981398625091295
27759,1739981398624889622,1739981398625883424
27760,1739981398625299751,1739981398626772718
27761,1739981398626126687,1739981398627218566
27762,1739981398627026499,1739981398627652896
27763,1739981398627453498,1739981398628112046
27764,1739981398627874905,1739981398628992001
27765,1739981398628326973,1739981398629522582
27766,1739981398629350046,1739981398629942614
27767,1739981398629728066,1739981398630469793
27768,1739981398630104156,1739981398631035039
27769,1739981398630669984,1739981398631601954
27770,1739981398631377197,1739981398631994023
27771,1739981398631859541,1739981398632341196
27772,1739981398632182260,1739981398633140544
27773,1739981398632533275,1739981398633999656
27774,1739981398633388483,1739981398634516922
27775,1739981398634256762,1739981398635002257
27776,1739981398634758574,1739981398635423111
27777,1739981398635195705,1739981398636185623
27778,1739981398635705073,1739981398637103081
27779,1739981398636444496,1739981398637610151
27780,1739981398637306744,1739981398637943866
27781,1739981398637832501,1739981398638775802
27782,1739981398638136128,1739981398639481742
27783,1739981398638952071,1739981398639972117
27784,1739981398639722349,1739981398640409696
27785,1739981398640175821,1739981398640823499
27786,1739981398640613820,1739981398641973126
27787,1739981398641033039,1739981398642399670
27788,1739981398642245988,1739981398642929354
27789,1739981398642620778,1739981398643756549
27790,1739981398643162600,1739981398644544313
27791,1739981398643996199,1739981398644934002
27792,1739981398644787603,1739981398645394142
27793,1739981398645127851,1739981398645739853
27794,1739981398645607140,1739981398646142053
27795,1739981398645949019,1739981398647339460
27796,1739981398646326952,1739981398647702292
27797,1739981398647570436,1739981398648189576
27798,1739981398647923964,1739981398648573448
27799,1739981398648375576,1739981398649483459
27800,1739981398648769039,1739981398650110924
27801,1739981398649894396,1739981398650525031
27802,1739981398650344718,1739981398650908340
27803,1739981398650715939,1739981398651651820
27804,1739981398651114829,1739981398652454217
27805,1739981398651895183,1739981398652862754
27806,1739981398652709776,1739981398653243000
27807,1739981398653092732,1739981398654172821
27808,1739981398653440080,1739981398654998148
27809,1739981398654374370,1739981398655457364
27810,1739981398655234337,1739981398655900758
27811,1739981398655678517,1739981398656251469
27812,1739981398656153206,1739981398657054715
27813,1739981398656429341,1739981398657647733
27814,1739981398657421463,1739981398658126023
27815,1739981398657860536,1739981398658506025
27816,1739981398658348722,1739981398659280902
27817,1739981398658723909,1739981398660105036
27818,1739981398659569383,1739981398660545319
27819,1739981398660326809,1739981398661043522
27820,1739981398660735924,1739981398661413482
27821,1739981398661218107,1739981398662182869
27822,1739981398661577596,1739981398662866611
27823,1739981398662374107,1739981398663260211
27824,1739981398663089083,1739981398663744078
27825,1739981398663457134,1739981398664176267
27826,1739981398663975086,1739981398664622731
27827,1739981398664439089,1739981398665787291
27828,1739981398664832161,1739981398666256097
27829,1739981398666059135,1739981398666662923
27830,1739981398666475560,1739981398667085930
27831,1739981398666899550,1739981398668283871
27832,1739981398667286178,1739981398668774392
27833,1739981398668560910,1739981398669204486
27834,1739981398669021457,1739981398669579032
27835,1739981398669434039,1739981398670547692
27836,1739981398669774492,1739981398671039943
27837,1739981398670896971,1739981398671505382
27838,1739981398671232258,1739981398671936271
27839,1739981398671769707,1739981398672691186
27840,1739981398672167529,1739981398673480516
27841,1739981398673020646,1739981398674000117
27842,1739981398673749174,1739981398674513213
27843,1739981398674240815,1739981398674964492
27844,1739981398674699896,1739981398675383725
27845,1739981398675161309,1739981398676477593
27846,1739981398675597021,1739981398676853364
27847,1739981398676744157,1739981398677399229
27848,1739981398677033163,1739981398677894433
27849,1739981398677624875,1739981398678800251
27850,1739981398678123118,1739981398679338827
27851,1739981398679064996,1739981398679876276
27852,1739981398679579885,1739981398680248001
27853,1739981398680089991,1739981398681095451
27854,1739981398680647586,1739981398681636727
27855,1739981398681473573,1739981398681997960
27856,1739981398681839652,1739981398682408200
27857,1739981398682197315,1739981398683376197
27858,1739981398682614566,1739981398683946905
27859,1739981398683702512,1739981398684419551
27860,1739981398684193632,1739981398684905780
27861,1739981398684619220,1739981398685316811
27862,1739981398685100574,1739981398686390599
27863,1739981398685515980,1739981398686857110
27864,1739981398686595428,1739981398687382260
27865,1739981398687093697,1739981398687877802
27866,1739981398687588914,1739981398688782604
27867,1739981398688072222,1739981398689372674
27868,1739981398689256751,1739981398689755887
27869,1739981398689525008,1739981398690210530
27870,1739981398689974714,1739981398691097497
27871,1739981398690409041,1739981398691963177
27872,1739981398691245322,1739981398692470553
27873,1739981398692159302,1739981398692859764
27874,1739981398692690391,1739981398693739239
27875,1739981398693054840,1739981398694434606
27876,1739981398694124494,1739981398694756669
27877,1739981398694650557,1739981398695080681
27878,1739981398694983110,1739981398695529382
27879,1739981398695300330,1739981398696334279
27880,1739981398695722186,1739981398696856279
27881,1739981398696745967,1739981398697197963
27882,1739981398697122438,1739981398697686273
27883,1739981398697362079,1739981398698608462
27884,1739981398697953982,1739981398699123697
27885,1739981398698920002,1739981398699503117
27886,1739981398699353769,1739981398699847532
27887,1739981398699733378,1739981398700683250
27888,1739981398700044280,1739981398701347852
27889,1739981398701119245,1739981398701815421
27890,1739981398701567429,1739981398702259317
27891,1739981398702021539,1739981398703052624
27892,1739981398702459550,1739981398703738294
27893,1739981398703287869,1739981398704217008
27894,1739981398703984599,1739981398704577194
27895,1739981398704443031,1739981398704992441
27896,1739981398704820487,1739981398705807361
27897,1739981398705227252,1739981398706270298
27898,1739981398706196535,1739981398706725248
27899,1739981398706455740,1739981398707077015
27900,1739981398706959770,1739981398707640244
27901,1739981398707275857,1739981398708553826
27902,1739981398707830403,1739981398708910525
27903,1739981398708845550,1739981398709391645
27904,1739981398709108074,1739981398709777701
27905,1739981398709599904,1739981398710616289
27906,1739981398709991904,1739981398711279869
27907,1739981398710864228,1739981398711701040
27908,1739981398711537201,1739981398712070045
27909,1739981398711980071,1739981398713255017
27910,1739981398712199444,1739981398713653020
27911,1739981398713446053,1739981398713983849
27912,1739981398713860378,1739981398714519340
27913,1739981398714214819,1739981398715226886
27914,1739981398714743511,1739981398716096899
27915,1739981398715531983,1739981398716467394
27916,1739981398716331094,1739981398716797066
27917,1739981398716686528,1739981398717125563
27918,1739981398717024627,1739981398718004982
27919,1739981398717349103,1739981398718698626
27920,1739981398718348543,1739981398719159886
27921,1739981398718942036,1739981398719520444
27922,1739981398719368602,1739981398719953394
27923,1739981398719710461,1739981398720780049
27924,1739981398720151320,1739981398721469441
27925,1739981398721025317,1739981398721862059
27926,1739981398721731836,1739981398722248292
27927,1739981398722081899,1739981398723074891
27928,1739981398722486360,1739981398723796201
27929,1739981398723328948,1739981398724441688
27930,1739981398724010608,1739981398724939011
27931,1739981398724658898,1739981398725360928
27932,1739981398725153560,1739981398725771338
27933,1739981398725537579,1739981398726963644
27934,1739981398726406176,1739981398727349877
27935,1739981398727258120,1739981398727750358
27936,1739981398727593930,1739981398728077255
27937,1739981398727952639,1739981398728644418
27938,1739981398728273106,1739981398729573003
27939,1739981398728867571,1739981398729983485
27940,1739981398729848129,1739981398730443945
27941,1739981398730204408,1739981398730831473
27942,1739981398730634198,1739981398731267874
27943,1739981398731004424,1739981398732108262
27944,1739981398731444518,1739981398732885638
27945,1739981398732355597,1739981398733352137
27946,1739981398733092547,1739981398733806518
27947,1739981398733591282,1739981398734255998
27948,1739981398734040339,1739981398734740979
27949,1739981398734466755,1739981398735642378
27950,1739981398734954142,1739981398736380079
27951,1739981398735937155,1739981398737059130
27952,1739981398736573254,1739981398737433907
27953,1739981398737239101,1739981398737773895
27954,1739981398737637693,1739981398738900110
27955,1739981398737967062,1739981398739325694
27956,1739981398739158657,1739981398739703929
27957,1739981398739541373,1739981398740149033
27958,1739981398739913743,1739981398740504779
27959,1739981398740369147,1739981398741380041
27960,1739981398740728254,1739981398741924173
27961,1739981398741737807,1739981398742434556
27962,1739981398742156997,1739981398742841036
27963,1739981398742681897,1739981398743789385
27964,1739981398743063339,1739981398744499770
27965,1739981398744077367,1739981398744995920
27966,1739981398744700208,1739981398745479277
27967,1739981398745244839,1739981398746374322
27968,1739981398745726851,1739981398746887782
27969,1739981398746706768,1739981398747432274
27970,1739981398747133011,1739981398748368774
27971,1739981398747687315,1739981398749195949
27972,1739981398748555398,1739981398749653398
27973,1739981398749438222,1739981398750153289
27974,1739981398749874574,1739981398750598999
27975,1739981398750390389,1739981398751527231
27976,1739981398750808683,1739981398752167801
27977,1739981398751775998,1739981398752604315
27978,1739981398752486042,1739981398752926644
27979,1739981398752820763,1739981398753363999
27980,1739981398753161819,1739981398753680909
27981,1739981398753600457,1739981398754597021
27982,1739981398753898598,1739981398755340178
27983,1739981398754784156,1739981398755725930
27984,1739981398755580031,1739981398756238636
27985,1739981398755968176,1739981398756624648
27986,1739981398756493610,1739981398757542448
27987,1739981398756834762,1739981398758052334
27988,1739981398757732694,1739981398758523405
27989,1739981398758381041,1739981398758887121
27990,1739981398758722921,1739981398759258593
27991,1739981398759076035,1739981398759733294
27992,1739981398759460305,1739981398760792557
27993,1739981398760101268,1739981398761276434
27994,1739981398761046196,1739981398761652896
27995,1739981398761488141,1739981398762068816
27996,1739981398761837899,1739981398763212550
27997,1739981398762228625,1739981398763645489
27998,1739981398763413531,1739981398764052859
27999,1739981398763869546,1739981398764509717
28000,1739981398764239337,1739981398764849111
28001,1739981398764691296,1739981398765658254
28002,1739981398765045454,1739981398766264976
28003,1739981398765885192,1739981398766610445
28004,1739981398766484983,1739981398766914144
28005,1739981398766779307,1739981398767653436
28006,1739981398767096865,1739981398768514169
28007,1739981398767852504,1739981398768947595
28008,1739981398768708838,1739981398769483189
28009,1739981398769184609,1739981398769872313
28010,1739981398769687875,1739981398770761198
28011,1739981398770040084,1739981398771490964
28012,1739981398770984217,1739981398771891967
28013,1739981398771674252,1739981398772366289
28014,1739981398772108004,1739981398772835872
28015,1739981398772571692,1739981398773559085
28016,1739981398773026862,1739981398774380935
28017,1739981398773754677,1739981398774904009
28018,1739981398774595787,1739981398775276836
28019,1739981398775103524,1739981398775678352
28020,1739981398775478965,1739981398776542449
28021,1739981398775851184,1739981398777201549
28022,1739981398776803276,1739981398777564315
28023,1739981398777398181,1739981398777984041
28024,1739981398777799213,1739981398778332312
28025,1739981398778208679,1739981398778662504
28026,1739981398778566870,1739981398779534352
28027,1739981398778876920,1739981398780293205
28028,1739981398779733772,1739981398780774374
28029,1739981398780515894,1739981398781310939
28030,1739981398781052051,1739981398781993610
28031,1739981398781538527,1739981398782766468
28032,1739981398782331572,1739981398783305784
28033,1739981398783041283,1739981398783788547
28034,1739981398783494922,1739981398784307333
28035,1739981398784020271,1739981398784697756
28036,1739981398784513236,1739981398785632770
28037,1739981398784902889,1739981398786264160
28038,1739981398785964279,1739981398786633973
28039,1739981398786489815,1739981398787578489
28040,1739981398786844782,1739981398788472465
28041,1739981398787817047,1739981398788866233
28042,1739981398788682902,1739981398789304723
28043,1739981398789093445,1739981398789729174
28044,1739981398789551406,1739981398790491612
28045,1739981398789950976,1739981398791130037
28046,1739981398790715726,1739981398791541817
28047,1739981398791368138,1739981398791881330
28048,1739981398791759214,1739981398792218582
28049,1739981398792079825,1739981398793349445
28050,1739981398792430882,1739981398793718362
28051,1739981398793618436,1739981398794284394
28052,1739981398793966921,1739981398794654939
28053,1739981398794512294,1739981398795101737
28054,1739981398794892350,1739981398796010188
28055,1739981398795315772,1739981398796647505
28056,1739981398796379214,1739981398797143403
28057,1739981398796905841,1739981398798359403
28058,1739981398797308397,1739981398798802772
28059,1739981398798624009,1739981398799213642
28060,1739981398799033050,1739981398799853235
28061,1739981398799449172,1739981398800756107
28062,1739981398800052104,1739981398801200889
28063,1739981398800990589,1739981398801583718
28064,1739981398801377778,1739981398802791606
28065,1739981398801774571,1739981398803245373
28066,1739981398803017686,1739981398803731477
28067,1739981398803475629,1739981398804762752
28068,1739981398803915410,1739981398805377857
28069,1739981398804999564,1739981398805680554
28070,1739981398805600870,1739981398806090366
28071,1739981398805829768,1739981398806408995
28072,1739981398806300842,1739981398806707803
28073,1739981398806609939,1739981398807620740
28074,1739981398806896632,1739981398808156290
28075,1739981398807953256,1739981398808558752
28076,1739981398808350481,1739981398808931407
28077,1739981398808759785,1739981398809680438
28078,1739981398809119576,1739981398810523929
28079,1739981398809995595,1739981398811060215
28080,1739981398810766236,1739981398811408838
28081,1739981398811243188,1739981398811776796
28082,1739981398811629729,1739981398812596995
28083,1739981398811969373,1739981398813494891
28084,1739981398812824309,1739981398813902559
28085,1739981398813729147,1739981398814407411
28086,1739981398814102552,1739981398814868743
28087,1739981398814634341,1739981398815808192
28088,1739981398815071777,1739981398816401455
28089,1739981398816010981,1739981398816846007
28090,1739981398816634976,1739981398817603982
28091,1739981398817048215,1739981398818136998
28092,1739981398817918046,1739981398818726129
28093,1739981398818480778,1739981398819056299
28094,1739981398818925238,1739981398819354963
28095,1739981398819204446,1739981398820399003
28096,1739981398819591813,1739981398820977657
28097,1739981398820602537,1739981398821410481
28098,1739981398821196290,1739981398821759911
28099,1739981398821633532,1739981398822628286
28100,1739981398821940856,1739981398823221919
28101,1739981398822786990,1739981398823683110
28102,1739981398823473775,1739981398824132916
28103,1739981398823890180,1739981398824652878
28104,1739981398824308771,1739981398825079820
28105,1739981398824831802,1739981398826003095
28106,1739981398825274249,1739981398826573745
28107,1739981398826354913,1739981398827172861
28108,1739981398826769478,1739981398827972332
28109,1739981398827370741,1739981398828671210
28110,1739981398828385837,1739981398829082417
28111,1739981398828961013,1739981398829398003
28112,1739981398829296353,1739981398830004965
28113,1739981398829646492,1739981398830700585
28114,1739981398830410924,1739981398831125088
28115,1739981398830989627,1739981398831467390
28116,1739981398831402133,1739981398832415991
28117,1739981398831626840,1739981398832979506
28118,1739981398832571190,1739981398833461412
28119,1739981398833209032,1739981398833875252
28120,1739981398833654686,1739981398834386131
28121,1739981398834061286,1739981398834712048
28122,1739981398834570193,1739981398835439363
28123,1739981398834888063,1739981398836307404
28124,1739981398835673846,1739981398836721707
28125,1739981398836543551,1739981398837086387
28126,1739981398836965167,1739981398837524753
28127,1739981398837292927,1739981398838400682
28128,1739981398837722306,1739981398839082414
28129,1739981398838640736,1739981398839483575
28130,1739981398839289444,1739981398840318715
28131,1739981398839655942,1739981398840747455
28132,1739981398840500656,1739981398841371242
28133,1739981398841077609,1739981398841728806
28134,1739981398841597923,1739981398842061791
28135,1739981398841931415,1739981398842906470
28136,1739981398842205431,1739981398843371403
28137,1739981398843105651,1739981398843785379
28138,1739981398843613499,1739981398844484171
28139,1739981398843996573,1739981398845055601
28140,1739981398844687659,1739981398845509425
28141,1739981398845368383,1739981398845843297
28142,1739981398845761642,1739981398846262734
28143,1739981398845993412,1739981398847486202
28144,1739981398846491876,1739981398847955334
28145,1739981398847742849,1739981398848326817
28146,1739981398848145859,1739981398848678453
28147,1739981398848493709,1739981398849909641
28148,1739981398848851294,1739981398850348119
28149,1739981398850164619,1739981398850730520
28150,1739981398850562702,1739981398851641537
28151,1739981398850944455,1739981398852322514
28152,1739981398851953330,1739981398852684385
28153,1739981398852566069,1739981398853178535
28154,1739981398852905136,1739981398853518186
28155,1739981398853347878,1739981398853844780
28156,1739981398853687527,1739981398854623385
28157,1739981398854018453,1739981398855490375
28158,1739981398854895611,1739981398855871162
28159,1739981398855679562,1739981398856307985
28160,1739981398856062200,1739981398856681186
28161,1739981398856557065,1739981398857029552
28162,1739981398856887011,1739981398857361255
28163,1739981398857202482,1739981398858303073
28164,1739981398857542093,1739981398858914729
28165,1739981398858620985,1739981398859392875
28166,1739981398859154490,1739981398859904958
28167,1739981398859604758,1739981398860829197
28168,1739981398860165417,1739981398861399648
28169,1739981398861213878,1739981398861953684
28170,1739981398861639508,1739981398862347749
28171,1739981398862141923,1739981398863206856
28172,1739981398862515523,1739981398863807240
28173,1739981398863585423,1739981398864142497
28174,1739981398864051557,1739981398864593195
28175,1739981398864393593,1739981398864998657
28176,1739981398864811566,1739981398865754986
28177,1739981398865197787,1739981398866333084
28178,1739981398865959362,1739981398866787834
28179,1739981398866523911,1739981398867109626
28180,1739981398867024795,1739981398867811715
28181,1739981398867318773,1739981398868635957
28182,1739981398868108992,1739981398868996105
28183,1739981398868877394,1739981398869355917
28184,1739981398869190663,1739981398869716436
28185,1739981398869547062,1739981398870062619
28186,1739981398869917227,1739981398871225483
28187,1739981398870203745,1739981398871623210
28188,1739981398871447802,1739981398872017164
28189,1739981398871816990,1739981398872416839
28190,1739981398872204079,1739981398873466856
28191,1739981398872593917,1739981398873948474
28192,1739981398873754179,1739981398874423564
28193,1739981398874174690,1739981398874798200
28194,1739981398874627192,1739981398875689212
28195,1739981398874999611,1739981398876148142
28196,1739981398875987300,1739981398876576898
28197,1739981398876347417,1739981398876933832
28198,1739981398876821350,1739981398877280198
28199,1739981398877156025,1739981398878085597
28200,1739981398877490078,1739981398878601524
28201,1739981398878393275,1739981398879062988
28202,1739981398878825927,1739981398879376875
28203,1739981398879228151,1739981398879925891
28204,1739981398879568428,1739981398880750222
28205,1739981398880176893,1739981398881138535
28206,1739981398881022859,1739981398881488325
28207,1739981398881367220,1739981398881969338
28208,1739981398881720272,1739981398882627518
28209,1739981398882194055,1739981398883464528
28210,1739981398882959209,1739981398883934290
28211,1739981398883700563,1739981398884395198
28212,1739981398884155983,1739981398884718430
28213,1739981398884579259,1739981398885484985
28214,1739981398884915750,1739981398886143474
28215,1739981398885680729,1739981398886492366
28216,1739981398886359893,1739981398886957168
28217,1739981398886695416,1739981398887301979
28218,1739981398887157842,1739981398888187274
28219,1739981398887501361,1739981398888936698
28220,1739981398888511565,1739981398889427855
28221,1739981398889158537,1739981398889773539
28222,1739981398889600847,1739981398890217578
28223,1739981398889990366,1739981398891065184
28224,1739981398890420192,1739981398891687836
28225,1739981398891292026,1739981398892099009
28226,1739981398891924726,1739981398892515179
28227,1739981398892354066,1739981398893402345
28228,1739981398892708679,1739981398894088361
28229,1739981398893670458,1739981398894683239
28230,1739981398894410451,1739981398895054594
28231,1739981398894903890,1739981398895484566
28232,1739981398895229082,1739981398896566891
28233,1739981398895803603,1739981398897024999
28234,1739981398896860094,1739981398897418164
28235,1739981398897231347,1739981398897760036
28236,1739981398897598686,1739981398898432629
28237,1739981398897936563,1739981398899103284
28238,1739981398898600994,1739981398899485790
28239,1739981398899330562,1739981398899814060
28240,1739981398899692570,1739981398900179479
28241,1739981398900017089,1739981398900576447
28242,1739981398900381117,1739981398901336927
28243,1739981398900781650,1739981398901953370
28244,1739981398901551454,1739981398902369831
28245,1739981398902187400,1739981398902728002
28246,1739981398902564187,1739981398903490728
28247,1739981398902920005,1739981398904168676
28248,1739981398903775132,1739981398904664435
28249,1739981398904401191,1739981398904989713
28250,1739981398904849852,1739981398905395564
28251,1739981398905198354,1739981398906582407
28252,1739981398905591669,1739981398906955342
28253,1739981398906814499,1739981398907359490
28254,1739981398907168074,1739981398907674904
28255,1739981398907588315,1739981398908542276
28256,1739981398907787621,1739981398909214765
28257,1739981398908721122,1739981398909705375
28258,1739981398909447726,1739981398910040863
28259,1739981398909905978,1739981398910366413
28260,1739981398910256653,1739981398910671364
28261,1739981398910579227,1739981398911552718
28262,1739981398910864643,1739981398912018764
28263,1739981398911929677,1739981398912509412
28264,1739981398912248756,1739981398912888363
28265,1739981398912744552,1739981398913668078
28266,1739981398913114748,1739981398914483157
28267,1739981398913896835,1739981398914880157
28268,1739981398914733070,1739981398915371159
28269,1739981398915066463,1739981398915711685
28270,1739981398915562122,1739981398916560614
28271,1739981398915895565,1739981398917320148
28272,1739981398916763535,1739981398917818961
28273,1739981398917591433,1739981398918558114
28274,1739981398918038657,1739981398919238491
28275,1739981398918892065,1739981398919710832
28276,1739981398919593404,1739981398920122420
28277,1739981398919989757,1739981398920568382
28278,1739981398920310006,1739981398920878015
28279,1739981398920739365,1739981398921603584
28280,1739981398921072555,1739981398922260769
28281,1739981398921779193,1739981398922789272
28282,1739981398922515239,1739981398923192246
28283,1739981398923007132,1739981398923686334
28284,1739981398923383941,1739981398924763457
28285,1739981398923961016,1739981398925262503
28286,1739981398925055125,1739981398925623389
28287,1739981398925462832,1739981398926049664
28288,1739981398925837932,1739981398926897454
28289,1739981398926265110,1739981398927542084
28290,1739981398927085429,1739981398928026683
28291,1739981398927741764,1739981398928420895
28292,1739981398928247738,1739981398929248681
28293,1739981398928683836,1739981398929968041
28294,1739981398929464594,1739981398930341155
28295,1739981398930209435,1739981398930673694
28296,1739981398930570992,1739981398931106481
28297,1739981398930857643,1739981398931426687
28298,1739981398931309851,1739981398932174664
28299,1739981398931631856,1739981398932960837
28300,1739981398932428810,1739981398933348872
28301,1739981398933231446,1739981398933757627
28302,1739981398933591008,1739981398934257053
28303,1739981398933968622,1739981398934662242
28304,1739981398934459587,1739981398935493206
28305,1739981398934869340,1739981398936197023
28306,1739981398935730758,1739981398936626336
28307,1739981398936447503,1739981398937024870
28308,1739981398936868141,1739981398937462795
28309,1739981398937207305,1739981398938405566
28310,1739981398937651956,1739981398939079723
28311,1739981398938539164,1739981398939576515
28312,1739981398939396768,1739981398939973439
28313,1739981398939787014,1739981398940713237
28314,1739981398940184609,1739981398941494767
28315,1739981398940925384,1739981398941936781
28316,1739981398941745846,1739981398942363206
28317,1739981398942153175,1739981398942955515
28318,1739981398942557000,1739981398943486958
28319,1739981398943084487,1739981398944065655
28320,1739981398943855512,1739981398944430597
28321,1739981398944224368,1739981398944791049
28322,1739981398944685175,1739981398945129971
28323,1739981398944997901,1739981398946022721
28324,1739981398945338601,1739981398946631103
28325,1739981398946409498,1739981398947050301
28326,1739981398946849028,1739981398947431822
28327,1739981398947219957,1739981398948392084
28328,1739981398947612703,1739981398948839809
28329,1739981398948678877,1739981398949296530
28330,1739981398949096163,1739981398949776128
28331,1739981398949539286,1739981398950679790
28332,1739981398949985670,1739981398951363343
28333,1739981398951092678,1739981398951787766
28334,1739981398951589846,1739981398952762632
28335,1739981398951977600,1739981398953345496
28336,1739981398952987315,1739981398953748187
28337,1739981398953592794,1739981398954165167
28338,1739981398953994012,1739981398955065994
28339,1739981398954306064,1739981398955516627
28340,1739981398955291389,1739981398955906820
28341,1739981398955781579,1739981398956320096
28342,1739981398956160330,1739981398956614787
28343,1739981398956507739,1739981398957376945
28344,1739981398956818314,1739981398958088709
28345,1739981398957598148,1739981398958548663
28346,1739981398958294289,1739981398958875542
28347,1739981398958738410,1739981398959347919
28348,1739981398959067858,1739981398959960223
28349,1739981398959524200,1739981398960773014
28350,1739981398960131319,1739981398961150169
28351,1739981398961023953,1739981398961509487
28352,1739981398961350368,1739981398961917066
28353,1739981398961705353,1739981398963072953
28354,1739981398962089204,1739981398963490289
28355,1739981398963280139,1739981398963877624
28356,1739981398963721035,1739981398964500503
28357,1739981398964087094,1739981398964842694
28358,1739981398964727522,1739981398965632457
28359,1739981398965051553,1739981398966364121
28360,1739981398965826806,1739981398966738526
28361,1739981398966587773,1739981398967059695
28362,1739981398966947669,1739981398967411606
28363,1739981398967226346,1739981398967964960
28364,1739981398967653953,1739981398968575122
28365,1739981398968161520,1739981398969593001
28366,1739981398969051729,1739981398969935156
28367,1739981398969838160,1739981398970331269
28368,1739981398970133930,1739981398971010298
28369,1739981398970515444,1739981398971600898
28370,1739981398971268544,1739981398972207756
28371,1739981398971897091,1739981398972572172
28372,1739981398972422144,1739981398972891007
28373,1739981398972741818,1739981398973723455
28374,1739981398973091288,1739981398974695061
28375,1739981398974009912,1739981398975122955
28376,1739981398974887531,1739981398975573814
28377,1739981398975368767,1739981398976087603
28378,1739981398975797079,1739981398977176615
28379,1739981398976558004,1739981398977624239
28380,1739981398977474779,1739981398978110449
28381,1739981398977860282,1739981398978986159
28382,1739981398978336576,1739981398979761859
28383,1739981398979149637,1739981398980215344
28384,1739981398979981103,1739981398980543717
28385,1739981398980413397,1739981398980888830
28386,1739981398980726661,1739981398981289411
28387,1739981398981090379,1739981398982149412
28388,1739981398981519670,1739981398982612153
28389,1739981398982456407,1739981398983143185
28390,1739981398982848417,1739981398983478279
28391,1739981398983392832,1739981398984520892
28392,1739981398983600227,1739981398985020606
28393,1739981398984731955,1739981398985450707
28394,1739981398985310500,1739981398985856145
28395,1739981398985704955,1739981398986222413
28396,1739981398986050724,1739981398987048012
28397,1739981398986415213,1739981398987681548
28398,1739981398987289468,1739981398988085858
28399,1739981398987966134,1739981398988451534
28400,1739981398988288627,1739981398988869260
28401,1739981398988658240,1739981398989745545
28402,1739981398989079798,1739981398990490412
28403,1739981398990213130,1739981398990881295
28404,1739981398990705970,1739981398991229772
28405,1739981398991135118,1739981398991581314
28406,1739981398991416395,1739981398992539434
28407,1739981398991760878,1739981398993057227
28408,1739981398992760793,1739981398993407952
28409,1739981398993255422,1739981398993877769
28410,1739981398993637146,1739981398994640130
28411,1739981398994081401,1739981398995381728
28412,1739981398994919419,1739981398995774923
28413,1739981398995647987,1739981398996189365
28414,1739981398996013989,1739981398996544349
28415,1739981398996393484,1739981398997375633
28416,1739981398996745730,1739981398998097352
28417,1739981398997571844,1739981398998601807
28418,1739981398998302786,1739981398999033029
28419,1739981398998805238,1739981398999415268
28420,1739981398999224364,1739981399000512089
28421,1739981398999594099,1739981399000966398
28422,1739981399000785362,1739981399001360436
28423,1739981399001136768,1739981399002171243
28424,1739981399001543345,1739981399002831723
28425,1739981399002372890,1739981399003210811
28426,1739981399003081277,1739981399003688955
28427,1739981399003448348,1739981399004018679
28428,1739981399003887460,1739981399004380998
28429,1739981399004261009,1739981399004857222
28430,1739981399004559973,1739981399005641409
28431,1739981399005028966,1739981399006529950
28432,1739981399005980834,1739981399006972094
28433,1739981399006748543,1739981399007341816
28434,1739981399007177714,1739981399007721169
28435,1739981399007532924,1739981399008088864
28436,1739981399007910846,1739981399008968864
28437,1739981399008299267,1739981399009685549
28438,1739981399009215717,1739981399010100445
28439,1739981399009901255,1739981399010494655
28440,1739981399010295020,1739981399010964404
28441,1739981399010689026,1739981399011700843
28442,1739981399011189894,1739981399012301184
28443,1739981399011945330,1739981399012846050
28444,1739981399012614093,1739981399013215731
28445,1739981399013100969,1739981399013530854
28446,1739981399013401736,1739981399013940757
28447,1739981399013716852,1739981399014405535
28448,1739981399014121707,1739981399014779398
28449,1739981399014603541,1739981399015992743
28450,1739981399014951709,1739981399016341388
28451,1739981399016259973,1739981399016778166
28452,1739981399016544377,1739981399017216231
28453,1739981399016993500,1739981399018278250
28454,1739981399017470680,1739981399018821928
28455,1739981399018631948,1739981399019374935
28456,1739981399019124891,1739981399020186452
28457,1739981399019572709,1739981399020788829
28458,1739981399020638599,1739981399021184192
28459,1739981399020989170,1739981399022002618
28460,1739981399021379583,1739981399022622797
28461,1739981399022188759,1739981399023081992
28462,1739981399022892824,1739981399023559109
28463,1739981399023322233,1739981399023952441
28464,1739981399023780617,1739981399025245133
28465,1739981399024167918,1739981399025697269
28466,1739981399025535146,1739981399026048876
28467,1739981399025925269,1739981399026356422
28468,1739981399026209962,1739981399027382297
28469,1739981399026547428,1739981399027764834
28470,1739981399027639839,1739981399028133447
28471,1739981399027966062,1739981399028481804
28472,1739981399028331619,1739981399029355991
28473,1739981399028697176,1739981399029929327
28474,1739981399029735290,1739981399030436330
28475,1739981399030151231,1739981399030906759
28476,1739981399030652659,1739981399031620563
28477,1739981399031108498,1739981399032234039
28478,1739981399031800261,1739981399032638226
28479,1739981399032466394,1739981399033041972
28480,1739981399032837431,1739981399033918486
28481,1739981399033267073,1739981399034652626
28482,1739981399034109450,1739981399035061795
28483,1739981399034916804,1739981399035467950
28484,1739981399035268638,1739981399036443874
28485,1739981399035657336,1739981399036974108
28486,1739981399036768934,1739981399037401398
28487,1739981399037206091,1739981399037751112
28488,1739981399037662489,1739981399038132726
28489,1739981399037911670,1739981399038966423
28490,1739981399038334431,1739981399039458255
28491,1739981399039152296,1739981399039838400
28492,1739981399039674417,1739981399040290425
28493,1739981399040097583,1739981399040615032
28494,1739981399040533532,1739981399041520738
28495,1739981399040815789,1739981399042022367
28496,1739981399041816860,1739981399042450305
28497,1739981399042219727,1739981399042813345
28498,1739981399042635374,1739981399043680929
28499,1739981399043000000,1739981399044276045
28500,1739981399044042669,1739981399044766034
28501,1739981399044490827,1739981399045276854
28502,1739981399044962929,1739981399046502595
28503,1739981399045490333,1739981399047032405
28504,1739981399046732179,1739981399047510703
28505,1739981399047265419,1739981399047924091
28506,1739981399047707459,1739981399049044288
28507,1739981399048086068,1739981399049613519
28508,1739981399049232014,1739981399050027259
28509,1739981399049849120,1739981399050806402
28510,1739981399050225493,1739981399051710062
28511,1739981399051082518,1739981399052047323
28512,1739981399051913345,1739981399052345874
28513,1739981399052214316,1739981399052754567
28514,1739981399052533311,1739981399053058483
28515,1739981399052969285,1739981399053813961
28516,1739981399053221131,1739981399054585653
28517,1739981399053972622,1739981399054976470
28518,1739981399054806127,1739981399055461889
28519,1739981399055215149,1739981399055800150
28520,1739981399055695047,1739981399056518893
28521,1739981399056014695,1739981399057339180
28522,1739981399056822098,1739981399057827548
28523,1739981399057603377,1739981399058302302
28524,1739981399058032544,1739981399058830156
28525,1739981399058497383,1739981399059814627
28526,1739981399059008719,1739981399060214593
28527,1739981399060045957,1739981399060574165
28528,1739981399060475053,1739981399061057906
28529,1739981399060792837,1739981399061908634
28530,1739981399061248180,1739981399062631024
28531,1739981399062099508,1739981399063205997
28532,1739981399062888844,1739981399063900499
28533,1739981399063401260,1739981399065069880
28534,1739981399064092490,1739981399065515404
28535,1739981399065299365,1739981399065844129
28536,1739981399065734213,1739981399066198014
28537,1739981399066047486,1739981399066649457
28538,1739981399066424253,1739981399067448436
28539,1739981399066838120,1739981399068043790
28540,1739981399067640119,1739981399068475699
28541,1739981399068227029,1739981399068843274
28542,1739981399068690900,1739981399069214087
28543,1739981399069025958,1739981399069556290
28544,1739981399069405812,1739981399070284718
28545,1739981399069722444,1739981399070980796
28546,1739981399070452293,1739981399071373036
28547,1739981399071179010,1739981399071843131
28548,1739981399071550578,1739981399072327181
28549,1739981399072028713,1739981399072835356
28550,1739981399072511156,1739981399073601948
28551,1739981399073070226,1739981399074100287
28552,1739981399073818039,1739981399074861602
28553,1739981399074545007,1739981399075283251
28554,1739981399075099822,1739981399075692616
28555,1739981399075507741,1739981399076126277
28556,1739981399075915021,1739981399076836295
28557,1739981399076339314,1739981399077488999
28558,1739981399077051814,1739981399078016703
28559,1739981399077751710,1739981399078381947
28560,1739981399078206700,1739981399078712931
28561,1739981399078562517,1739981399079058191
28562,1739981399078917969,1739981399079977380
28563,1739981399079201698,1739981399080435239
28564,1739981399080222186,1739981399080908463
28565,1739981399080624650,1739981399081283393
28566,1739981399081129338,1739981399082176277
28567,1739981399081508077,1739981399082856041
28568,1739981399082425065,1739981399083191972
28569,1739981399083073032,1739981399083516491
28570,1739981399083393347,1739981399084000555
28571,1739981399083884626,1739981399084492503
28572,1739981399084283960,1739981399085292297
28573,1739981399084705637,1739981399086002164
28574,1739981399085502967,1739981399086398610
28575,1739981399086253559,1739981399087203664
28576,1739981399086602419,1739981399087967079
28577,1739981399087476784,1739981399088270244
28578,1739981399088194897,1739981399088605055
28579,1739981399088426876,1739981399088965616
28580,1739981399088820710,1739981399089681747
28581,1739981399089186884,1739981399090327941
28582,1739981399089854035,1739981399090781302
28583,1739981399090527155,1739981399091139045
28584,1739981399090967062,1739981399091587865
28585,1739981399091339408,1739981399092333418
28586,1739981399091778487,1739981399093087892
28587,1739981399092598532,1739981399093437285
28588,1739981399093322129,1739981399093797615
28589,1739981399093686494,1739981399094270865
28590,1739981399093992006,1739981399094645382
28591,1739981399094486840,1739981399095556548
28592,1739981399094837990,1739981399096159320
28593,1739981399095865076,1739981399096527043
28594,1739981399096350635,1739981399096869046
28595,1739981399096717772,1739981399097698423
28596,1739981399097042098,1739981399098291079
28597,1739981399097890377,1739981399098650472
28598,1739981399098537112,1739981399099120105
28599,1739981399098864615,1739981399099448292
28600,1739981399099326845,1739981399099775547
28601,1739981399099655270,1739981399100639858
28602,1739981399099959972,1739981399101076822
28603,1739981399100941182,1739981399101632736
28604,1739981399101428279,1739981399102024624
28605,1739981399101853364,1739981399102354684
28606,1739981399102224002,1739981399102957907
28607,1739981399102554195,1739981399103668364
28608,1739981399103217989,1739981399104094150
28609,1739981399103879537,1739981399104648177
28610,1739981399104280763,1739981399105062955
28611,1739981399104865148,1739981399105854732
28612,1739981399105209749,1739981399106810372
28613,1739981399106100954,1739981399107233085
28614,1739981399107061207,1739981399107658691
28615,1739981399107431179,1739981399108035905
28616,1739981399107828315,1739981399108730460
28617,1739981399108331880,1739981399109312542
28618,1739981399108906812,1739981399109721546
28619,1739981399109515685,1739981399110062183
28620,1739981399109924652,1739981399110374651
28621,1739981399110224210,1739981399110811233
28622,1739981399110593754,1739981399111519168
28623,1739981399111012503,1739981399112239676
28624,1739981399111727251,1739981399112707091
28625,1739981399112460385,1739981399113144525
28626,1739981399112902466,1739981399113610048
28627,1739981399113340742,1739981399114510400
28628,1739981399113791215,1739981399115175100
28629,1739981399114727018,1739981399115568193
28630,1739981399115426297,1739981399116039739
28631,1739981399115788185,1739981399116904496
28632,1739981399116228525,1739981399117677930
28633,1739981399117121227,1739981399118051038
28634,1739981399117867095,1739981399118487383
28635,1739981399118200277,1739981399119230276
28636,1739981399118677961,1739981399119891586
28637,1739981399119473741,1739981399120307192
28638,1739981399120131129,1739981399120628694
28639,1739981399120529935,1739981399121268519
28640,1739981399120801158,1739981399122090221
28641,1739981399121480969,1739981399122453329
28642,1739981399122307783,1739981399122778228
28643,1739981399122675406,1739981399123169246
28644,1739981399122972894,1739981399123786124
28645,1739981399123357554,1739981399124634107
28646,1739981399124044832,1739981399125051528
28647,1739981399124860693,1739981399125426327
28648,1739981399125206784,1739981399125791468
28649,1739981399125613146,1739981399126625570
28650,1739981399125982382,1739981399127105501
28651,1739981399127018164,1739981399127547118
28652,1739981399127253728,1739981399127969227
28653,1739981399127767423,1739981399128850211
28654,1739981399128188495,1739981399129425436
28655,1739981399129009320,1739981399129767285
28656,1739981399129626812,1739981399130149870
28657,1739981399129958450,1739981399131259453
28658,1739981399130321285,1739981399131633318
28659,1739981399131508000,1739981399131954894
28660,1739981399131846895,1739981399132338356
28661,1739981399132090673,1739981399132707320
28662,1739981399132568700,1739981399133555916
28663,1739981399132950367,1739981399134353652
28664,1739981399133948277,1739981399134790106
28665,1739981399134588028,1739981399135197520
28666,1739981399134997865,1739981399135589634
28667,1739981399135384316,1739981399136492407
28668,1739981399135760588,1739981399136978245
28669,1739981399136838313,1739981399137384480
28670,1739981399137185344,1739981399137865455
28671,1739981399137668249,1739981399138673817
28672,1739981399138104608,1739981399139223268
28673,1739981399138905830,1739981399139703429
28674,1739981399139581957,1739981399140124701
28675,1739981399139930621,1739981399140450304
28676,1739981399140330279,1739981399140769326
28677,1739981399140622794,1739981399141574247
28678,1739981399141160117,1739981399142085452
28679,1739981399141924735,1739981399142421741
28680,1739981399142324364,1739981399142796222
28681,1739981399142611300,1739981399143122941
28682,1739981399142992801,1739981399143806157
28683,1739981399143327959,1739981399144634803
28684,1739981399144103693,1739981399145077958
28685,1739981399144858231,1739981399145445602
28686,1739981399145286602,1739981399145883214
28687,1739981399145662626,1739981399146693048
28688,1739981399146090930,1739981399147214533
28689,1739981399146932488,1739981399147681414
28690,1739981399147562479,1739981399148056563
28691,1739981399147882412,1739981399148424462
28692,1739981399148215736,1739981399149357443
28693,1739981399148677705,1739981399149963165
28694,1739981399149715021,1739981399150380128
28695,1739981399150178626,1739981399151292227
28696,1739981399150576577,1739981399152062742
28697,1739981399151426012,1739981399152426853
28698,1739981399152264202,1739981399152805312
28699,1739981399152647686,1739981399153201431
28700,1739981399153008563,1739981399153479853
28701,1739981399153404661,1739981399154373125
28702,1739981399153666456,1739981399155004821
28703,1739981399154554656,1739981399155363984
28704,1739981399155284171,1739981399155707784
28705,1739981399155511360,1739981399156172106
28706,1739981399155908712,1739981399156491678
28707,1739981399156374367,1739981399157368962
28708,1739981399156677931,1739981399158131452
28709,1739981399157528247,1739981399158483368
28710,1739981399158357454,1739981399158845149
28711,1739981399158689433,1739981399159208139
28712,1739981399159061145,1739981399160027718
28713,1739981399159377957,1739981399160794349
28714,1739981399160366800,1739981399161166341
28715,1739981399161039496,1739981399161582380
28716,1739981399161370427,1739981399162286799
28717,1739981399161799424,1739981399163086039
28718,1739981399162581729,1739981399163514744
28719,1739981399163333961,1739981399163848384
28720,1739981399163711729,1739981399164320028
28721,1739981399164040342,1739981399164755381
28722,1739981399164527200,1739981399165079526
28723,1739981399164954695,1739981399165775152
28724,1739981399165272715,1739981399166160572
28725,1739981399165950045,1739981399166717002
28726,1739981399166394493,1739981399167064614
28727,1739981399166926250,1739981399167442240
28728,1739981399167254076,1739981399167819578
28729,1739981399167631717,1739981399168658441
28730,1739981399168019633,1739981399169358872
28731,1739981399168911820,1739981399169802430
28732,1739981399169598568,1739981399170176358
28733,1739981399170012073,1739981399170579229
28734,1739981399170416441,1739981399171007020
28735,1739981399170788862,1739981399171910164
28736,1739981399171189351,1739981399172420535
28737,1739981399172245593,1739981399172802318
28738,1739981399172650763,1739981399173140673
28739,1739981399173032179,1739981399173809686
28740,1739981399173332768,1739981399174694620
28741,1739981399173966283,1739981399175071972
28742,1739981399174929303,1739981399175402703
28743,1739981399175214258,1739981399175826432
28744,1739981399175584814,1739981399176712374
28745,1739981399176030459,1739981399177341366
28746,1739981399177105038,1739981399177823092
28747,1739981399177541106,1739981399178419386
28748,1739981399178043311,1739981399179579242
28749,1739981399179314278,1739981399180016138
28750,1739981399179826214,1739981399180442867
28751,1739981399180252334,1739981399181361380
28752,1739981399180635994,1739981399182148653
28753,1739981399181516110,1739981399182565503
28754,1739981399182397171,1739981399182922432
28755,1739981399182793155,1739981399183430514
28756,1739981399183127420,1739981399184169842
28757,1739981399183672502,1739981399185105026
28758,1739981399184655327,1739981399185575230
28759,1739981399185363399,1739981399185926558
28760,1739981399185820589,1739981399186254557
28761,1739981399186120344,1739981399186708918
28762,1739981399186446110,1739981399187567320
28763,1739981399186894136,1739981399188093681
28764,1739981399187977771,1739981399188577212
28765,1739981399188313673,1739981399188958584
28766,1739981399188789814,1739981399189719527
28767,1739981399189201417,1739981399190361396
28768,1739981399189956358,1739981399190822086
28769,1739981399190611649,1739981399191311642
28770,1739981399191038627,1739981399192051271
28771,1739981399191532013,1739981399192838381
28772,1739981399192250444,1739981399193259062
28773,1739981399193114212,1739981399193799355
28774,1739981399193522190,1739981399194424391
28775,1739981399194033848,1739981399194922205
28776,1739981399194636512,1739981399195936396
28777,1739981399195250619,1739981399196337783
28778,1739981399196176437,1739981399196803167
28779,1739981399196521983,1739981399197723417
28780,1739981399196992080,1739981399198475619
28781,1739981399197955170,1739981399198875017
28782,1739981399198730622,1739981399199249598
28783,1739981399199091801,1739981399199609779
28784,1739981399199464455,1739981399200242309
28785,1739981399199817206,1739981399200816242
28786,1739981399200527234,1739981399201346225
28787,1739981399201191124,1739981399201841241
28788,1739981399201565506,1739981399202209028
28789,1739981399202054051,1739981399203072379
28790,1739981399202416901,1739981399203708722
28791,1739981399203358762,1739981399204112033
28792,1739981399203933595,1739981399204464782
28793,1739981399204278569,1739981399205357210
28794,1739981399204672699,1739981399205831316
28795,1739981399205660594,1739981399206178745
28796,1739981399206043996,1739981399206877776
28797,1739981399206396779,1739981399207772146
28798,1739981399207179167,1739981399208197754
28799,1739981399208024948,1739981399208658600
28800,1739981399208406121,1739981399209008188
28801,1739981399208841096,1739981399209947890
28802,1739981399209187676,1739981399210417615
28803,1739981399210299633,1739981399210752177
28804,1739981399210622066,1739981399211061317
28805,1739981399210981868,1739981399211852405
28806,1739981399211206595,1739981399212506896
28807,1739981399212115372,1739981399212849011
28808,1739981399212739337,1739981399213207894
28809,1739981399213054653,1739981399213684323
28810,1739981399213415602,1739981399214616627
28811,1739981399213888094,1739981399215355066
28812,1739981399214880441,1739981399215753332
28813,1739981399215574133,1739981399216157809
28814,1739981399215977059,1739981399216501560
28815,1739981399216357688,1739981399216875061
28816,1739981399216696529,1739981399217731705
28817,1739981399217087793,1739981399218508241
28818,1739981399218018236,1739981399218992655
28819,1739981399218766506,1739981399219412680
28820,1739981399219214355,1739981399219791486
28821,1739981399219613773,1739981399220959157
28822,1739981399219992637,1739981399221437412
28823,1739981399221203604,1739981399221852239
28824,1739981399221681237,1739981399222236589
28825,1739981399222051178,1739981399223145148
28826,1739981399222418607,1739981399223596998
28827,1739981399223506268,1739981399224032882
28828,1739981399223777885,1739981399224457725
28829,1739981399224278969,1739981399224826230
28830,1739981399224657718,1739981399225543325
28831,1739981399225005180,1739981399226388400
28832,1739981399225807942,1739981399226786592
28833,1739981399226627132,1739981399227196109
28834,1739981399226988283,1739981399227676740
28835,1739981399227373865,1739981399228793754
28836,1739981399227847021,1739981399229293563
28837,1739981399229014246,1739981399229766431
28838,1739981399229491939,1739981399230495885
28839,1739981399229943351,1739981399231251671
28840,1739981399230682111,1739981399231705629
28841,1739981399231467906,1739981399232233405
28842,1739981399231889263,1739981399232776605
28843,1739981399232417814,1739981399234003751
28844,1739981399233085831,1739981399234479395
28845,1739981399234282934,1739981399234847835
28846,1739981399234678778,1739981399235724695
28847,1739981399235049817,1739981399236683884
28848,1739981399235931593,1739981399237146662
28849,1739981399236898283,1739981399237555662
28850,1739981399237322875,1739981399238362917
28851,1739981399237750865,1739981399238994092
28852,1739981399238524574,1739981399239463788
28853,1739981399239195312,1739981399239846744
28854,1739981399239679286,1739981399240184297
28855,1739981399240044204,1739981399240508808
28856,1739981399240377373,1739981399241600235
28857,1739981399240722764,1739981399242031200
28858,1739981399241896444,1739981399242496798
28859,1739981399242218956,1739981399242882243
28860,1739981399242740380,1739981399243466652
28861,1739981399243104180,1739981399244345891
28862,1739981399243698229,1739981399244702326
28863,1739981399244587769,1739981399245120953
28864,1739981399244958619,1739981399245470308
28865,1739981399245347018,1739981399246356290
28866,1739981399245655097,1739981399247178146
28867,1739981399246535493,1739981399247543483
28868,1739981399247419256,1739981399247897976
28869,1739981399247812880,1739981399248323618
28870,1739981399248047717,1739981399249088356
28871,1739981399248549990,1739981399249735504
28872,1739981399249289773,1739981399250145969
28873,1739981399249939020,1739981399250438882
28874,1739981399250337778,1739981399250717838
28875,1739981399250631135,1739981399251050739
28876,1739981399250906397,1739981399251973037
28877,1739981399251207981,1739981399252464297
28878,1739981399252329352,1739981399252910798
28879,1739981399252583414,1739981399253293909
28880,1739981399253089811,1739981399254162220
28881,1739981399253477945,1739981399254752970
28882,1739981399254449153,1739981399255265853
28883,1739981399254973377,1739981399255691759
28884,1739981399255516886,1739981399256036989
28885,1739981399255940556,1739981399256713639
28886,1739981399256204274,1739981399257595980
28887,1739981399256892549,1739981399257989103
28888,1739981399257841696,1739981399258404427
28889,1739981399258262656,1739981399259178660
28890,1739981399258621195,1739981399259842787
28891,1739981399259446297,1739981399260208156
28892,1739981399260073149,1739981399260586768
28893,1739981399260410650,1739981399260932692
28894,1739981399260774205,1739981399261482883
28895,1739981399261148198,1739981399262284367
28896,1739981399261725180,1739981399262769001
28897,1739981399262638651,1739981399263281290
28898,1739981399262994843,1739981399263652924
28899,1739981399263505365,1739981399264806323
28900,1739981399263871144,1739981399265307085
28901,1739981399265084121,1739981399265703925
28902,1739981399265522712,1739981399266074856
28903,1739981399265899536,1739981399266798670
28904,1739981399266235102,1739981399267532088
28905,1739981399266970443,1739981399268028697
28906,1739981399267786204,1739981399268542131
28907,1739981399268259025,1739981399269800563
28908,1739981399268749861,1739981399270211757
28909,1739981399270050808,1739981399270615857
28910,1739981399270451689,1739981399271489425
28911,1739981399270845166,1739981399272070984
28912,1739981399271699799,1739981399272489100
28913,1739981399272266047,1739981399273408943
28914,1739981399272665961,1739981399273895029
28915,1739981399273712405,1739981399274390569
28916,1739981399274105768,1739981399274817523
28917,1739981399274586909,1739981399275161193
28918,1739981399275043640,1739981399275857318
28919,1739981399275359251,1739981399276846562
28920,1739981399276194425,1739981399277255416
28921,1739981399277052092,1739981399277655829
28922,1739981399277471894,1739981399278013145
28923,1739981399277851301,1739981399278894890
28924,1739981399278275033,1739981399279573362
28925,1739981399279204170,1739981399280049122
28926,1739981399279832916,1739981399280480130
28927,1739981399280232917,1739981399281305192
28928,1739981399280666739,1739981399282029150
28929,1739981399281446459,1739981399282436665
28930,1739981399282228678,1739981399282776514
28931,1739981399282622584,1739981399283167789
28932,1739981399283037763,1739981399284446929
28933,1739981399283396665,1739981399284857169
28934,1739981399284717664,1739981399285230433
28935,1739981399285059169,1739981399285576523
28936,1739981399285433671,1739981399286377183
28937,1739981399285835935,1739981399286896304
28938,1739981399286780880,1739981399287350859
28939,1739981399287134247,1739981399287716126
28940,1739981399287582730,1739981399288112692
28941,1739981399287956537,1739981399289268839
28942,1739981399288479959,1739981399289631322
28943,1739981399289541987,1739981399290078558
28944,1739981399289824437,1739981399290492930
28945,1739981399290321890,1739981399291211115
28946,1739981399290725354,1739981399292018471
28947,1739981399291433636,1739981399292414926
28948,1739981399292241023,1739981399292800158
28949,1739981399292643885,1739981399293219453
28950,1739981399293020098,1739981399293919646
28951,1739981399293400080,1739981399294793192
28952,1739981399294134955,1739981399295248602
28953,1739981399295017700,1739981399295584694
28954,1739981399295474700,1739981399296355510
28955,1739981399295791034,1739981399297100359
28956,1739981399296620330,1739981399297447396
28957,1739981399297318937,1739981399297793136
28958,1739981399297639065,1739981399298192026
28959,1739981399297999471,1739981399298569031
28960,1739981399298427463,1739981399298908178
28961,1739981399298814382,1739981399300191961
28962,1739981399299369960,1739981399300598026
28963,1739981399300455965,1739981399301011346
28964,1739981399300784936,1739981399301371865
28965,1739981399301232875,1739981399302112491
28966,1739981399301571649,1739981399303001782
28967,1739981399302370077,1739981399303377564
28968,1739981399303222424,1739981399303789471
28969,1739981399303571098,1739981399304623877
28970,1739981399303962564,1739981399305404823
28971,1739981399304915381,1739981399305872123
28972,1739981399305664405,1739981399306249009
28973,1739981399306081015,1739981399307169425
28974,1739981399306489528,1739981399307754567
28975,1739981399307380223,1739981399308235783
28976,1739981399308133196,1739981399308547876
28977,1739981399308394461,1739981399308946310
28978,1739981399308781942,1739981399309350576
28979,1739981399309152221,1739981399310173915
28980,1739981399309583126,1739981399310805710
28981,1739981399310476189,1739981399311334704
28982,1739981399311048805,1739981399311733762
28983,1739981399311539471,1739981399312173450
28984,1739981399311906162,1739981399312747543
28985,1739981399312397426,1739981399313459356
28986,1739981399312966508,1739981399313971708
28987,1739981399313835126,1739981399314526531
28988,1739981399314162182,1739981399315044717
28989,1739981399314746686,1739981399315789379
28990,1739981399315213483,1739981399316531580
28991,1739981399316048404,1739981399317056594
28992,1739981399316802473,1739981399317406395
28993,1739981399317265342,1739981399318141805
28994,1739981399317615478,1739981399318823931
28995,1739981399318368846,1739981399319315013
28996,1739981399319187609,1739981399319652517
28997,1739981399319563459,1739981399320060564
28998,1739981399319831194,1739981399320384804
28999,1739981399320204676,1739981399321278596
29000,1739981399320589939,1739981399321946154
29001,1739981399321471220,1739981399322479543
29002,1739981399322157698,1739981399322869010
29003,1739981399322662780,1739981399323246379
29004,1739981399323055267,1739981399323628413
29005,1739981399323442430,1739981399324773291
29006,1739981399323807045,1739981399325167937
29007,1739981399324985804,1739981399325520083
29008,1739981399325368134,1739981399325886452
29009,1739981399325717851,1739981399327057818
29010,1739981399326093468,1739981399327415605
29011,1739981399327208505,1739981399327775971
29012,1739981399327635994,1739981399328500922
29013,1739981399327963579,1739981399329283398
29014,1739981399328779766,1739981399329649090
29015,1739981399329503237,1739981399330046423
29016,1739981399329844846,1739981399330335723
29017,1739981399330227121,1739981399330965857
29018,1739981399330509851,1739981399331851453
29019,1739981399331192278,1739981399332227973
29020,1739981399332097741,1739981399332589061
29021,1739981399332443017,1739981399332942005
29022,1739981399332774738,1739981399333385333
29023,1739981399333131481,1739981399334199861
29024,1739981399333559669,1739981399334904274
29025,1739981399334452610,1739981399335312163
29026,1739981399335101307,1739981399335778240
29027,1739981399335544206,1739981399336271422
29028,1739981399336017693,1739981399336999005
29029,1739981399336497214,1739981399337728456
29030,1739981399337285138,1739981399338059229
29031,1739981399337951542,1739981399338537174
29032,1739981399338245976,1739981399338967220
29033,1739981399338745957,1739981399340210145
29034,1739981399339170846,1739981399340628769
29035,1739981399340428561,1739981399341077293
29036,1739981399340898256,1739981399342181341
29037,1739981399341303704,1739981399342778684
29038,1739981399342521180,1739981399343205999
29039,1739981399342972365,1739981399344174419
29040,1739981399343397999,1739981399344788927
29041,1739981399344606154,1739981399345098587
29042,1739981399344988712,1739981399345499828
29043,1739981399345361551,1739981399345806618
29044,1739981399345706076,1739981399346553972
29045,1739981399346006412,1739981399347249648
29046,1739981399346767354,1739981399347702852
29047,1739981399347463966,1739981399348081743
29048,1739981399347894306,1739981399348543362
29049,1739981399348295463,1739981399348948881
29050,1739981399348709284,1739981399349807203
29051,1739981399349126587,1739981399350327679
29052,1739981399350188802,1739981399350733395
29053,1739981399350577553,1739981399351166150
29054,1739981399350957886,1739981399352175627
29055,1739981399351370474,1739981399352664932
29056,1739981399352555377,1739981399353043307
29057,1739981399352850891,1739981399354270197
29058,1739981399353200215,1739981399354702480
29059,1739981399354494051,1739981399355093715
29060,1739981399354865344,1739981399355471946
29061,1739981399355313527,1739981399356296798
29062,1739981399355673093,1739981399356736344
29063,1739981399356431628,1739981399357323850
29064,1739981399357099854,1739981399357725216
29065,1739981399357606774,1739981399358049791
29066,1739981399357930263,1739981399358513784
29067,1739981399358225137,1739981399359424683
29068,1739981399358735432,1739981399359993249
29069,1739981399359784496,1739981399360432474
29070,1739981399360221228,1739981399360843111
29071,1739981399360672057,1739981399361697093
29072,1739981399361070329,1739981399362241252
29073,1739981399362024881,1739981399362735580
29074,1739981399362455159,1739981399363164087
29075,1739981399362961011,1739981399364300779
29076,1739981399363356481,1739981399364758590
29077,1739981399364531974,1739981399365160568
29078,1739981399364977102,1739981399366043557
29079,1739981399365360292,1739981399366663601
29080,1739981399366466155,1739981399367069891
29081,1739981399366887330,1739981399367402135
29082,1739981399367289541,1739981399368370072
29083,1739981399367612677,1739981399368865993
29084,1739981399368676312,1739981399369249501
29085,1739981399369089011,1739981399369567048
29086,1739981399369460727,1739981399370682797
29087,1739981399369772596,1739981399371051455
29088,1739981399370920550,1739981399371459333
29089,1739981399371175812,1739981399371887367
29090,1739981399371676038,1739981399372807226
29091,1739981399372074478,1739981399373385852
29092,1739981399373013795,1739981399373751578
29093,1739981399373583945,1739981399374136552
29094,1739981399374001773,1739981399374682786
29095,1739981399374379999,1739981399375585871
29096,1739981399374866619,1739981399376170573
29097,1739981399375813306,1739981399376591673
29098,1739981399376434826,1739981399377476524
29099,1739981399376785678,1739981399378247969
29100,1739981399377728031,1739981399378696437
29101,1739981399378466863,1739981399379119056
29102,1739981399378928937,1739981399379508046
29103,1739981399379336905,1739981399380151539
29104,1739981399379733212,1739981399381000870
29105,1739981399380336552,1739981399381343926
29106,1739981399381263342,1739981399381656517
29107,1739981399381482636,1739981399382135528
29108,1739981399381855760,1739981399382783162
29109,1739981399382323619,1739981399383602983
29110,1739981399383029889,1739981399383989964
29111,1739981399383834828,1739981399384422538
29112,1739981399384201639,1739981399384841369
29113,1739981399384634189,1739981399385444157
29114,1739981399385045115,1739981399386058077
29115,1739981399385677666,1739981399386651423
29116,1739981399386383516,1739981399387084739
29117,1739981399386897245,1739981399387474231
29118,1739981399387311590,1739981399388475288
29119,1739981399387664855,1739981399388969008
29120,1739981399388850909,1739981399389379421
29121,1739981399389105652,1739981399389732938
29122,1739981399389590284,1739981399390435387
29123,1739981399389906944,1739981399391138743
29124,1739981399390623158,1739981399391546751
29125,1739981399391396355,1739981399391872707
29126,1739981399391749254,1739981399392179524
29127,1739981399392067847,1739981399392522064
29128,1739981399392383535,1739981399393259429
29129,1739981399392715516,1739981399394026049
29130,1739981399393571933,1739981399394501269
29131,1739981399394318607,1739981399394923768
29132,1739981399394773335,1739981399395370447
29133,1739981399395158099,1739981399396233103
29134,1739981399395607478,1739981399396968789
29135,1739981399396721498,1739981399397339852
29136,1739981399397150655,1739981399397828490
29137,1739981399397556647,1739981399398177061
29138,1739981399398026737,1739981399398785090
29139,1739981399398372055,1739981399399796945
29140,1739981399399106503,1739981399400211395
29141,1739981399400069934,1739981399400630224
29142,1739981399400415821,1739981399400996724
29143,1739981399400831564,1739981399401758916
29144,1739981399401207474,1739981399402390367
29145,1739981399401971176,1739981399402832223
29146,1739981399402663312,1739981399403188076
29147,1739981399403087397,1739981399403478101
29148,1739981399403421448,1739981399403803041
29149,1739981399403647270,1739981399404976674
29150,1739981399403994124,1739981399405414669
29151,1739981399405221558,1739981399405836692
29152,1739981399405635356,1739981399406240501
29153,1739981399406044319,1739981399407255402
29154,1739981399406422134,1739981399407863127
29155,1739981399407639845,1739981399408341320
29156,1739981399408102696,1739981399408861441
29157,1739981399408578919,1739981399409791038
29158,1739981399409062398,1739981399410466597
29159,1739981399409940458,1739981399410858956
29160,1739981399410701769,1739981399411326788
29161,1739981399411063365,1739981399411798727
29162,1739981399411540323,1739981399412993356
29163,1739981399411998976,1739981399413557440
29164,1739981399413252668,1739981399414004920
29165,1739981399413783847,1739981399414454419
29166,1739981399414226699,1739981399415747522
29167,1739981399414686450,1739981399416183748
29168,1739981399415995107,1739981399416590425
29169,1739981399416398558,1739981399417460725
29170,1739981399416791555,1739981399418152292
29171,1739981399417714408,1739981399418498874
29172,1739981399418360671,1739981399419008697
29173,1739981399418721176,1739981399419386073
29174,1739981399419223222,1739981399419676872
29175,1739981399419623274,1739981399420302216
29176,1739981399419846141,1739981399421214337
29177,1739981399420463223,1739981399421614747
29178,1739981399421457053,1739981399422064848
29179,1739981399421843667,1739981399422418394
29180,1739981399422245455,1739981399423364894
29181,1739981399422626021,1739981399424106924
29182,1739981399423573280,1739981399424490980
29183,1739981399424360448,1739981399424821046
29184,1739981399424708306,1739981399425228797
29185,1739981399425001585,1739981399426169337
29186,1739981399425427162,1739981399426681058
29187,1739981399426525392,1739981399427073470
29188,1739981399426899440,1739981399428053969
29189,1739981399427326402,1739981399428739460
29190,1739981399428243495,1739981399429112030
29191,1739981399429003979,1739981399429465376
29192,1739981399429353897,1739981399429804965
29193,1739981399429652989,1739981399430389837
29194,1739981399429984533,1739981399431194958
29195,1739981399430672766,1739981399431576646
29196,1739981399431436227,1739981399431883207
29197,1739981399431769873,1739981399432304618
29198,1739981399432066290,1739981399432608154
29199,1739981399432502214,1739981399433561738
29200,1739981399432796701,1739981399434086923
29201,1739981399433928870,1739981399434515491
29202,1739981399434279248,1739981399434904617
29203,1739981399434721475,1739981399435256641
29204,1739981399435067899,1739981399436077766
29205,1739981399435478841,1739981399436697078
29206,1739981399436239249,1739981399437140762
29207,1739981399436917705,1739981399438108324
29208,1739981399437340570,1739981399438615232
29209,1739981399438459858,1739981399439059620
29210,1739981399438854497,1739981399440047239
29211,1739981399439259107,1739981399440570413
29212,1739981399440362463,1739981399440992566
29213,1739981399440799198,1739981399441609846
29214,1739981399441232496,1739981399442246426
29215,1739981399441932819,1739981399442643305
29216,1739981399442510874,1739981399443096320
29217,1739981399442895061,1739981399443400016
29218,1739981399443298969,1739981399443744989
29219,1739981399443613319,1739981399444769075
29220,1739981399443929271,1739981399445270389
29221,1739981399445079185,1739981399445754861
29222,1739981399445523067,1739981399446138281
29223,1739981399445967912,1739981399446895638
29224,1739981399446349761,1739981399447679575
29225,1739981399447199884,1739981399448222965
29226,1739981399447883656,1739981399448783065
29227,1739981399448544992,1739981399449682620
29228,1739981399449012683,1739981399450277291
29229,1739981399449842953,1739981399450696026
29230,1739981399450541806,1739981399451043099
29231,1739981399450890919,1739981399452159297
29232,1739981399451210638,1739981399452581309
29233,1739981399452379659,1739981399452989065
29234,1739981399452783804,1739981399453408079
29235,1739981399453217412,1739981399453743413
29236,1739981399453642993,1739981399454640899
29237,1739981399453947922,1739981399455329591
29238,1739981399454877635,1739981399455665428
29239,1739981399455546063,1739981399455964988
29240,1739981399455839987,1739981399456433087
29241,1739981399456182138,1739981399457142083
29242,1739981399456640154,1739981399457956910
29243,1739981399457374919,1739981399458380987
29244,1739981399458197125,1739981399458756753
29245,1739981399458574662,1739981399459143340
29246,1739981399459002759,1739981399460046889
29247,1739981399459335147,1739981399460596247
29248,1739981399460355002,1739981399460972917
29249,1739981399460800129,1739981399461376528
29250,1739981399461172533,1739981399462565054
29251,1739981399461572252,1739981399462997574
29252,1739981399462774953,1739981399463419528
29253,1739981399463246814,1739981399463840699
29254,1739981399463644995,1739981399464764229
29255,1739981399464202331,1739981399465253851
29256,1739981399465065474,1739981399465749241
29257,1739981399465471393,1739981399466090981
29258,1739981399465949696,1739981399466848610
29259,1739981399466312218,1739981399467663643
29260,1739981399467112848,1739981399468053152
29261,1739981399467899283,1739981399468419037
29262,1739981399468229540,1739981399468809632
29263,1739981399468625974,1739981399469680080
29264,1739981399468996008,1739981399470216182
29265,1739981399469897454,1739981399470812306
29266,1739981399470576457,1739981399471155385
29267,1739981399471018993,1739981399471575832
29268,1739981399471352783,1739981399472133322
29269,1739981399471776959,1739981399472776547
29270,1739981399472313483,1739981399473388929
29271,1739981399473147848,1739981399473794247
29272,1739981399473659260,1739981399474298655
29273,1739981399474043633,1739981399474680163
29274,1739981399474499617,1739981399475374680
29275,1739981399474860749,1739981399476007637
29276,1739981399475601616,1739981399476437447
29277,1739981399476246598,1739981399476757628
29278,1739981399476651815,1739981399477055491
29279,1739981399476961570,1739981399477354974
29280,1739981399477260362,1739981399478473995
29281,1739981399477747448,1739981399478869018
29282,1739981399478699421,1739981399479329568
29283,1739981399479104107,1739981399479688997
29284,1739981399479573635,1739981399480850942
29285,1739981399479915593,1739981399481228351
29286,1739981399481101397,1739981399481609844
29287,1739981399481463282,1739981399481960392
29288,1739981399481850939,1739981399482400122
29289,1739981399482156908,1739981399483487057
29290,1739981399482700284,1739981399483880997
29291,1739981399483764483,1739981399484431435
29292,1739981399484107046,1739981399484904797
29293,1739981399484650571,1739981399485784837
29294,1739981399485090208,1739981399486255216
29295,1739981399486125100,1739981399486710798
29296,1739981399486506811,1739981399487047411
29297,1739981399486934976,1739981399487676599
29298,1739981399487208819,1739981399488438538
29299,1739981399487858719,1739981399488784082
29300,1739981399488710853,1739981399489092225
29301,1739981399488993526,1739981399489421791
29302,1739981399489328516,1739981399490519004
29303,1739981399489631634,1739981399490896516
29304,1739981399490773154,1739981399491302940
29305,1739981399491123411,1739981399491657705
29306,1739981399491518298,1739981399492642270
29307,1739981399491865504,1739981399493300967
29308,1739981399492820854,1739981399493673922
29309,1739981399493516229,1739981399494039869
29310,1739981399493875771,1739981399494565641
29311,1739981399494218745,1739981399495005264
29312,1739981399494789275,1739981399496132114
29313,1739981399495208798,1739981399496525316
29314,1739981399496287708,1739981399496942126
29315,1739981399496723182,1739981399497641860
29316,1739981399497121150,1739981399498536665
29317,1739981399497937011,1739981399498991233
29318,1739981399498761920,1739981399499378907
29319,1739981399499261977,1739981399499673919
29320,1739981399499574428,1739981399500453470
29321,1739981399500142653,1739981399500995126
29322,1739981399500819873,1739981399501386862
29323,1739981399501206053,1739981399501683957
29324,1739981399501570011,1739981399502038607
29325,1739981399501888755,1739981399503136800
29326,1739981399502416445,1739981399503577773
29327,1739981399503378718,1739981399503996735
29328,1739981399503769951,1739981399504406770
29329,1739981399504221791,1739981399504779830
29330,1739981399504604607,1739981399505686294
29331,1739981399504983549,1739981399506229683
29332,1739981399506000603,1739981399506593622
29333,1739981399506419127,1739981399507011799
29334,1739981399506813535,1739981399507958929
29335,1739981399507225105,1739981399508419332
29336,1739981399508201018,1739981399508787297
29337,1739981399508652383,1739981399509135166
29338,1739981399508979034,1739981399509950433
29339,1739981399509326313,1739981399510486879
29340,1739981399510178374,1739981399510907696
29341,1739981399510683289,1739981399511224319
29342,1739981399511089479,1739981399511516944
29343,1739981399511406271,1739981399512400509
29344,1739981399511697482,1739981399513062170
29345,1739981399512776057,1739981399513458220
29346,1739981399513267739,1739981399513844171
29347,1739981399513650520,1739981399514877190
29348,1739981399514062903,1739981399515518815
29349,1739981399515147012,1739981399515902892
29350,1739981399515774275,1739981399516242133
29351,1739981399516137542,1739981399516692773
29352,1739981399516466082,1739981399517486896
29353,1739981399516924316,1739981399518192455
29354,1739981399517693876,1739981399518678745
29355,1739981399518441129,1739981399519048358
29356,1739981399518916674,1739981399519773849
29357,1739981399519243006,1739981399520586212
29358,1739981399520051880,1739981399520925951
29359,1739981399520816730,1739981399521251948
29360,1739981399521172233,1739981399521671836
29361,1739981399521467116,1739981399522028109
29362,1739981399521870710,1739981399522725750
29363,1739981399522241403,1739981399523307925
29364,1739981399522983182,1739981399523849381
29365,1739981399523547889,1739981399524414697
29366,1739981399524078418,1739981399524814222
29367,1739981399524643970,1739981399525184162
29368,1739981399525008439,1739981399525678264
29369,1739981399525378934,1739981399526469275
29370,1739981399525914388,1739981399527027985
29371,1739981399526849593,1739981399527513298
29372,1739981399527260681,1739981399527930782
29373,1739981399527732178,1739981399528789560
29374,1739981399528372265,1739981399529437815
29375,1739981399529142652,1739981399529895219
29376,1739981399529697060,1739981399530598051
29377,1739981399530145410,1739981399531597653
29378,1739981399530927876,1739981399532087852
29379,1739981399531866725,1739981399532506433
29380,1739981399532301038,1739981399532929994
29381,1739981399532696626,1739981399533766198
29382,1739981399533146736,1739981399534378493
29383,1739981399534083768,1739981399534816219
29384,1739981399534636478,1739981399535143699
29385,1739981399535048866,1739981399535493133
29386,1739981399535368894,1739981399536208937
29387,1739981399535699466,1739981399537095546
29388,1739981399536427413,1739981399537488422
29389,1739981399537317044,1739981399537989151
29390,1739981399537701935,1739981399538410094
29391,1739981399538203296,1739981399539169549
29392,1739981399538615814,1739981399539694150
29393,1739981399539420511,1739981399540174251
29394,1739981399539972855,1739981399540629305
29395,1739981399540376914,1739981399541107023
29396,1739981399540831337,1739981399542246405
29397,1739981399541276253,1739981399542675723
29398,1739981399542466436,1739981399543038956
29399,1739981399542855856,1739981399543986522
29400,1739981399543210369,1739981399544641677
29401,1739981399544286920,1739981399545053025
29402,1739981399544839275,1739981399545541529
29403,1739981399545255904,1739981399546108590
29404,1739981399545712397,1739981399546802821
29405,1739981399546323970,1739981399547221990
29406,1739981399547005867,1739981399547595783
29407,1739981399547411744,1739981399547951167
29408,1739981399547798937,1739981399548337861
29409,1739981399548165853,1739981399549187495
29410,1739981399548560403,1739981399549945497
29411,1739981399549358626,1739981399550382664
29412,1739981399550193193,1739981399550773605
29413,1739981399550580458,1739981399551093901
29414,1739981399550963237,1739981399551785754
29415,1739981399551274565,1739981399552532060
29416,1739981399551981494,1739981399552920252
29417,1739981399552753036,1739981399553298132
29418,1739981399553145902,1739981399553699658
29419,1739981399553491526,1739981399554698202
29420,1739981399553897951,1739981399555165811
29421,1739981399554881520,1739981399555662653
29422,1739981399555468827,1739981399555986172
29423,1739981399555870976,1739981399556348604
29424,1739981399556183458,1739981399557004868
29425,1739981399556584615,1739981399557786025
29426,1739981399557257949,1739981399558149878
29427,1739981399558032535,1739981399558527470
29428,1739981399558389280,1739981399558921622
29429,1739981399558751381,1739981399559321385
29430,1739981399559187625,1739981399560465893
29431,1739981399559543230,1739981399560935148
29432,1739981399560738906,1739981399561457294
29433,1739981399561390016,1739981399561777841
29434,1739981399561638464,1739981399562600368
29435,1739981399561979559,1739981399563218427
29436,1739981399562764234,1739981399563735049
29437,1739981399563465610,1739981399564173931
29438,1739981399563948272,1739981399564581362
29439,1739981399564402449,1739981399565558947
29440,1739981399564793389,1739981399566286637
29441,1739981399565875877,1739981399566739343
29442,1739981399566486205,1739981399567139476
29443,1739981399566911999,1739981399567988672
29444,1739981399567501975,1739981399568484098
29445,1739981399568322293,1739981399568829946
29446,1739981399568742977,1739981399569246344
29447,1739981399569050983,1739981399569556228
29448,1739981399569453499,1739981399570373762
29449,1739981399569785967,1739981399570924380
29450,1739981399570719363,1739981399571375526
29451,1739981399571164477,1739981399571800045
29452,1739981399571561784,1739981399572927771
29453,1739981399572039122,1739981399573309471
29454,1739981399573183314,1739981399573683596
29455,1739981399573508760,1739981399574062500
29456,1739981399573884088,1739981399574517138
29457,1739981399574219839,1739981399575388679
29458,1739981399574715099,1739981399575942763
29459,1739981399575578302,1739981399576516900
29460,1739981399576305076,1739981399576871576
29461,1739981399576746903,1739981399577202169
29462,1739981399577074268,1739981399578087971
29463,1739981399577384041,1739981399578617373
29464,1739981399578435487,1739981399578961176
29465,1739981399578868215,1739981399579413058
29466,1739981399579197062,1739981399579781412
29467,1739981399579641820,1739981399580616938
29468,1739981399579978319,1739981399581297070
29469,1739981399580825218,1739981399581677491
29470,1739981399581554347,1739981399582109919
29471,1739981399581831740,1739981399582944269
29472,1739981399582316464,1739981399583710047
29473,1739981399583167037,1739981399584162120
29474,1739981399583948563,1739981399584551699
29475,1739981399584369586,1739981399584941730
29476,1739981399584733805,1739981399585407251
29477,1739981399585149789,1739981399586382575
29478,1739981399585593958,1739981399586878174
29479,1739981399586599986,1739981399587272913
29480,1739981399587090899,1739981399588469032
29481,1739981399587480270,1739981399588872571
29482,1739981399588705066,1739981399589249185
29483,1739981399589088244,1739981399590088931
29484,1739981399589447979,1739981399590711689
29485,1739981399590260018,1739981399591076212
29486,1739981399590921374,1739981399591507800
29487,1739981399591274467,1739981399591854907
29488,1739981399591721350,1739981399592201221
29489,1739981399592057233,1739981399593121500
29490,1739981399592374619,1739981399593635890
29491,1739981399593476486,1739981399594096061
29492,1739981399593834100,1739981399594571791
29493,1739981399594291007,1739981399594976115
29494,1739981399594755016,1739981399595853228
29495,1739981399595168046,1739981399596543513
29496,1739981399596038843,1739981399596922713
29497,1739981399596668776,1739981399597350761
29498,1739981399597105948,1739981399597870279
29499,1739981399597557343,1739981399598775970
29500,1739981399598074686,1739981399599277676
29501,1739981399599099098,1739981399599806121
29502,1739981399599516870,1739981399600669780
29503,1739981399600167218,1739981399601230373
29504,1739981399600981462,1739981399601639682
29505,1739981399601480414,1739981399601979292
29506,1739981399601840984,1739981399602587296
29507,1739981399602209981,1739981399603527744
29508,1739981399602795921,1739981399603932510
29509,1739981399603786388,1739981399604387087
29510,1739981399604134558,1739981399604886296
29511,1739981399604589664,1739981399605271223
29512,1739981399605154948,1739981399606044948
29513,1739981399605486218,1739981399606592802
29514,1739981399606286885,1739981399607111117
29515,1739981399606922375,1739981399607476466
29516,1739981399607310435,1739981399607850497
29517,1739981399607706877,1739981399608551985
29518,1739981399608054945,1739981399609428688
29519,1739981399608875895,1739981399609785244
29520,1739981399609638492,1739981399610157200
29521,1739981399609971553,1739981399610934503
29522,1739981399610338046,1739981399611791619
29523,1739981399611218497,1739981399612175218
29524,1739981399612024593,1739981399612581931
29525,1739981399612410484,1739981399612917030
29526,1739981399612806546,1739981399613739362
29527,1739981399613130799,1739981399614639851
29528,1739981399613904160,1739981399614991444
29529,1739981399614822325,1739981399615318291
29530,1739981399615216221,1739981399615674791
29531,1739981399615502903,1739981399616522284
29532,1739981399615875389,1739981399617131953
29533,1739981399616828589,1739981399617655965
29534,1739981399617452466,1739981399618049871
29535,1739981399617873046,1739981399618411246
29536,1739981399618205146,1739981399619171562
29537,1739981399618608391,1739981399619803966
29538,1739981399619494652,1739981399620234356
29539,1739981399620053368,1739981399620612633
29540,1739981399620485256,1739981399621791047
29541,1739981399620799991,1739981399622218700
29542,1739981399622024546,1739981399622615586
29543,1739981399622406446,1739981399623014094
29544,1739981399622812328,1739981399623834982
29545,1739981399623229353,1739981399624570270
29546,1739981399624051638,1739981399625046152
29547,1739981399624771696,1739981399625377518
29548,1739981399625235892,1739981399625698468
29549,1739981399625587478,1739981399626248166
29550,1739981399625890890,1739981399627111556
29551,1739981399626632618,1739981399627564139
29552,1739981399627340893,1739981399627947319
29553,1739981399627753576,1739981399628309359
29554,1739981399628129936,1739981399629240640
29555,1739981399628508788,1739981399629707843
29556,1739981399629586706,1739981399630148364
29557,1739981399629929725,1739981399630596053
29558,1739981399630331793,1739981399631434374
29559,1739981399630780228,1739981399632287831
29560,1739981399632108210,1739981399632651553
29561,1739981399632530308,1739981399633157651
29562,1739981399632871764,1739981399633540112
29563,1739981399633391260,1739981399634620324
29564,1739981399633730322,1739981399635088041
29565,1739981399634890988,1739981399635433903
29566,1739981399635328345,1739981399635789092
29567,1739981399635645928,1739981399636781931
29568,1739981399636007415,1739981399637257111
29569,1739981399637066518,1739981399637639241
29570,1739981399637449909,1739981399638000788
29571,1739981399637830071,1739981399638472242
29572,1739981399638183253,1739981399639297743
29573,1739981399638674091,1739981399640171888
29574,1739981399639917469,1739981399640555713
29575,1739981399640414554,1739981399640916451
29576,1739981399640784118,1739981399641264237
29577,1739981399641147320,1739981399642291298
29578,1739981399641610361,1739981399642716812
29579,1739981399642561338,1739981399643134693
29580,1739981399642920929,1739981399643478997
29581,1739981399643336665,1739981399644455924
29582,1739981399643677910,1739981399645145706
29583,1739981399644710246,1739981399645530198
29584,1739981399645390675,1739981399645924450
29585,1739981399645757437,1739981399646282422
29586,1739981399646123511,1739981399646614025
29587,1739981399646464506,1739981399647405148
29588,1739981399646819228,1739981399647815865
29589,1739981399647605056,1739981399648324857
29590,1739981399648188035,1739981399648816606
29591,1739981399648540150,1739981399649153583
29592,1739981399649040691,1739981399649573998
29593,1739981399649366172,1739981399650419647
29594,1739981399649906593,1739981399650964807
29595,1739981399650771937,1739981399651341650
29596,1739981399651173945,1739981399651681827
29597,1739981399651520634,1739981399652678360
29598,1739981399651869793,1739981399653305482
29599,1739981399653008515,1739981399653701310
29600,1739981399653548527,1739981399654690162
29601,1739981399653903644,1739981399655529542
29602,1739981399654920310,1739981399655912285
29603,1739981399655763982,1739981399656283735
29604,1739981399656154019,1739981399656703602
29605,1739981399656498775,1739981399657385174
29606,1739981399656934892,1739981399658037675
29607,1739981399657616448,1739981399658407421
29608,1739981399658235064,1739981399658776067
29609,1739981399658609168,1739981399659074354
29610,1739981399658973788,1739981399659392715
29611,1739981399659200404,1739981399660676930
29612,1739981399659626226,1739981399661078805
29613,1739981399660928643,1739981399661548012
29614,1739981399661275140,1739981399661956541
29615,1739981399661764053,1739981399662851613
29616,1739981399662165744,1739981399663484447
29617,1739981399663212241,1739981399663983556
29618,1739981399663703449,1739981399664423600
29619,1739981399664195743,1739981399665270966
29620,1739981399664621090,1739981399665973006
29621,1739981399665476526,1739981399666496099
29622,1739981399666165069,1739981399666895551
29623,1739981399666733018,1739981399667292590
29624,1739981399667131378,1739981399668559102
29625,1739981399667506083,1739981399668962457
29626,1739981399668809215,1739981399669400179
29627,1739981399669149497,1739981399669772706
29628,1739981399669602675,1739981399670575387
29629,1739981399669949874,1739981399671202548
29630,1739981399670824612,1739981399671640137
29631,1739981399671403939,1739981399671939253
29632,1739981399671834098,1739981399672256280
29633,1739981399672156231,1739981399672731094
29634,1739981399672482866,1739981399673586071
29635,1739981399672969930,1739981399674205325
29636,1739981399673831904,1739981399674711902
29637,1739981399674557966,1739981399675083643
29638,1739981399674910926,1739981399675538077
29639,1739981399675198419,1739981399675910160
29640,1739981399675758620,1739981399676759662
29641,1739981399676126651,1739981399677528797
29642,1739981399676918542,1739981399677979474
29643,1739981399677769344,1739981399678363860
29644,1739981399678199263,1739981399678724986
29645,1739981399678554704,1739981399679783186
29646,1739981399678902856,1739981399680352402
29647,1739981399680153358,1739981399680769828
29648,1739981399680602724,1739981399681199837
29649,1739981399680985447,1739981399681992979
29650,1739981399681418667,1739981399682564095
29651,1739981399682207297,1739981399683004903
29652,1739981399682782328,1739981399683329911
29653,1739981399683249656,1739981399683636228
29654,1739981399683545978,1739981399684720462
29655,1739981399683860990,1739981399685227992
29656,1739981399684989628,1739981399685682431
29657,1739981399685445361,1739981399686059447
29658,1739981399685919387,1739981399687023881
29659,1739981399686215891,1739981399687556551
29660,1739981399687378455,1739981399687951118
29661,1739981399687746003,1739981399688438548
29662,1739981399688164029,1739981399689559314
29663,1739981399688633983,1739981399689992160
29664,1739981399689793801,1739981399690367615
29665,1739981399690224124,1739981399690731166
29666,1739981399690582373,1739981399691735710
29667,1739981399690921568,1739981399692266262
29668,1739981399692030767,1739981399692674678
29669,1739981399692488842,1739981399693080451
29670,1739981399692910097,1739981399693938051
29671,1739981399693278238,1739981399694454850
29672,1739981399694293832,1739981399694889696
29673,1739981399694687762,1739981399695224411
29674,1739981399695149898,1739981399695521956
29675,1739981399695368760,1739981399696365365
29676,1739981399695730893,1739981399696888317
29677,1739981399696641011,1739981399697281989
29678,1739981399697110874,1739981399697667483
29679,1739981399697475637,1739981399698371596
29680,1739981399697870742,1739981399699182715
29681,1739981399698640102,1739981399699570789
29682,1739981399699388587,1739981399699938468
29683,1739981399699797299,1739981399700351874
29684,1739981399700124080,1739981399701206575
29685,1739981399700555389,1739981399701934395
29686,1739981399701461237,1739981399702383913
29687,1739981399702135835,1739981399702787967
29688,1739981399702587778,1739981399703183257
29689,1739981399703057615,1739981399704140321
29690,1739981399703395441,1739981399704672974
29691,1739981399704349893,1739981399705106793
29692,1739981399705017671,1739981399705473151
29693,1739981399705284888,1739981399705811771
29694,1739981399705670748,1739981399706131741
29695,1739981399705997341,1739981399707151256
29696,1739981399706334345,1739981399707835795
29697,1739981399707308460,1739981399708251375
29698,1739981399707993160,1739981399708637773
29699,1739981399708435623,1739981399708955773
29700,1739981399708823616,1739981399709266588
29701,1739981399709131869,1739981399710165897
29702,1739981399709446949,1739981399710956430
29703,1739981399710344722,1739981399711400338
29704,1739981399711146040,1739981399711877825
29705,1739981399711587953,1739981399712283590
29706,1739981399712092602,1739981399713071204
29707,1739981399712473906,1739981399714006530
29708,1739981399713272291,1739981399714458914
29709,1739981399714197569,1739981399714919257
29710,1739981399714641491,1739981399715307217
29711,1739981399715123384,1739981399716133925
29712,1739981399715486075,1739981399716630092
29713,1739981399716290117,1739981399717096551
29714,1739981399716867910,1739981399717458008
29715,1739981399717320778,1739981399717810396
29716,1739981399717655781,1739981399718674841
29717,1739981399718009864,1739981399719156566
29718,1739981399718995947,1739981399719651455
29719,1739981399719353452,1739981399720089097
29720,1739981399719862951,1739981399720899800
29721,1739981399720543136,1739981399721418060
29722,1739981399721244770,1739981399721806654
29723,1739981399721630549,1739981399722287460
29724,1739981399722026469,1739981399723061140
29725,1739981399722519823,1739981399723963780
29726,1739981399723259633,1739981399724403956
29727,1739981399724230505,1739981399724818016
29728,1739981399724630355,1739981399725240116
29729,1739981399725015980,1739981399726105765
29730,1739981399725442459,1739981399726752486
29731,1739981399726285503,1739981399727195503
29732,1739981399726961206,1739981399727537123
29733,1739981399727383133,1739981399728303258
29734,1739981399727749359,1739981399729078316
29735,1739981399728538175,1739981399729417406
29736,1739981399729329186,1739981399729804821
29737,1739981399729634724,1739981399730282039
29738,1739981399730030380,1739981399730643020
29739,1739981399730501370,1739981399731543982
29740,1739981399730832051,1739981399732049958
29741,1739981399731904415,1739981399732427595
29742,1739981399732211454,1739981399732727262
29743,1739981399732614271,1739981399733611475
29744,1739981399732909449,1739981399734223309
29745,1739981399733931414,1739981399734564305
29746,1739981399734423348,1739981399734968009
29747,1739981399734754321,1739981399735953590
29748,1739981399735149725,1739981399736462759
29749,1739981399736217332,1739981399736885888
29750,1739981399736656600,1739981399737237321
29751,1739981399737087020,1739981399737972491
29752,1739981399737447637,1739981399738626283
29753,1739981399738242521,1739981399739033441
29754,1739981399738909560,1739981399739372592
29755,1739981399739213380,1739981399739686246
29756,1739981399739597797,1739981399740304983
29757,1739981399739865572,1739981399741285122
29758,1739981399740566440,1739981399741736455
29759,1739981399741488668,1739981399742136012
29760,1739981399741947878,1739981399742502728
29761,1739981399742344036,1739981399743328225
29762,1739981399742686173,1739981399743870237
29763,1739981399743599456,1739981399744774643
29764,1739981399744433530,1739981399745247298
29765,1739981399744997377,1739981399745757181
29766,1739981399745454134,1739981399746513210
29767,1739981399745944037,1739981399747051939
29768,1739981399746771852,1739981399747710334
29769,1739981399747432760,1739981399748130229
29770,1739981399747909790,1739981399748492397
29771,1739981399748340372,1739981399749630960
29772,1739981399748702282,1739981399749967997
29773,1739981399749855724,1739981399750295909
29774,1739981399750229635,1739981399750677012
29775,1739981399750411077,1739981399751032904
29776,1739981399750890393,1739981399751948973
29777,1739981399751204624,1739981399752613976
29778,1739981399752147805,1739981399753068714
29779,1739981399752826894,1739981399753388631
29780,1739981399753205916,1739981399754369359
29781,1739981399753611522,1739981399754933155
29782,1739981399754555973,1739981399755455267
29783,1739981399755199610,1739981399755972027
29784,1739981399755689287,1739981399756462291
29785,1739981399756206849,1739981399757437913
29786,1739981399756696864,1739981399757924034
29787,1739981399757754261,1739981399758305737
29788,1739981399758162905,1739981399759126907
29789,1739981399758505416,1739981399759875120
29790,1739981399759374974,1739981399760313498
29791,1739981399760122457,1739981399760887657
29792,1739981399760519093,1739981399761750631
29793,1739981399761074978,1739981399762331780
29794,1739981399762138132,1739981399762768137
29795,1739981399762545540,1739981399763520266
29796,1739981399762970711,1739981399763966757
29797,1739981399763694955,1739981399764605146
29798,1739981399764302204,1739981399764977140
29799,1739981399764853991,1739981399765334107
29800,1739981399765207255,1739981399765875954
29801,1739981399765560609,1739981399766747644
29802,1739981399766078030,1739981399767340411
29803,1739981399767151043,1739981399767722888
29804,1739981399767555594,1739981399768084113
29805,1739981399767914103,1739981399768962942
29806,1739981399768308338,1739981399769796091
29807,1739981399769187196,1739981399770357099
29808,1739981399769994923,1739981399770756088
29809,1739981399770565014,1739981399771497236
29810,1739981399770943150,1739981399772225249
29811,1739981399771791965,1739981399772761610
29812,1739981399772456840,1739981399773185202
29813,1739981399772943542,1739981399773595691
29814,1739981399773376431,1739981399774643712
29815,1739981399773766775,1739981399775286332
29816,1739981399774828761,1739981399775621044
29817,1739981399775469038,1739981399776049887
29818,1739981399775817211,1739981399776789661
29819,1739981399776202573,1739981399777422826
29820,1739981399777018759,1739981399777836462
29821,1739981399777663290,1739981399778192278
29822,1739981399778093828,1739981399778488140
29823,1739981399778476325,1739981399779743184
29824,1739981399778704359,1739981399780149353
29825,1739981399779983088,1739981399780634391
29826,1739981399780399145,1739981399781033000
29827,1739981399780852734,1739981399781821643
29828,1739981399781237524,1739981399782655347
29829,1739981399782052837,1739981399782986644
29830,1739981399782897408,1739981399783366704
29831,1739981399783201586,1739981399783739840
29832,1739981399783537451,1739981399784220090
29833,1739981399783922050,1739981399784626072
29834,1739981399784415202,1739981399785767707
29835,1739981399784802209,1739981399786263534
29836,1739981399786037651,1739981399786655294
29837,1739981399786484746,1739981399787304322
29838,1739981399786826049,1739981399788100986
29839,1739981399787677991,1739981399788463166
29840,1739981399788353910,1739981399788775353
29841,1739981399788696766,1739981399789217411
29842,1739981399788962346,1739981399789568737
29843,1739981399789419141,1739981399790215468
29844,1739981399790029147,1739981399791025496
29845,1739981399790400934,1739981399791397032
29846,1739981399791226150,1739981399791865708
29847,1739981399791618145,1739981399792246997
29848,1739981399792090624,1739981399793079472
29849,1739981399792494672,1739981399793564937
29850,1739981399793336530,1739981399794072222
29851,1739981399793884823,1739981399794469106
29852,1739981399794207329,1739981399794880804
29853,1739981399794691162,1739981399795255095
29854,1739981399795069151,1739981399796109639
29855,1739981399795459866,1739981399796911432
29856,1739981399796288271,1739981399797313028
29857,1739981399797108894,1739981399797681705
29858,1739981399797511671,1739981399798068432
29859,1739981399797877208,1739981399798731890
29860,1739981399798201818,1739981399799416227
29861,1739981399798985334,1739981399799876367
29862,1739981399799627249,1739981399800223457
29863,1739981399800108172,1739981399800584222
29864,1739981399800509433,1739981399800925366
29865,1739981399800707739,1739981399802154244
29866,1739981399801112086,1739981399802577637
29867,1739981399802398937,1739981399803076239
29868,1739981399802801500,1739981399803493594
29869,1739981399803307744,1739981399804094175
29870,1739981399803682670,1739981399804955157
29871,1739981399804414907,1739981399805376776
29872,1739981399805177800,1739981399805881393
29873,1739981399805549610,1739981399806223907
29874,1739981399806115335,1739981399806866457
29875,1739981399806432813,1739981399807785984
29876,1739981399807111155,1739981399808153465
29877,1739981399808019263,1739981399808527487
29878,1739981399808368323,1739981399808862051
29879,1739981399808723063,1739981399809897736
29880,1739981399809082973,1739981399810222799
29881,1739981399810162420,1739981399810663606
29882,1739981399810389562,1739981399811029028
29883,1739981399810890841,1739981399811371472
29884,1739981399811226259,1739981399812554552
29885,1739981399811566293,1739981399813033674
29886,1739981399812709417,1739981399813421565
29887,1739981399813233922,1739981399813851662
29888,1739981399813608203,1739981399814895668
29889,1739981399814049873,1739981399815333835
29890,1739981399815131900,1739981399815679265
29891,1739981399815560995,1739981399816067673
29892,1739981399815798729,1739981399816913106
29893,1739981399816224233,1739981399817440309
29894,1739981399817272270,1739981399817858254
29895,1739981399817668672,1739981399818344478
29896,1739981399818087503,1739981399819494601
29897,1739981399818743473,1739981399819929459
29898,1739981399819769406,1739981399820341286
29899,1739981399820150641,1739981399820689977
29900,1739981399820538040,1739981399821499158
29901,1739981399820917103,1739981399822120342
29902,1739981399821810751,1739981399822490405
29903,1739981399822317266,1739981399822878297
29904,1739981399822692851,1739981399823718658
29905,1739981399823079563,1739981399824196642
29906,1739981399823972982,1739981399824839900
29907,1739981399824567773,1739981399825239413
29908,1739981399825059232,1739981399825611173
29909,1739981399825409093,1739981399826296762
29910,1739981399825797859,1739981399827101761
29911,1739981399826554007,1739981399827515119
29912,1739981399827359364,1739981399827965545
29913,1739981399827716676,1739981399828437366
29914,1739981399828150464,1739981399829350698
29915,1739981399828635208,1739981399830102540
29916,1739981399829597960,1739981399830516466
29917,1739981399830310330,1739981399830918492
29918,1739981399830718103,1739981399831446646
29919,1739981399831147734,1739981399832460267
29920,1739981399831646660,1739981399833008883
29921,1739981399832789086,1739981399833456593
29922,1739981399833201608,1739981399834068571
29923,1739981399833678955,1739981399834883129
29924,1739981399834391703,1739981399835320740
29925,1739981399835089298,1739981399835661180
29926,1739981399835503315,1739981399836009277
29927,1739981399835837911,1739981399836363639
29928,1739981399836193545,1739981399837540415
29929,1739981399836535500,1739981399837932847
29930,1739981399837806949,1739981399838323763
29931,1739981399838188359,1739981399838666123
29932,1739981399838546531,1739981399839494006
29933,1739981399838862111,1739981399840018062
29934,1739981399839879715,1739981399840362296
29935,1739981399840277311,1739981399840800019
29936,1739981399840558221,1739981399841488590
29937,1739981399841023088,1739981399842205876
29938,1739981399841872033,1739981399842643358
29939,1739981399842421568,1739981399843064890
29940,1739981399842860805,1739981399843421982
29941,1739981399843246197,1739981399844426182
29942,1739981399843602402,1739981399844939696
29943,1739981399844582788,1739981399845313778
29944,1739981399845194107,1739981399845747381
29945,1739981399845532346,1739981399846085685
29946,1739981399845980152,1739981399846390795
29947,1739981399846308003,1739981399847169360
29948,1739981399846611791,1739981399847959379
29949,1739981399847423579,1739981399848341058
29950,1739981399848145047,1739981399848834169
29951,1739981399848552458,1739981399849305044
29952,1739981399849020673,1739981399849934427
29953,1739981399849526300,1739981399850803951
29954,1739981399850119081,1739981399851243110
29955,1739981399851062214,1739981399851703352
29956,1739981399851426263,1739981399852150962
29957,1739981399851907745,1739981399852880623
29958,1739981399852347873,1739981399853703932
29959,1739981399853141770,1739981399854291800
29960,1739981399853916174,1739981399854678139
29961,1739981399854516263,1739981399855058944
29962,1739981399854874799,1739981399855759306
29963,1739981399855215388,1739981399856464075
29964,1739981399855987828,1739981399856799661
29965,1739981399856664556,1739981399857226730
29966,1739981399857009053,1739981399857543072
29967,1739981399857430053,1739981399858198963
29968,1739981399857790039,1739981399859134249
29969,1739981399858459872,1739981399859496507
29970,1739981399859382981,1739981399859908149
29971,1739981399859732290,1739981399860241690
29972,1739981399860091729,1739981399860983089
29973,1739981399860443930,1739981399861765594
29974,1739981399861235432,1739981399862189086
29975,1739981399862018422,1739981399862572956
29976,1739981399862433139,1739981399862954880
29977,1739981399862801608,1739981399863674236
29978,1739981399863230960,1739981399864420740
29979,1739981399863981477,1739981399864925443
29980,1739981399864760554,1739981399865383924
29981,1739981399865160939,1739981399865773313
29982,1739981399865622643,1739981399866515308
29983,1739981399866087909,1739981399867268201
29984,1739981399866783094,1739981399867607465
29985,1739981399867553684,1739981399867945212
29986,1739981399867781943,1739981399868327199
29987,1739981399868159066,1739981399868634815
29988,1739981399868529285,1739981399868935134
29989,1739981399868839100,1739981399870007823
29990,1739981399869122291,1739981399870398439
29991,1739981399870243366,1739981399870882579
29992,1739981399870607053,1739981399871292127
29993,1739981399871125454,1739981399872057962
29994,1739981399871500341,1739981399872833710
29995,1739981399872284014,1739981399873234071
29996,1739981399873050533,1739981399873644198
29997,1739981399873430919,1739981399874008341
29998,1739981399873862354,1739981399874469754
29999,1739981399874194439,1739981399874872286
30000,1739981399874669378,1739981399875641078
30001,1739981399875178339,1739981399876281084
30002,1739981399875836096,1739981399876743841
30003,1739981399876734204,1739981399877196934
30004,1739981399877007881,1739981399878050829
30005,1739981399877426853,1739981399878728136
30006,1739981399878219176,1739981399879123916
30007,1739981399878970589,1739981399879485643
30008,1739981399879350031,1739981399879916637
30009,1739981399879688234,1739981399880284582
30010,1739981399880110374,1739981399881414378
30011,1739981399880488320,1739981399881761953
30012,1739981399881597224,1739981399882266305
30013,1739981399882018285,1739981399882638027
30014,1739981399882488889,1739981399883524426
30015,1739981399882878521,1739981399884120672
30016,1739981399883687789,1739981399884519273
30017,1739981399884278596,1739981399884916196
30018,1739981399884735219,1739981399885952540
30019,1739981399885098169,1739981399886533381
30020,1739981399886225330,1739981399886951912
30021,1739981399886735348,1739981399887743437
30022,1739981399887137303,1739981399888605063
30023,1739981399887938171,1739981399889087148
30024,1739981399888879185,1739981399889472092
30025,1739981399889289146,1739981399889817649
30026,1739981399889657199,1739981399890585713
30027,1739981399889977288,1739981399891216153
30028,1739981399890792056,1739981399891627406
30029,1739981399891454906,1739981399891957251
30030,1739981399891810701,1739981399892275977
30031,1739981399892182596,1739981399892669590
30032,1739981399892462547,1739981399893513788
30033,1739981399892864550,1739981399894091224
30034,1739981399893844315,1739981399894517000
30035,1739981399894313464,1739981399894894784
30036,1739981399894728367,1739981399895736838
30037,1739981399895114028,1739981399896442406
30038,1739981399895994282,1739981399896840942
30039,1739981399896697376,1739981399897288202
30040,1739981399897019284,1739981399898126436
30041,1739981399897485575,1739981399898887613
30042,1739981399898294590,1739981399899365168
30043,1739981399899130871,1739981399899719826
30044,1739981399899579012,1739981399900361899
30045,1739981399899930996,1739981399901313844
30046,1739981399900605160,1739981399901686562
30047,1739981399901560981,1739981399902078707
30048,1739981399901921691,1739981399902530639
30049,1739981399902314085,1739981399902832729
30050,1739981399902730972,1739981399903492555
30051,1739981399903006718,1739981399904630903
30052,1739981399903839612,1739981399905011754
30053,1739981399904833912,1739981399905420565
30054,1739981399905208955,1739981399906112747
30055,1739981399905633198,1739981399906887648
30056,1739981399906352735,1739981399907327787
30057,1739981399907131508,1739981399907703484
30058,1739981399907560940,1739981399908087720
30059,1739981399907918130,1739981399908899334
30060,1739981399908297415,1739981399909660848
30061,1739981399909103026,1739981399910131533
30062,1739981399909925914,1739981399910468406
30063,1739981399910342912,1739981399911425847
30064,1739981399910670782,1739981399911996007
30065,1739981399911790555,1739981399912397203
30066,1739981399912208728,1739981399912814970
30067,1739981399912614733,1739981399913585108
30068,1739981399913003088,1739981399914239644
30069,1739981399913764661,1739981399914596825
30070,1739981399914530443,1739981399915029249
30071,1739981399914755104,1739981399915335559
30072,1739981399915231920,1739981399915648921
30073,1739981399915539216,1739981399916476119
30074,1739981399915845011,1739981399917100771
30075,1739981399916695931,1739981399917472872
30076,1739981399917353298,1739981399917915693
30077,1739981399917699427,1739981399918414226
30078,1739981399918134583,1739981399919254608
30079,1739981399918605105,1739981399919992635
30080,1739981399919499811,1739981399920401158
30081,1739981399920245260,1739981399920795488
30082,1739981399920644932,1739981399921242265
30083,1739981399921041875,1739981399922478861
30084,1739981399921446279,1739981399922939851
30085,1739981399922738529,1739981399923320020
30086,1739981399923204725,1739981399923982219
30087,1739981399923512397,1739981399924949769
30088,1739981399924220355,1739981399925361376
30089,1739981399925241651,1739981399925728442
30090,1739981399925494735,1739981399926068444
30091,1739981399925929635,1739981399926840023
30092,1739981399926208553,1739981399927628109
30093,1739981399927052428,1739981399927949818
30094,1739981399927824528,1739981399928282256
30095,1739981399928142526,1739981399928705388
30096,1739981399928474842,1739981399929437300
30097,1739981399929076936,1739981399929971781
30098,1739981399929634651,1739981399930351837
30099,1739981399930192219,1739981399930825100
30100,1739981399930554572,1739981399931647054
30101,1739981399931207604,1739981399932260445
30102,1739981399932018785,1739981399932693028
30103,1739981399932490956,1739981399933297212
30104,1739981399932903589,1739981399934123461
30105,1739981399933515205,1739981399934636048
30106,1739981399934413684,1739981399935121529
30107,1739981399934828797,1739981399935712833
30108,1739981399935319719,1739981399936559026
30109,1739981399935886275,1739981399937069545
30110,1739981399936766499,1739981399937543122
30111,1739981399937312150,1739981399938456367
30112,1739981399937780847,1739981399939083100
30113,1739981399938814612,1739981399939504790
30114,1739981399939347993,1739981399939862206
30115,1739981399939723913,1739981399941056546
30116,1739981399940063704,1739981399941481610
30117,1739981399941253768,1739981399941858728
30118,1739981399941731265,1739981399942319924
30119,1739981399942092401,1739981399942743970
30120,1739981399942554852,1739981399943689603
30121,1739981399942943237,1739981399944115039
30122,1739981399943960250,1739981399944489572
30123,1739981399944375952,1739981399944809056
30124,1739981399944730604,1739981399945389088
30125,1739981399945006835,1739981399946167720
30126,1739981399945596173,1739981399946541676
30127,1739981399946410065,1739981399946941711
30128,1739981399946791900,1739981399947382733
30129,1739981399947182140,1739981399948192304
30130,1739981399947573913,1739981399948839831
30131,1739981399948350203,1739981399949249840
30132,1739981399949054480,1739981399949627164
30133,1739981399949459070,1739981399950226524
30134,1739981399949819969,1739981399951122178
30135,1739981399950536918,1739981399951486488
30136,1739981399951358494,1739981399951820260
30137,1739981399951696865,1739981399952254014
30138,1739981399952023423,1739981399952590027
30139,1739981399952428433,1739981399953661201
30140,1739981399952792249,1739981399954006930
30141,1739981399953896739,1739981399954521794
30142,1739981399954216164,1739981399955015765
30143,1739981399954780893,1739981399955724058
30144,1739981399955248202,1739981399956489279
30145,1739981399955929447,1739981399956920556
30146,1739981399956699840,1739981399957372940
30147,1739981399957148177,1739981399957872251
30148,1739981399957582495,1739981399958739240
30149,1739981399958049253,1739981399959386857
30150,1739981399958917728,1739981399959834308
30151,1739981399959642809,1739981399960551925
30152,1739981399960033698,1739981399961332432
30153,1739981399960788420,1739981399961741181
30154,1739981399961592884,1739981399962101862
30155,1739981399961956581,1739981399962460730
30156,1739981399962305770,1739981399962857385
30157,1739981399962645844,1739981399963713425
30158,1739981399963037250,1739981399964339346
30159,1739981399964030364,1739981399964678790
30160,1739981399964588562,1739981399965234659
30161,1739981399964822135,1739981399965625605
30162,1739981399965457518,1739981399966773877
30163,1739981399965830464,1739981399967200684
30164,1739981399966996320,1739981399967596533
30165,1739981399967423831,1739981399967945610
30166,1739981399967834290,1739981399968620891
30167,1739981399968152279,1739981399969303064
30168,1739981399968862942,1739981399969771044
30169,1739981399969533777,1739981399970157550
30170,1739981399969974002,1739981399970966521
30171,1739981399970345347,1739981399971781495
30172,1739981399971150127,1739981399972213538
30173,1739981399972016190,1739981399972617577
30174,1739981399972399418,1739981399972997885
30175,1739981399972842566,1739981399973817975
30176,1739981399973201583,1739981399974437306
30177,1739981399974108194,1739981399974887221
30178,1739981399974620090,1739981399975201296
30179,1739981399975073011,1739981399975524593
30180,1739981399975381061,1739981399976353119
30181,1739981399975725303,1739981399977054895
30182,1739981399976508392,1739981399977412166
30183,1739981399977215138,1739981399977859071
30184,1739981399977605827,1739981399978250663
30185,1739981399978049053,1739981399979428171
30186,1739981399978420132,1739981399979819690
30187,1739981399979658227,1739981399980226531
30188,1739981399980046990,1739981399980613585
30189,1739981399980457464,1739981399981594246
30190,1739981399980811789,1739981399982326185
30191,1739981399981919833,1739981399982752626
30192,1739981399982550452,1739981399983114539
30193,1739981399982965353,1739981399983893660
30194,1739981399983357975,1739981399984810675
30195,1739981399984175075,1739981399985138809
30196,1739981399985040581,1739981399985528624
30197,1739981399985374414,1739981399985863679
30198,1739981399985751521,1739981399986579841
30199,1739981399986044611,1739981399987392022
30200,1739981399986768115,1739981399987762962
30201,1739981399987648451,1739981399988099904
30202,1739981399987968219,1739981399988467669
30203,1739981399988319214,1739981399988966347
30204,1739981399988673004,1739981399989871325
30205,1739981399989210385,1739981399990503976
30206,1739981399990081213,1739981399990845416
30207,1739981399990759383,1739981399991208268
30208,1739981399991054605,1739981399991565802
30209,1739981399991428244,1739981399992007184
30210,1739981399991789248,1739981399992903389
30211,1739981399992219496,1739981399993430241
30212,1739981399993308400,1739981399993901014
30213,1739981399993631779,1739981399994338733
30214,1739981399994098018,1739981399994656296
30215,1739981399994529794,1739981399995505523
30216,1739981399994845399,1739981399996084521
30217,1739981399995700453,1739981399996455998
30218,1739981399996277912,1739981399996831593
30219,1739981399996673066,1739981399997161281
30220,1739981399997032248,1739981399997491540
30221,1739981399997346363,1739981399998018963
30222,1739981399997699985,1739981399999035686
30223,1739981399998246612,1739981399999426886
30224,1739981399999249742,1739981399999860824
30225,1739981399999682327,1739981400000236801
30226,1739981400000095932,1739981400001293691
30227,1739981400000470681,1739981400001916852
30228,1739981400001692569,1739981400002455470
30229,1739981400002152133,1739981400002875640
30230,1739981400002678997,1739981400003797477
30231,1739981400003074299,1739981400004451056
30232,1739981400004192744,1739981400004866189
30233,1739981400004663703,1739981400005358320
30234,1739981400005070138,1739981400006558943
30235,1739981400005575196,1739981400006984912
30236,1739981400006822581,1739981400007374512
30237,1739981400007232965,1739981400008647894
30238,1739981400007599684,1739981400009104096
30239,1739981400008913256,1739981400009526421
30240,1739981400009316479,1739981400009939950
30241,1739981400009784745,1739981400010689726
30242,1739981400010151817,1739981400011178676
30243,1739981400011006730,1739981400011615893
30244,1739981400011364098,1739981400011933227
30245,1739981400011856198,1739981400012769370
30246,1739981400012077821,1739981400013447443
30247,1739981400012937283,1739981400013911767
30248,1739981400013799618,1739981400014482987
30249,1739981400014063052,1739981400014863763
30250,1739981400014712750,1739981400015264245
30251,1739981400015096487,1739981400016009584
30252,1739981400015507780,1739981400016766139
30253,1739981400016270251,1739981400017211332
30254,1739981400017062102,1739981400017565694
30255,1739981400017419332,1739981400017964766
30256,1739981400017771032,1739981400019043648
30257,1739981400018160182,1739981400019387983
30258,1739981400019282513,1739981400019781142
30259,1739981400019625125,1739981400020191561
30260,1739981400019971130,1739981400021077652
30261,1739981400020379018,1739981400021576377
30262,1739981400021503284,1739981400022097908
30263,1739981400021730888,1739981400022494055
30264,1739981400022331531,1739981400023291044
30265,1739981400022709609,1739981400023998127
30266,1739981400023455437,1739981400024513441
30267,1739981400024231053,1739981400024966838
30268,1739981400024743990,1739981400025323561
30269,1739981400025185173,1739981400026510037
30270,1739981400025538839,1739981400026893306
30271,1739981400026736347,1739981400027240553
30272,1739981400027097617,1739981400027557076
30273,1739981400027472177,1739981400028301722
30274,1739981400027777664,1739981400029178623
30275,1739981400028556856,1739981400029613999
30276,1739981400029474317,1739981400030020901
30277,1739981400029837706,1739981400030474815
30278,1739981400030248482,1739981400031605235
30279,1739981400030677094,1739981400031981457
30280,1739981400031864760,1739981400032390324
30281,1739981400032188513,1739981400032749203
30282,1739981400032606786,1739981400033526920
30283,1739981400033147708,1739981400034053384
30284,1739981400033719525,1739981400034598336
30285,1739981400034508225,1739981400034912190
30286,1739981400034795234,1739981400035349422
30287,1739981400035083888,1739981400035672226
30288,1739981400035545297,1739981400036890482
30289,1739981400035849722,1739981400037264990
30290,1739981400037111693,1739981400037662403
30291,1739981400037486364,1739981400037997076
30292,1739981400037865090,1739981400038340589
30293,1739981400038183785,1739981400039219884
30294,1739981400038558092,1739981400039743783
30295,1739981400039566492,1739981400040144830
30296,1739981400039936679,1739981400041067213
30297,1739981400040414574,1739981400041603879
30298,1739981400041221354,1739981400042007954
30299,1739981400041798951,1739981400042679479
30300,1739981400042224309,1739981400043474944
30301,1739981400042911420,1739981400043804380
30302,1739981400043715991,1739981400044366536
30303,1739981400043936170,1739981400044681136
30304,1739981400044570390,1739981400044978638
30305,1739981400044800134,1739981400045980253
30306,1739981400045160775,1739981400046476858
30307,1739981400046303318,1739981400046912405
30308,1739981400046678212,1739981400047370220
30309,1739981400047100043,1739981400048365184
30310,1739981400047550102,1739981400048863070
30311,1739981400048707929,1739981400049268308
30312,1739981400049067984,1739981400049721414
30313,1739981400049510726,1739981400050487663
30314,1739981400049930468,1739981400051298372
30315,1739981400050711651,1739981400051795239
30316,1739981400051539966,1739981400052148819
30317,1739981400052018927,1739981400052480426
30318,1739981400052336340,1739981400053422220
30319,1739981400052659763,1739981400053817845
30320,1739981400053677767,1739981400054294786
30321,1739981400054077168,1739981400054710056
30322,1739981400054533104,1739981400055061097
30323,1739981400054921853,1739981400055854498
30324,1739981400055241524,1739981400056685376
30325,1739981400056094731,1739981400057020892
30326,1739981400056899488,1739981400057450451
30327,1739981400057204328,1739981400057779467
30328,1739981400057635181,1739981400058535867
30329,1739981400057963143,1739981400059431670
30330,1739981400058804962,1739981400059837677
30331,1739981400059694251,1739981400060150560
30332,1739981400060019827,1739981400060567003
30333,1739981400060327110,1739981400061414058
30334,1739981400060782646,1739981400062042842
30335,1739981400061601821,1739981400062459603
30336,1739981400062277777,1739981400063221492
30337,1739981400062654033,1739981400063988921
30338,1739981400063450129,1739981400064457489
30339,1739981400064225249,1739981400064907538
30340,1739981400064666419,1739981400065217925
30341,1739981400065102512,1739981400065617988
30342,1739981400065395439,1739981400066669544
30343,1739981400065898027,1739981400067037952
30344,1739981400066863436,1739981400067362576
30345,1739981400067226472,1739981400067796542
30346,1739981400067542657,1739981400068427120
30347,1739981400067994265,1739981400069219471
30348,1739981400068627149,1739981400069598795
30349,1739981400069425807,1739981400069981920
30350,1739981400069792227,1739981400070361462
30351,1739981400070186360,1739981400071066835
30352,1739981400070587029,1739981400071919887
30353,1739981400071306851,1739981400072359616
30354,1739981400072161568,1739981400072728258
30355,1739981400072604701,1739981400073186073
30356,1739981400072950615,1739981400074014087
30357,1739981400073606506,1739981400074995171
30358,1739981400074180670,1739981400075397417
30359,1739981400075206515,1739981400075734240
30360,1739981400075602396,1739981400076043117
30361,1739981400075944664,1739981400076926786
30362,1739981400076255278,1739981400077424716
30363,1739981400077286213,1739981400077774463
30364,1739981400077645123,1739981400078180348
30365,1739981400077984115,1739981400078850560
30366,1739981400078393622,1739981400079623807
30367,1739981400079129118,1739981400080005673
30368,1739981400079845580,1739981400080495797
30369,1739981400080247646,1739981400080879662
30370,1739981400080714156,1739981400081826279
30371,1739981400081060505,1739981400082420617
30372,1739981400081987881,1739981400082800379
30373,1739981400082665742,1739981400083544350
30374,1739981400083023151,1739981400084462332
30375,1739981400083817605,1739981400084865681
30376,1739981400084743924,1739981400085211891
30377,1739981400085084391,1739981400086021356
30378,1739981400085402527,1739981400086877134
30379,1739981400086276789,1739981400087391714
30380,1739981400087254435,1739981400087770309
30381,1739981400087637253,1739981400088070414
30382,1739981400087979904,1739981400088740785
30383,1739981400088221611,1739981400089593128
30384,1739981400089059831,1739981400089967878
30385,1739981400089879159,1739981400090494304
30386,1739981400090126326,1739981400090855067
30387,1739981400090686204,1739981400091291327
30388,1739981400091056585,1739981400092441248
30389,1739981400091473973,1739981400092902664
30390,1739981400092679936,1739981400093370826
30391,1739981400093129322,1739981400093883027
30392,1739981400093595832,1739981400094806444
30393,1739981400094112409,1739981400095547747
30394,1739981400095070966,1739981400095903067
30395,1739981400095779686,1739981400096384161
30396,1739981400096100416,1739981400096846128
30397,1739981400096587545,1739981400097792874
30398,1739981400097037042,1739981400098346442
30399,1739981400098128507,1739981400098699379
30400,1739981400098542805,1739981400099121922
30401,1739981400098879652,1739981400100203078
30402,1739981400099412051,1739981400100668435
30403,1739981400100472804,1739981400101169226
30404,1739981400100929594,1739981400101513082
30405,1739981400101374366,1739981400102311650
30406,1739981400101714461,1739981400102950816
30407,1739981400102571164,1739981400103428093
30408,1739981400103245359,1739981400103776918
30409,1739981400103624490,1739981400104399600
30410,1739981400103991968,1739981400104770712
30411,1739981400104630019,1739981400105356279
30412,1739981400104969917,1739981400106193920
30413,1739981400105534174,1739981400106610331
30414,1739981400106433692,1739981400106944095
30415,1739981400106819257,1739981400107319671
30416,1739981400107155514,1739981400108127689
30417,1739981400107520399,1739981400108928767
30418,1739981400108406146,1739981400109537060
30419,1739981400109157270,1739981400110414643
30420,1739981400109754450,1739981400111041564
30421,1739981400110605173,1739981400111506347
30422,1739981400111255461,1739981400111890888
30423,1739981400111723217,1739981400112710472
30424,1739981400112222305,1739981400113361818
30425,1739981400113098265,1739981400113738444
30426,1739981400113590661,1739981400114080617
30427,1739981400113947891,1739981400114603824
30428,1739981400114273126,1739981400115236614
30429,1739981400114795168,1739981400115966911
30430,1739981400115483913,1739981400116323050
30431,1739981400116214235,1739981400116824737
30432,1739981400116541790,1739981400117222810
30433,1739981400117050717,1739981400118077629
30434,1739981400117471720,1739981400118686032
30435,1739981400118520624,1739981400119071987
30436,1739981400118921374,1739981400119468612
30437,1739981400119216731,1739981400120655770
30438,1739981400119720363,1739981400121047675
30439,1739981400120908707,1739981400121402949
30440,1739981400121249334,1739981400121829718
30441,1739981400121585640,1739981400122811057
30442,1739981400122096879,1739981400123341620
30443,1739981400123148701,1739981400123736669
30444,1739981400123560295,1739981400124052053
30445,1739981400123945517,1739981400124383497
30446,1739981400124228613,1739981400125448223
30447,1739981400124581050,1739981400125932770
30448,1739981400125762628,1739981400126279072
30449,1739981400126156134,1739981400126793705
30450,1739981400126481507,1739981400127570098
30451,1739981400127009391,1739981400128133396
30452,1739981400127746569,1739981400128648640
30453,1739981400128429253,1739981400129161379
30454,1739981400128920796,1739981400129576046
30455,1739981400129385816,1739981400130521927
30456,1739981400129781646,1739981400131064314
30457,1739981400130895621,1739981400131430431
30458,1739981400131249800,1739981400131850411
30459,1739981400131666434,1739981400133158801
30460,1739981400132036737,1739981400133753973
30461,1739981400133366091,1739981400134425280
30462,1739981400133945993,1739981400134848438
30463,1739981400134611791,1739981400135716987
30464,1739981400135047867,1739981400136294518
30465,1739981400136070211,1739981400136716974
30466,1739981400136501900,1739981400137680718
30467,1739981400136973526,1739981400138383883
30468,1739981400137899567,1739981400138769517
30469,1739981400138572348,1739981400139111462
30470,1739981400138988447,1739981400140101253
30471,1739981400139304419,1739981400140618741
30472,1739981400140459220,1739981400140981431
30473,1739981400140893639,1739981400141486189
30474,1739981400141157485,1739981400141819459
30475,1739981400141685690,1739981400142605660
30476,1739981400142066437,1739981400143327657
30477,1739981400142871225,1739981400143758867
30478,1739981400143568233,1739981400144213099
30479,1739981400143986931,1739981400144606119
30480,1739981400144396589,1739981400144960250
30481,1739981400144843216,1739981400145694190
30482,1739981400145156632,1739981400146406899
30483,1739981400145855879,1739981400146785113
30484,1739981400146627291,1739981400147312228
30485,1739981400146998411,1739981400147664740
30486,1739981400147535579,1739981400148502121
30487,1739981400148038993,1739981400149303503
30488,1739981400148681730,1739981400149692854
30489,1739981400149543630,1739981400150044951
30490,1739981400149931989,1739981400150458362
30491,1739981400150200157,1739981400150770699
30492,1739981400150658397,1739981400151052392
30493,1739981400150966963,1739981400152093282
30494,1739981400151203951,1739981400152482319
30495,1739981400152319881,1739981400152912706
30496,1739981400152605962,1739981400153271782
30497,1739981400153128781,1739981400154146624
30498,1739981400153462709,1739981400155038959
30499,1739981400154495838,1739981400155416420
30500,1739981400155258459,1739981400155779616
30501,1739981400155652961,1739981400156141338
30502,1739981400156026210,1739981400157040129
30503,1739981400156381668,1739981400157699517
30504,1739981400157359364,1739981400158085452
30505,1739981400157912720,1739981400158492583
30506,1739981400158303863,1739981400159696376
30507,1739981400158683805,1739981400160146949
30508,1739981400159909721,1739981400160525506
30509,1739981400160393716,1739981400161349181
30510,1739981400160728420,1739981400162076093
30511,1739981400161552146,1739981400162413374
30512,1739981400162343746,1739981400162902989
30513,1739981400162595939,1739981400163308621
30514,1739981400163114461,1739981400163674601
30515,1739981400163526895,1739981400164545284
30516,1739981400163876329,1739981400165347968
30517,1739981400164782101,1739981400165743523
30518,1739981400165578151,1739981400166174532
30519,1739981400165943605,1739981400166674876
30520,1739981400166400128,1739981400167152415
30521,1739981400166875959,1739981400168202627
30522,1739981400167326621,1739981400168628015
30523,1739981400168507448,1739981400169032275
30524,1739981400168854985,1739981400169420065
30525,1739981400169222862,1739981400170382716
30526,1739981400169607108,1739981400170973540
30527,1739981400170629067,1739981400171446865
30528,1739981400171259422,1739981400172393398
30529,1739981400171661191,1739981400173237175
30530,1739981400172600342,1739981400173676348
30531,1739981400173478000,1739981400174091159
30532,1739981400173859773,1739981400174508582
30533,1739981400174305222,1739981400174830515
30534,1739981400174728277,1739981400175627228
30535,1739981400175004972,1739981400176372511
30536,1739981400175959824,1739981400176736421
30537,1739981400176587731,1739981400177189167
30538,1739981400176972137,1739981400177533053
30539,1739981400177417127,1739981400177998990
30540,1739981400177748934,1739981400178847471
30541,1739981400178189823,1739981400179453998
30542,1739981400179063347,1739981400179793432
30543,1739981400179670902,1739981400180148040
30544,1739981400180015192,1739981400180580497
30545,1739981400180382532,1739981400181762155
30546,1739981400180766817,1739981400182286550
30547,1739981400182046645,1739981400182704430
30548,1739981400182520335,1739981400183444393
30549,1739981400182927619,1739981400184344009
30550,1739981400183690340,1739981400184760147
30551,1739981400184592153,1739981400185137937
30552,1739981400184951440,1739981400185517388
30553,1739981400185330860,1739981400186314142
30554,1739981400185730490,1739981400186909964
30555,1739981400186550247,1739981400187377822
30556,1739981400187165616,1739981400187727828
30557,1739981400187629623,1739981400188074608
30558,1739981400187856312,1739981400188500676
30559,1739981400188281718,1739981400189438004
30560,1739981400188712991,1739981400190059898
30561,1739981400189845212,1739981400190489680
30562,1739981400190299961,1739981400190973070
30563,1739981400190745311,1739981400192090939
30564,1739981400191219958,1739981400192456788
30565,1739981400192342368,1739981400192818689
30566,1739981400192673484,1739981400193166974
30567,1739981400193029175,1739981400193661026
30568,1739981400193379726,1739981400194588434
30569,1739981400193940470,1739981400195114626
30570,1739981400194797322,1739981400195610310
30571,1739981400195461229,1739981400196535799
30572,1739981400195804829,1739981400197287214
30573,1739981400196726406,1739981400197689423
30574,1739981400197453259,1739981400198037579
30575,1739981400197882792,1739981400198372035
30576,1739981400198216424,1739981400198760863
30577,1739981400198563248,1739981400199494865
30578,1739981400198983518,1739981400200215365
30579,1739981400199736162,1739981400200616973
30580,1739981400200417591,1739981400201067732
30581,1739981400200805056,1739981400201438509
30582,1739981400201213544,1739981400202313109
30583,1739981400201650910,1739981400202950208
30584,1739981400202548510,1739981400203324078
30585,1739981400203167832,1739981400203692099
30586,1739981400203528719,1739981400204136411
30587,1739981400203903709,1739981400204616274
30588,1739981400204339977,1739981400205534357
30589,1739981400204822157,1739981400206360566
30590,1739981400205735651,1739981400206796094
30591,1739981400206582421,1739981400207168650
30592,1739981400206987870,1739981400207656260
30593,1739981400207360633,1739981400208625277
30594,1739981400207823380,1739981400209181363
30595,1739981400209015267,1739981400209614512
30596,1739981400209379234,1739981400209918123
30597,1739981400209807309,1739981400210632564
30598,1739981400210224901,1739981400211217973
30599,1739981400210976425,1739981400211521025
30600,1739981400211428770,1739981400211821244
30601,1739981400211741358,1739981400212764355
30602,1739981400211942605,1739981400213319146
30603,1739981400213161624,1739981400213773204
30604,1739981400213553014,1739981400214112103
30605,1739981400213988672,1739981400214592774
30606,1739981400214318669,1739981400215364939
30607,1739981400214793269,1739981400216066159
30608,1739981400215665428,1739981400216514195
30609,1739981400216208255,1739981400216869691
30610,1739981400216697584,1739981400217183227
30611,1739981400217040043,1739981400218090112
30612,1739981400217362883,1739981400218833122
30613,1739981400218277620,1739981400219261622
30614,1739981400219076321,1739981400219626831
30615,1739981400219462298,1739981400219908694
30616,1739981400219829405,1739981400220216415
30617,1739981400220120981,1739981400221300174
30618,1739981400220434481,1739981400221639943
30619,1739981400221521615,1739981400221981668
30620,1739981400221842158,1739981400222522165
30621,1739981400222227484,1739981400223424689
30622,1739981400222807285,1739981400223977532
30623,1739981400223653126,1739981400224561390
30624,1739981400224298701,1739981400224895960
30625,1739981400224803585,1739981400225235132
30626,1739981400225128947,1739981400225611439
30627,1739981400225429492,1739981400226699961
30628,1739981400225818403,1739981400227224549
30629,1739981400226978651,1739981400227581295
30630,1739981400227463343,1739981400228488202
30631,1739981400227797857,1739981400229095738
30632,1739981400228739191,1739981400229539296
30633,1739981400229335954,1739981400229907419
30634,1739981400229752547,1739981400230764456
30635,1739981400230092837,1739981400231407993
30636,1739981400230938751,1739981400231774169
30637,1739981400231632152,1739981400232207891
30638,1739981400231985979,1739981400232570190
30639,1739981400232419196,1739981400232898099
30640,1739981400232745454,1739981400233529818
30641,1739981400233086082,1739981400234425551
30642,1739981400233797308,1739981400234825181
30643,1739981400234665484,1739981400235248291
30644,1739981400235051273,1739981400235688212
30645,1739981400235449322,1739981400236554942
30646,1739981400235869956,1739981400237110966
30647,1739981400236731458,1739981400237472805
30648,1739981400237358128,1739981400238010705
30649,1739981400237689889,1739981400239232329
30650,1739981400238241876,1739981400239621996
30651,1739981400239505834,1739981400240070228
30652,1739981400239840129,1739981400240445491
30653,1739981400240300564,1739981400241275812
30654,1739981400240677215,1739981400242043214
30655,1739981400241477919,1739981400242422643
30656,1739981400242222158,1739981400242755658
30657,1739981400242628141,1739981400243159914
30658,1739981400242958934,1739981400243523143
30659,1739981400243351674,1739981400243868802
30660,1739981400243727986,1739981400244575164
30661,1739981400244052825,1739981400245436568
30662,1739981400244818659,1739981400245848249
30663,1739981400245654957,1739981400246291543
30664,1739981400246056842,1739981400246706688
30665,1739981400246530955,1739981400247628012
30666,1739981400246977883,1739981400248190690
30667,1739981400248045525,1739981400248543522
30668,1739981400248369054,1739981400248898923
30669,1739981400248690921,1739981400249664635
30670,1739981400249103388,1739981400250643082
30671,1739981400249993097,1739981400251124444
30672,1739981400250856895,1739981400251582637
30673,1739981400251343005,1739981400252446536
30674,1739981400251816655,1739981400253071346
30675,1739981400252655145,1739981400253618652
30676,1739981400253408036,1739981400254045018
30677,1739981400253885523,1739981400254554702
30678,1739981400254231603,1739981400254897497
30679,1739981400254761401,1739981400255523117
30680,1739981400255076509,1739981400256260805
30681,1739981400255801190,1739981400256638981
30682,1739981400256535548,1739981400256979109
30683,1739981400256757917,1739981400257390796
30684,1739981400257172486,1739981400257989441
30685,1739981400257597024,1739981400258893973
30686,1739981400258301602,1739981400259362896
30687,1739981400259148164,1739981400259757836
30688,1739981400259590895,1739981400260103880
30689,1739981400259952355,1739981400260846271
30690,1739981400260292176,1739981400261678248
30691,1739981400261051758,1739981400262153072
30692,1739981400261926513,1739981400262594596
30693,1739981400262337627,1739981400263043142
30694,1739981400262795165,1739981400263980733
30695,1739981400263242954,1739981400264577597
30696,1739981400264313889,1739981400264986383
30697,1739981400264805245,1739981400265769189
30698,1739981400265184903,1739981400266533876
30699,1739981400266097300,1739981400266906018
30700,1739981400266812713,1739981400267556965
30701,1739981400267057033,1739981400268332231
30702,1739981400267986208,1739981400268755434
30703,1739981400268619379,1739981400269159019
30704,1739981400268954570,1739981400269459181
30705,1739981400269283362,1739981400270253386
30706,1739981400269645817,1739981400271064094
30707,1739981400270455086,1739981400271417894
30708,1739981400271274794,1739981400271831824
30709,1739981400271608691,1739981400272162386
30710,1739981400272011228,1739981400272590411
30711,1739981400272342229,1739981400273218229
30712,1739981400272823681,1739981400273714958
30713,1739981400273547561,1739981400274105849
30714,1739981400273949641,1739981400274591580
30715,1739981400274317915,1739981400275035223
30716,1739981400274798056,1739981400275938150
30717,1739981400275222830,1739981400276553260
30718,1739981400276294014,1739981400277078226
30719,1739981400276796884,1739981400277641364
30720,1739981400277292603,1739981400278460507
30721,1739981400277925288,1739981400278981051
30722,1739981400278716209,1739981400279387482
30723,1739981400279225515,1739981400280121356
30724,1739981400279588673,1739981400280987160
30725,1739981400280395208,1739981400281348757
30726,1739981400281224502,1739981400281732570
30727,1739981400281603318,1739981400282127748
30728,1739981400281926271,1739981400282498078
30729,1739981400282347295,1739981400283408966
30730,1739981400282703921,1739981400284122458
30731,1739981400283831217,1739981400284539556
30732,1739981400284396738,1739981400284920546
30733,1739981400284715372,1739981400285621292
30734,1739981400285126109,1739981400286409455
30735,1739981400285893868,1739981400286780314
30736,1739981400286680803,1739981400287123268
30737,1739981400286994317,1739981400287468916
30738,1739981400287322278,1739981400287886151
30739,1739981400287672439,1739981400288792822
30740,1739981400288099810,1739981400289519505
30741,1739981400288969919,1739981400290080612
30742,1739981400289768873,1739981400290502898
30743,1739981400290303330,1739981400290867752
30744,1739981400290735054,1739981400291700575
30745,1739981400291065112,1739981400292213905
30746,1739981400292006822,1739981400292629446
30747,1739981400292388485,1739981400293105239
30748,1739981400292839362,1739981400293420122
30749,1739981400293316066,1739981400293710609
30750,1739981400293626686,1739981400294959750
30751,1739981400293880439,1739981400295331183
30752,1739981400295176206,1739981400295721596
30753,1739981400295542962,1739981400296097796
30754,1739981400295901978,1739981400296962132
30755,1739981400296317019,1739981400297613629
30756,1739981400297256905,1739981400298023313
30757,1739981400297883929,1739981400298355416
30758,1739981400298237076,1739981400298752493
30759,1739981400298576877,1739981400299568046
30760,1739981400298946017,1739981400300267456
30761,1739981400299831252,1739981400300739747
30762,1739981400300513371,1739981400301164763
30763,1739981400300970126,1739981400301511607
30764,1739981400301349354,1739981400302299510
30765,1739981400301676225,1739981400302944166
30766,1739981400302737843,1739981400303331001
30767,1739981400303166449,1739981400303771414
30768,1739981400303520433,1739981400304156154
30769,1739981400303991723,1739981400304513798
30770,1739981400304368903,1739981400305328005
30771,1739981400304686139,1739981400306006963
30772,1739981400305483840,1739981400306375492
30773,1739981400306200476,1739981400306780087
30774,1739981400306571296,1739981400307130360
30775,1739981400306959236,1739981400307626240
30776,1739981400307308837,1739981400308389917
30777,1739981400307862370,1739981400308893333
30778,1739981400308773217,1739981400309276153
30779,1739981400309137211,1739981400309676275
30780,1739981400309481444,1739981400310595508
30781,1739981400309848666,1739981400311278473
30782,1739981400310753320,1739981400311746906
30783,1739981400311491684,1739981400312098587
30784,1739981400311949541,1739981400313130380
30785,1739981400312288843,1739981400313649709
30786,1739981400313352085,1739981400314107006
30787,1739981400313896109,1739981400314582263
30788,1739981400314328589,1739981400315446948
30789,1739981400314781373,1739981400316015525
30790,1739981400315601400,1739981400316346401
30791,1739981400316223228,1739981400316770705
30792,1739981400316633076,1739981400317090861
30793,1739981400316970615,1739981400317874674
30794,1739981400317280477,1739981400318556287
30795,1739981400318245692,1739981400318946469
30796,1739981400318769146,1739981400319357180
30797,1739981400319166444,1739981400320141926
30798,1739981400319558171,1739981400320743233
30799,1739981400320310911,1739981400321349728
30800,1739981400321104107,1739981400321871943
30801,1739981400321572927,1739981400322396296
30802,1739981400322112769,1739981400323236458
30803,1739981400322606801,1739981400323874709
30804,1739981400323600513,1739981400324357464
30805,1739981400324115015,1739981400324914440
30806,1739981400324594175,1739981400325653184
30807,1739981400325163079,1739981400326451331
30808,1739981400325881243,1739981400326952310
30809,1739981400326707348,1739981400327377291
30810,1739981400327162855,1739981400328149838
30811,1739981400327583121,1739981400328896055
30812,1739981400328365814,1739981400329263389
30813,1739981400329169090,1739981400329545677
30814,1739981400329482772,1739981400330520934
30815,1739981400329767438,1739981400331187050
30816,1739981400330718907,1739981400331529460
30817,1739981400331446293,1739981400331906943
30818,1739981400331679083,1739981400332374707
30819,1739981400332147188,1739981400333145636
30820,1739981400332573787,1739981400334014084
30821,1739981400333385534,1739981400334524359
30822,1739981400334212167,1739981400334916658
30823,1739981400334733045,1739981400335298892
30824,1739981400335103388,1739981400335689993
30825,1739981400335475622,1739981400336356440
30826,1739981400336040467,1739981400336971579
30827,1739981400336565900,1739981400337406970
30828,1739981400337204653,1739981400337753344
30829,1739981400337604080,1739981400338566721
30830,1739981400337954257,1739981400339269423
30831,1739981400338797350,1739981400339632694
30832,1739981400339512198,1739981400340017936
30833,1739981400339841847,1739981400340913208
30834,1739981400340195300,1739981400341487796
30835,1739981400341134095,1739981400341867109
30836,1739981400341698273,1739981400342358664
30837,1739981400342060309,1739981400343304995
30838,1739981400342562934,1739981400343847282
30839,1739981400343690721,1739981400344384568
30840,1739981400344109044,1739981400344794588
30841,1739981400344619644,1739981400345118544
30842,1739981400345018833,1739981400345867326
30843,1739981400345228192,1739981400346605716
30844,1739981400346027456,1739981400346975500
30845,1739981400346848603,1739981400347354746
30846,1739981400347187744,1739981400347844340
30847,1739981400347538050,1739981400348523788
30848,1739981400348031410,1739981400349347753
30849,1739981400348731580,1739981400349707240
30850,1739981400349586111,1739981400350074712
30851,1739981400349954281,1739981400350313314
30852,1739981400350217898,1739981400351280937
30853,1739981400350536859,1739981400351772799
30854,1739981400351642983,1739981400352085835
30855,1739981400351986574,1739981400352561775
30856,1739981400352197612,1739981400353575811
30857,1739981400352783598,1739981400353969853
30858,1739981400353826006,1739981400354556484
30859,1739981400354209407,1739981400354922194
30860,1739981400354785037,1739981400355372390
30861,1739981400355138884,1739981400356480035
30862,1739981400355655908,1739981400356857324
30863,1739981400356717505,1739981400357257447
30864,1739981400357061759,1739981400357737575
30865,1739981400357437156,1739981400358339166
30866,1739981400357926328,1739981400359161634
30867,1739981400358739324,1739981400359695348
30868,1739981400359401138,1739981400360079794
30869,1739981400359888953,1739981400360504946
30870,1739981400360329837,1739981400361361987
30871,1739981400360724626,1739981400361868222
30872,1739981400361721309,1739981400362198456
30873,1739981400362109169,1739981400362597921
30874,1739981400362334262,1739981400362999705
30875,1739981400362832913,1739981400363853427
30876,1739981400363279374,1739981400364483656
30877,1739981400364245698,1739981400364935007
30878,1739981400364739449,1739981400365281923
30879,1739981400365171572,1739981400366156871
30880,1739981400365483806,1739981400366649095
30881,1739981400366477446,1739981400367041258
30882,1739981400366876468,1739981400367868331
30883,1739981400367214374,1739981400368526777
30884,1739981400368130286,1739981400368959337
30885,1739981400368779202,1739981400369355614
30886,1739981400369172195,1739981400369770714
30887,1739981400369593615,1739981400370630549
30888,1739981400369969304,1739981400371141320
30889,1739981400370832663,1739981400371641123
30890,1739981400371437467,1739981400371996967
30891,1739981400371928276,1739981400372346886
30892,1739981400372224383,1739981400372765607
30893,1739981400372572219,1739981400373595633
30894,1739981400372983454,1739981400374330899
30895,1739981400373780081,1739981400374667511
30896,1739981400374530306,1739981400375189108
30897,1739981400374857969,1739981400375593812
30898,1739981400375391613,1739981400376051208
30899,1739981400375785984,1739981400376903417
30900,1739981400376210472,1739981400377517256
30901,1739981400377135247,1739981400377887555
30902,1739981400377714894,1739981400378227001
30903,1739981400378103779,1739981400379175358
30904,1739981400378412259,1739981400379794142
30905,1739981400379477212,1739981400380289259
30906,1739981400380079743,1739981400380830940
30907,1739981400380485190,1739981400381212458
30908,1739981400381017870,1739981400382022210
30909,1739981400381400957,1739981400382499043
30910,1739981400382221725,1739981400383013060
30911,1739981400382922556,1739981400383335714
30912,1739981400383259747,1739981400383757112
30913,1739981400383518735,1739981400384082615
30914,1739981400383980696,1739981400384577687
30915,1739981400384313461,1739981400384933720
30916,1739981400384810384,1739981400385804922
30917,1739981400385145201,1739981400386265128
30918,1739981400386161401,1739981400386659668
30919,1739981400386468135,1739981400387007902
30920,1739981400386858790,1739981400387915761
30921,1739981400387191567,1739981400388557467
30922,1739981400388071982,1739981400388942674
30923,1739981400388779210,1739981400389279585
30924,1739981400389144606,1739981400390192721
30925,1739981400389484881,1739981400390950058
30926,1739981400390439966,1739981400391432632
30927,1739981400391167837,1739981400391820518
30928,1739981400391623348,1739981400392200663
30929,1739981400391987891,1739981400393172409
30930,1739981400392402919,1739981400393739118
30931,1739981400393574034,1739981400394183736
30932,1739981400393980187,1739981400394696337
30933,1739981400394304113,1739981400395259865
30934,1739981400394901308,1739981400396016153
30935,1739981400395491074,1739981400396496596
30936,1739981400396238498,1739981400396814403
30937,1739981400396677475,1739981400397153097
30938,1739981400396990871,1739981400397533541
30939,1739981400397350779,1739981400398666445
30940,1739981400398002893,1739981400399080477
30941,1739981400398926259,1739981400399518066
30942,1739981400399327255,1739981400399882901
30943,1739981400399757871,1739981400400742159
30944,1739981400400079208,1739981400401620799
30945,1739981400400901046,1739981400402175744
30946,1739981400401820206,1739981400402625072
30947,1739981400402376137,1739981400403016515
30948,1739981400402843771,1739981400403936644
30949,1739981400403253267,1739981400404640298
30950,1739981400404237650,1739981400405111428
30951,1739981400404834882,1739981400405612168
30952,1739981400405314077,1739981400406933092
30953,1739981400405817964,1739981400407537863
30954,1739981400407177224,1739981400408095760
30955,1739981400407803092,1739981400409082626
30956,1739981400408311012,1739981400409691409
30957,1739981400409493048,1739981400410190370
30958,1739981400409907770,1739981400411085267
30959,1739981400410386090,1739981400411791644
30960,1739981400411249414,1739981400412285417
30961,1739981400412037553,1739981400412594948
30962,1739981400412482165,1739981400413190198
30963,1739981400412797512,1739981400414062703
30964,1739981400413503200,1739981400414552715
30965,1739981400414287449,1739981400414941542
30966,1739981400414811221,1739981400415263427
30967,1739981400415152034,1739981400415690024
30968,1739981400415442886,1739981400416555170
30969,1739981400416006890,1739981400417159126
30970,1739981400416863257,1739981400417566264
30971,1739981400417380326,1739981400417976944
30972,1739981400417769682,1739981400419172560
30973,1739981400418166826,1739981400419587857
30974,1739981400419406970,1739981400419956653
30975,1739981400419847700,1739981400420342369
30976,1739981400420155487,1739981400421248563
30977,1739981400420535566,1739981400421837181
30978,1739981400421601031,1739981400422256323
30979,1739981400422060995,1739981400422715906
30980,1739981400422429813,1739981400423890362
30981,1739981400423044664,1739981400424411323
30982,1739981400424155381,1739981400424761602
30983,1739981400424637273,1739981400425131849
30984,1739981400424957593,1739981400425994634
30985,1739981400425329558,1739981400426633345
30986,1739981400426173498,1739981400427062862
30987,1739981400426876471,1739981400427347114
30988,1739981400427243374,1739981400427690176
30989,1739981400427544167,1739981400428519419
30990,1739981400427870048,1739981400429360480
30991,1739981400428802218,1739981400429732505
30992,1739981400429597244,1739981400430264878
30993,1739981400429981217,1739981400430957220
30994,1739981400430461965,1739981400431751460
30995,1739981400431123921,1739981400432152742
30996,1739981400432020062,1739981400432544291
30997,1739981400432381927,1739981400433028086
30998,1739981400432765407,1739981400433394842
30999,1739981400433246028,1739981400434502612
31000,1739981400433620674,1739981400435063958
31001,1739981400434744171,1739981400435464580
31002,1739981400435198226,1739981400436162455
31003,1739981400435674976,1739981400437016501
31004,1739981400436385823,1739981400437377602
31005,1739981400437296039,1739981400437665501
31006,1739981400437503778,1739981400438061282
31007,1739981400437887486,1739981400438352170
31008,1739981400438235794,1739981400438724947
31009,1739981400438579217,1739981400439368422
31010,1739981400438967839,1739981400440086647
31011,1739981400439739240,1739981400440470234
31012,1739981400440303451,1739981400440933245
31013,1739981400440657180,1739981400441816360
31014,1739981400441112356,1739981400442616140
31015,1739981400442001266,1739981400443028283
31016,1739981400442886677,1739981400443419315
31017,1739981400443260930,1739981400443809575
31018,1739981400443627731,1739981400444264711
31019,1739981400443996851,1739981400444660312
31020,1739981400444443656,1739981400445497752
31021,1739981400445039448,1739981400446112937
31022,1739981400445877545,1739981400446494141
31023,1739981400446334501,1739981400446849436
31024,1739981400446706940,1739981400447928436
31025,1739981400447033392,1739981400448292568
31026,1739981400448158021,1739981400448593699
31027,1739981400448500071,1739981400449009030
31028,1739981400448785257,1739981400449377297
31029,1739981400449247625,1739981400449906345
31030,1739981400449585783,1739981400450857147
31031,1739981400450135425,1739981400451249400
31032,1739981400451131139,1739981400451684246
31033,1739981400451473988,1739981400452075323
31034,1739981400451876701,1739981400452426504
31035,1739981400452264859,1739981400453255188
31036,1739981400452706093,1739981400453776070
31037,1739981400453608022,1739981400454284945
31038,1739981400454016848,1739981400454722273
31039,1739981400454532808,1739981400455134750
31040,1739981400454907731,1739981400456287395
31041,1739981400455310428,1739981400456709037
31042,1739981400456547271,1739981400457131973
31043,1739981400456902848,1739981400457578505
31044,1739981400457332476,1739981400458455498
31045,1739981400457773175,1739981400459072764
31046,1739981400458677950,1739981400459609450
31047,1739981400459394483,1739981400459941219
31048,1739981400459806385,1739981400460271906
31049,1739981400460142830,1739981400460660914
31050,1739981400460464911,1739981400461414217
31051,1739981400460844267,1739981400461947447
31052,1739981400461636151,1739981400462489193
31053,1739981400462220795,1739981400462925357
31054,1739981400462730060,1739981400463365735
31055,1739981400463151738,1739981400463727061
31056,1739981400463604548,1739981400464702437
31057,1739981400464075863,1739981400465156507
31058,1739981400465025112,1739981400465485175
31059,1739981400465332267,1739981400465909220
31060,1739981400465700029,1739981400466784512
31061,1739981400466127205,1739981400467562649
31062,1739981400467005955,1739981400467973789
31063,1739981400467790646,1739981400468470616
31064,1739981400468173611,1739981400469322238
31065,1739981400468675636,1739981400469973251
31066,1739981400469562114,1739981400470383876
31067,1739981400470170260,1739981400470734077
31068,1739981400470601936,1739981400471491673
31069,1739981400470910288,1739981400472122013
31070,1739981400471794809,1739981400472477529
31071,1739981400472338532,1739981400472795576
31072,1739981400472665143,1739981400473622677
31073,1739981400472973310,1739981400474509530
31074,1739981400473863829,1739981400474977280
31075,1739981400474740866,1739981400475455968
31076,1739981400475179680,1739981400476320850
31077,1739981400475655056,1739981400476880303
31078,1739981400476563255,1739981400477389245
31079,1739981400477201229,1739981400477830329
31080,1739981400477610726,1739981400478223298
31081,1739981400478005259,1739981400478866868
31082,1739981400478408928,1739981400479492298
31083,1739981400479036165,1739981400480164112
31084,1739981400479870416,1739981400480583448
31085,1739981400480422112,1739981400480971334
31086,1739981400480802975,1739981400481813231
31087,1739981400481176987,1739981400482529827
31088,1739981400481995700,1739981400482898812
31089,1739981400482776512,1739981400483374863
31090,1739981400483139876,1739981400483702768
31091,1739981400483611622,1739981400484045250
31092,1739981400483926352,1739981400484626779
31093,1739981400484265444,1739981400485495276
31094,1739981400484826059,1739981400486123593
31095,1739981400485855160,1739981400486512302
31096,1739981400486305935,1739981400486890946
31097,1739981400486685185,1739981400487705211
31098,1739981400487092295,1739981400488249186
31099,1739981400488005655,1739981400488730670
31100,1739981400488445071,1739981400489574860
31101,1739981400488911567,1739981400490254908
31102,1739981400489799688,1739981400490633929
31103,1739981400490486233,1739981400491053740
31104,1739981400490826102,1739981400491723944
31105,1739981400491259817,1739981400492469180
31106,1739981400491960067,1739981400492825298
31107,1739981400492658579,1739981400493145741
31108,1739981400493002283,1739981400493455077
31109,1739981400493350462,1739981400494407146
31110,1739981400493644706,1739981400494900771
31111,1739981400494614236,1739981400495291750
31112,1739981400495169126,1739981400495677249
31113,1739981400495488945,1739981400496659142
31114,1739981400495891260,1739981400497249482
31115,1739981400496889683,1739981400497629002
31116,1739981400497493063,1739981400497968730
31117,1739981400497851317,1739981400498763350
31118,1739981400498180923,1739981400499509022
31119,1739981400498964361,1739981400499929679
31120,1739981400499737434,1739981400500399748
31121,1739981400500121496,1739981400500875477
31122,1739981400500585523,1739981400501566682
31123,1739981400501046410,1739981400502288128
31124,1739981400501846087,1739981400502771286
31125,1739981400502523343,1739981400503174722
31126,1739981400502976101,1739981400504036208
31127,1739981400503430747,1739981400504649028
31128,1739981400504265085,1739981400505199969
31129,1739981400504966633,1739981400505524905
31130,1739981400505461395,1739981400505923517
31131,1739981400505677300,1739981400506231935
31132,1739981400506106482,1739981400506517855
31133,1739981400506416481,1739981400507271752
31134,1739981400506698228,1739981400508054698
31135,1739981400507494066,1739981400508398895
31136,1739981400508232450,1739981400508781953
31137,1739981400508650133,1739981400509608701
31138,1739981400508996237,1739981400510300596
31139,1739981400509859146,1739981400510697495
31140,1739981400510530518,1739981400511089858
31141,1739981400510904986,1739981400511571977
31142,1739981400511288116,1739981400511942607
31143,1739981400511803375,1739981400512804297
31144,1739981400512132932,1739981400513493693
31145,1739981400513131866,1739981400513907996
31146,1739981400513751368,1739981400514419080
31147,1739981400514180768,1739981400514814682
31148,1739981400514619867,1739981400515562093
31149,1739981400514987107,1739981400516082327
31150,1739981400515927975,1739981400516532104
31151,1739981400516336950,1739981400516919790
31152,1739981400516760145,1739981400517261743
31153,1739981400517103252,1739981400518059865
31154,1739981400517478024,1739981400518875652
31155,1739981400518262727,1739981400519323207
31156,1739981400519146205,1739981400519761348
31157,1739981400519563841,1739981400520192447
31158,1739981400519995027,1739981400520710912
31159,1739981400520407293,1739981400521776016
31160,1739981400521224952,1739981400522267758
31161,1739981400522072435,1739981400522780291
31162,1739981400522562747,1739981400523225459
31163,1739981400523005541,1739981400524506672
31164,1739981400523476608,1739981400524923223
31165,1739981400524767486,1739981400525457635
31166,1739981400525141712,1739981400526268696
31167,1739981400525657791,1739981400527060731
31168,1739981400526561084,1739981400527478630
31169,1739981400527268694,1739981400527950622
31170,1739981400527684014,1739981400528738669
31171,1739981400528144978,1739981400529521242
31172,1739981400529242129,1739981400529947046
31173,1739981400529718997,1739981400530803122
31174,1739981400530119849,1739981400531401880
31175,1739981400530959111,1739981400531811376
31176,1739981400531591596,1739981400532183289
31177,1739981400532005846,1739981400532487279
31178,1739981400532373705,1739981400532781636
31179,1739981400532589120,1739981400533983546
31180,1739981400532962847,1739981400534506348
31181,1739981400534252535,1739981400534950039
31182,1739981400534705409,1739981400535271315
31183,1739981400535153943,1739981400535593954
31184,1739981400535522798,1739981400536395709
31185,1739981400535713224,1739981400537072466
31186,1739981400536549100,1739981400537484710
31187,1739981400537307233,1739981400537898337
31188,1739981400537704748,1739981400538856774
31189,1739981400538197089,1739981400539366445
31190,1739981400539153554,1739981400539762694
31191,1739981400539572390,1739981400540162281
31192,1739981400539926985,1739981400540992599
31193,1739981400540339095,1739981400541580126
31194,1739981400541157116,1739981400542014618
31195,1739981400541800179,1739981400542319521
31196,1739981400542216762,1739981400542702683
31197,1739981400542525048,1739981400543094928
31198,1739981400542872902,1739981400543976456
31199,1739981400543301208,1739981400544566360
31200,1739981400544336897,1739981400544986139
31201,1739981400544806306,1739981400545328065
31202,1739981400545167595,1739981400545640954
31203,1739981400545505610,1739981400546474142
31204,1739981400545879364,1739981400547224490
31205,1739981400546720579,1739981400547633905
31206,1739981400547447528,1739981400548031861
31207,1739981400547829769,1739981400548413644
31208,1739981400548201567,1739981400549154075
31209,1739981400548598299,1739981400549906296
31210,1739981400549373944,1739981400550327228
31211,1739981400550140827,1739981400550684450
31212,1739981400550524245,1739981400551050599
31213,1739981400550874988,1739981400551439735
31214,1739981400551211154,1739981400552201158
31215,1739981400552052809,1739981400552712269
31216,1739981400552446882,1739981400553322384
31217,1739981400553025907,1739981400553682320
31218,1739981400553556234,1739981400554102834
31219,1739981400553887607,1739981400554527757
31220,1739981400554334897,1739981400554944874
31221,1739981400554719470,1739981400555779337
31222,1739981400555140567,1739981400556395286
31223,1739981400556138484,1739981400556895962
31224,1739981400556611160,1739981400557295765
31225,1739981400557084821,1739981400558173031
31226,1739981400557492072,1739981400558815851
31227,1739981400558290187,1739981400559329348
31228,1739981400559043055,1739981400559670946
31229,1739981400559544561,1739981400559999509
31230,1739981400559837392,1739981400560940283
31231,1739981400560190947,1739981400561510705
31232,1739981400561361920,1739981400561895432
31233,1739981400561695868,1739981400562308225
31234,1739981400562078062,1739981400562969402
31235,1739981400562483558,1739981400563597075
31236,1739981400563185719,1739981400564067823
31237,1739981400563856274,1739981400564470265
31238,1739981400564214380,1739981400564802943
31239,1739981400564663448,1739981400565216287
31240,1739981400564983593,1739981400566100846
31241,1739981400565391220,1739981400566787240
31242,1739981400566273374,1739981400567177361
31243,1739981400567042594,1739981400567588463
31244,1739981400567395485,1739981400568017404
31245,1739981400567778565,1739981400568766785
31246,1739981400568232951,1739981400569543069
31247,1739981400569072788,1739981400569932849
31248,1739981400569788345,1739981400570473786
31249,1739981400570150886,1739981400571328318
31250,1739981400570716771,1739981400572041493
31251,1739981400571681511,1739981400572381056
31252,1739981400572202105,1739981400573036049
31253,1739981400572560767,1739981400573946917
31254,1739981400573271146,1739981400574517778
31255,1739981400574196356,1739981400574919793
31256,1739981400574782434,1739981400575250536
31257,1739981400575135563,1739981400575910081
31258,1739981400575459900,1739981400576658494
31259,1739981400576086813,1739981400577004380
31260,1739981400576879988,1739981400577406098
31261,1739981400577228192,1739981400577766629
31262,1739981400577620917,1739981400578211752
31263,1739981400577993045,1739981400578994932
31264,1739981400578428817,1739981400579605327
31265,1739981400579356622,1739981400579956973
31266,1739981400579832856,1739981400580266646
31267,1739981400580143091,1739981400580971362
31268,1739981400580447127,1739981400581749362
31269,1739981400581210209,1739981400582177597
31270,1739981400582021976,1739981400582570121
31271,1739981400582377016,1739981400583430453
31272,1739981400582790278,1739981400584007677
31273,1739981400583781721,1739981400584546306
31274,1739981400584264584,1739981400584940626
31275,1739981400584735796,1739981400585711104
31276,1739981400585145899,1739981400586479459
31277,1739981400585917995,1739981400586867193
31278,1739981400586718535,1739981400587298223
31279,1739981400587066651,1739981400587638970
31280,1739981400587495223,1739981400588234880
31281,1739981400587819212,1739981400589175818
31282,1739981400588558640,1739981400589597284
31283,1739981400589433962,1739981400590017918
31284,1739981400589852234,1739981400590371644
31285,1739981400590223302,1739981400591149203
31286,1739981400590548213,1739981400591910592
31287,1739981400591429716,1739981400592302876
31288,1739981400592114402,1739981400592775782
31289,1739981400592510080,1739981400593204812
31290,1739981400592971514,1739981400593549683
31291,1739981400593385975,1739981400594730021
31292,1739981400593719310,1739981400595251547
31293,1739981400594968945,1739981400595623972
31294,1739981400595441965,1739981400596324546
31295,1739981400595831585,1739981400597172042
31296,1739981400596573411,1739981400597500683
31297,1739981400597431972,1739981400597863060
31298,1739981400597725761,1739981400598275205
31299,1739981400598064340,1739981400598616712
31300,1739981400598460835,1739981400599387560
31301,1739981400598822014,1739981400599841450
31302,1739981400599583468,1739981400600423580
31303,1739981400600234930,1739981400600842494
31304,1739981400600685811,1739981400601260143
31305,1739981400601060139,1739981400601640872
31306,1739981400601536858,1739981400602531060
31307,1739981400601877027,1739981400603278345
31308,1739981400602724107,1739981400603755626
31309,1739981400603562153,1739981400604152232
31310,1739981400603979091,1739981400604577098
31311,1739981400604385543,1739981400604983732
31312,1739981400604759749,1739981400605902358
31313,1739981400605211442,1739981400606444437
31314,1739981400606243464,1739981400606880816
31315,1739981400606644733,1739981400607267455
31316,1739981400607082767,1739981400608233584
31317,1739981400607448547,1739981400608896344
31318,1739981400608591007,1739981400609273667
31319,1739981400609126426,1739981400609631465
31320,1739981400609562220,1739981400610601431
31321,1739981400609745262,1739981400611062094
31322,1739981400610996824,1739981400611548246
31323,1739981400611287644,1739981400611923929
31324,1739981400611747694,1739981400612629354
31325,1739981400612115198,1739981400613326618
31326,1739981400612829201,1739981400613728742
31327,1739981400613527823,1739981400614125816
31328,1739981400614005319,1739981400614563396
31329,1739981400614305069,1739981400614922280
31330,1739981400614787521,1739981400615801009
31331,1739981400615264465,1739981400616376846
31332,1739981400616123065,1739981400616764689
31333,1739981400616576822,1739981400617548448
31334,1739981400616947335,1739981400618153796
31335,1739981400617784019,1739981400618609730
31336,1739981400618448215,1739981400618971115
31337,1739981400618805174,1739981400619429457
31338,1739981400619211075,1739981400619737813
31339,1739981400619647541,1739981400620490258
31340,1739981400619958005,1739981400621314023
31341,1739981400620787275,1739981400621728987
31342,1739981400621525630,1739981400622143430
31343,1739981400621919220,1739981400622471157
31344,1739981400622367992,1739981400623272270
31345,1739981400622674026,1739981400624023100
31346,1739981400623515264,1739981400624522440
31347,1739981400624270974,1739981400625045370
31348,1739981400624731300,1739981400625405624
31349,1739981400625222502,1739981400625811483
31350,1739981400625581001,1739981400626758995
31351,1739981400626008143,1739981400627276163
31352,1739981400627131287,1739981400627663295
31353,1739981400627498161,1739981400628139484
31354,1739981400627878242,1739981400628818248
31355,1739981400628373469,1739981400629356955
31356,1739981400629201862,1739981400629842144
31357,1739981400629561298,1739981400630141809
31358,1739981400630036807,1739981400630729017
31359,1739981400630337787,1739981400631648199
31360,1739981400631037204,1739981400632099741
31361,1739981400631867150,1739981400632508157
31362,1739981400632311742,1739981400632876821
31363,1739981400632730964,1739981400633718217
31364,1739981400633071724,1739981400634441966
31365,1739981400633943135,1739981400634834274
31366,1739981400634636766,1739981400635261540
31367,1739981400635038084,1739981400636014776
31368,1739981400635457363,1739981400636902215
31369,1739981400636331294,1739981400637425607
31370,1739981400637133677,1739981400637895323
31371,1739981400637619349,1739981400638260289
31372,1739981400638127473,1739981400639097581
31373,1739981400638444237,1739981400639739318
31374,1739981400639528544,1739981400640190379
31375,1739981400639966897,1739981400641071120
31376,1739981400640443192,1739981400641654687
31377,1739981400641296677,1739981400641953999
31378,1739981400641858137,1739981400642323320
31379,1739981400642094121,1739981400642747579
31380,1739981400642506431,1739981400643481722
31381,1739981400643149519,1739981400643946994
31382,1739981400643634942,1739981400644497081
31383,1739981400644212573,1739981400644984376
31384,1739981400644752004,1739981400645317587
31385,1739981400645207454,1739981400645766852
31386,1739981400645511917,1739981400646567083
31387,1739981400645950200,1739981400647319639
31388,1739981400646778173,1739981400647852799
31389,1739981400647558563,1739981400648347086
31390,1739981400648089375,1739981400649517988
31391,1739981400648588260,1739981400649900319
31392,1739981400649776869,1739981400650302899
31393,1739981400650102745,1739981400650709514
31394,1739981400650511069,1739981400651563311
31395,1739981400650920598,1739981400652201917
31396,1739981400651760455,1739981400652608190
31397,1739981400652463782,1739981400653085429
31398,1739981400652802872,1739981400654139374
31399,1739981400653328359,1739981400654615819
31400,1739981400654394286,1739981400655059554
31401,1739981400654832868,1739981400655465987
31402,1739981400655209581,1739981400655770005
31403,1739981400655654775,1739981400656504776
31404,1739981400655952836,1739981400657099266
31405,1739981400656679877,1739981400657454868
31406,1739981400657297610,1739981400657786118
31407,1739981400657663451,1739981400658255351
31408,1739981400657981668,1739981400659132501
31409,1739981400658466022,1739981400659921839
31410,1739981400659312639,1739981400660301147
31411,1739981400660152544,1739981400660673288
31412,1739981400660491388,1739981400660999429
31413,1739981400660837049,1739981400661763933
31414,1739981400661181683,1739981400662633277
31415,1739981400661982002,1739981400663134047
31416,1739981400662854169,1739981400663542643
31417,1739981400663325624,1739981400663979091
31418,1739981400663722587,1739981400665202864
31419,1739981400664169825,1739981400665731035
31420,1739981400665367005,1739981400666341775
31421,1739981400666061176,1739981400666713292
31422,1739981400666560777,1739981400667151536
31423,1739981400666926563,1739981400668058407
31424,1739981400667333539,1739981400668532988
31425,1739981400668356709,1739981400668870373
31426,1739981400668779250,1739981400669234720
31427,1739981400669001362,1739981400669943326
31428,1739981400669426534,1739981400670629245
31429,1739981400670223498,1739981400671144038
31430,1739981400670855801,1739981400671524249
31431,1739981400671380805,1739981400671935950
31432,1739981400671750778,1739981400672808900
31433,1739981400672132116,1739981400673281105
31434,1739981400673023905,1739981400673768112
31435,1739981400673712251,1739981400674327017
31436,1739981400674046781,1739981400674776423
31437,1739981400674582876,1739981400675194649
31438,1739981400674976273,1739981400676067876
31439,1739981400675427227,1739981400676628375
31440,1739981400676417207,1739981400677149611
31441,1739981400676823362,1739981400677871208
31442,1739981400677334635,1739981400678613962
31443,1739981400678083763,1739981400679039979
31444,1739981400678862626,1739981400679332061
31445,1739981400679227705,1739981400679649167
31446,1739981400679529304,1739981400680566478
31447,1739981400679869894,1739981400681043777
31448,1739981400680920181,1739981400681430738
31449,1739981400681235253,1739981400681782699
31450,1739981400681638767,1739981400682779583
31451,1739981400681980724,1739981400683297622
31452,1739981400683138269,1739981400683750712
31453,1739981400683511651,1739981400684123845
31454,1739981400683941809,1739981400684589014
31455,1739981400684392330,1739981400685475697
31456,1739981400684783153,1739981400685989721
31457,1739981400685801440,1739981400686456974
31458,1739981400686192472,1739981400686874497
31459,1739981400686664656,1739981400687838030
31460,1739981400687086918,1739981400688483306
31461,1739981400688206216,1739981400688863525
31462,1739981400688719530,1739981400689714299
31463,1739981400689066048,1739981400690565417
31464,1739981400689878306,1739981400690927951
31465,1739981400690784183,1739981400691303847
31466,1739981400691120413,1739981400691673390
31467,1739981400691472120,1739981400692503087
31468,1739981400691847922,1739981400692991631
31469,1739981400692712016,1739981400693393840
31470,1739981400693191698,1739981400693741397
31471,1739981400693604909,1739981400694061127
31472,1739981400693908598,1739981400694459065
31473,1739981400694276196,1739981400695399956
31474,1739981400694628041,1739981400696032107
31475,1739981400695532811,1739981400696498737
31476,1739981400696232415,1739981400696852182
31477,1739981400696679730,1739981400697270421
31478,1739981400697040578,1739981400697681616
31479,1739981400697444673,1739981400698807026
31480,1739981400697852808,1739981400699257630
31481,1739981400699125400,1739981400699588470
31482,1739981400699446229,1739981400699918183
31483,1739981400699797367,1739981400701081422
31484,1739981400700119273,1739981400701548536
31485,1739981400701352198,1739981400702020720
31486,1739981400701748644,1739981400702393552
31487,1739981400702244275,1739981400703278321
31488,1739981400702566765,1739981400704101200
31489,1739981400703446501,1739981400704546043
31490,1739981400704415899,1739981400704960453
31491,1739981400704779344,1739981400705377218
31492,1739981400705175383,1739981400705806137
31493,1739981400705593124,1739981400706376571
31494,1739981400705988431,1739981400707138622
31495,1739981400706615798,1739981400707470865
31496,1739981400707343763,1739981400707822465
31497,1739981400707722599,1739981400708269717
31498,1739981400708034958,1739981400708646958
31499,1739981400708473613,1739981400709483751
31500,1739981400708877791,1739981400710115181
31501,1739981400709657050,1739981400710474837
31502,1739981400710314047,1739981400710835735
31503,1739981400710698854,1739981400711171594
31504,1739981400711048589,1739981400711475769
31505,1739981400711363325,1739981400712329296
31506,1739981400711667173,1739981400713067760
31507,1739981400712566081,1739981400713538019
31508,1739981400713301337,1739981400714491831
31509,1739981400713750346,1739981400715125066
31510,1739981400714745753,1739981400715641419
31511,1739981400715346620,1739981400715979909
31512,1739981400715865780,1739981400716334933
31513,1739981400716179666,1739981400717209226
31514,1739981400716523588,1739981400717687462
31515,1739981400717557409,1739981400718060741
31516,1739981400717895801,1739981400718454112
31517,1739981400718213662,1739981400718774066
31518,1739981400718641449,1739981400719470028
31519,1739981400718956637,1739981400720373863
31520,1739981400719724403,1739981400720739298
31521,1739981400720543841,1739981400721154663
31522,1739981400720934526,1739981400721472917
31523,1739981400721366905,1739981400721803697
31524,1739981400721664480,1739981400722589679
31525,1739981400722004822,1739981400723093702
31526,1739981400722771372,1739981400723629866
31527,1739981400723437862,1739981400724059123
31528,1739981400723874302,1739981400724601574
31529,1739981400724305773,1739981400725109779
31530,1739981400724839712,1739981400726082826
31531,1739981400725331678,1739981400726657726
31532,1739981400726410008,1739981400727083931
31533,1739981400726886499,1739981400727471479
31534,1739981400727285544,1739981400728680400
31535,1739981400727657941,1739981400729132179
31536,1739981400728940503,1739981400729495962
31537,1739981400729322536,1739981400730418485
31538,1739981400729716895,1739981400730989972
31539,1739981400730825539,1739981400731362636
31540,1739981400731246000,1739981400731767047
31541,1739981400731552020,1739981400732465855
31542,1739981400731969938,1739981400733249314
31543,1739981400732636792,1739981400733782458
31544,1739981400733532965,1739981400734133070
31545,1739981400734030515,1739981400734578015
31546,1739981400734380023,1739981400734965310
31547,1739981400734803119,1739981400736142931
31548,1739981400735174049,1739981400736557857
31549,1739981400736380714,1739981400736923359
31550,1739981400736768252,1739981400737321155
31551,1739981400737126362,1739981400737796203
31552,1739981400737529129,1739981400739001420
31553,1739981400737998992,1739981400739410604
31554,1739981400739252734,1739981400739825925
31555,1739981400739677541,1739981400740718932
31556,1739981400740096820,1739981400741566627
31557,1739981400741023907,1739981400741995531
31558,1739981400741822857,1739981400742408773
31559,1739981400742204179,1739981400743180341
31560,1739981400742617031,1739981400743629502
31561,1739981400743335736,1739981400744197352
31562,1739981400743848364,1739981400744650823
31563,1739981400744518986,1739981400744991087
31564,1739981400744856036,1739981400745346717
31565,1739981400745189721,1739981400746268193
31566,1739981400745537416,1739981400746740424
31567,1739981400746478000,1739981400747358806
31568,1739981400747069013,1739981400747811205
31569,1739981400747544929,1739981400748252196
31570,1739981400748077640,1739981400749245038
31571,1739981400748444992,1739981400749953671
31572,1739981400749623709,1739981400750351671
31573,1739981400750205880,1739981400751318154
31574,1739981400750588964,1739981400751817833
31575,1739981400751671560,1739981400752321158
31576,1739981400752039741,1739981400753090209
31577,1739981400752540546,1739981400753906822
31578,1739981400753313442,1739981400754487226
31579,1739981400754124839,1739981400754901002
31580,1739981400754703661,1739981400755257596
31581,1739981400755096296,1739981400756215958
31582,1739981400755492718,1739981400756689090
31583,1739981400756565467,1739981400757094850
31584,1739981400756928495,1739981400757524861
31585,1739981400757289578,1739981400758049125
31586,1739981400757749701,1739981400758663223
31587,1739981400758282066,1739981400759519165
31588,1739981400758963086,1739981400759993075
31589,1739981400759744300,1739981400760444426
31590,1739981400760183893,1739981400760916726
31591,1739981400760624141,1739981400761646554
31592,1739981400761148950,1739981400762461614
31593,1739981400761897536,1739981400762929462
31594,1739981400762671364,1739981400763434215
31595,1739981400763209579,1739981400763967342
31596,1739981400763667494,1739981400765145658
31597,1739981400764191798,1739981400765868617
31598,1739981400765359201,1739981400766285481
31599,1739981400766096142,1739981400766815598
31600,1739981400766518760,1739981400767166716
31601,1739981400767041193,1739981400768022319
31602,1739981400767360963,1739981400768648896
31603,1739981400768418056,1739981400769107332
31604,1739981400768895144,1739981400769518323
31605,1739981400769281696,1739981400770354786
31606,1739981400769703033,1739981400770985669
31607,1739981400770578175,1739981400771409610
31608,1739981400771198858,1739981400771842904
31609,1739981400771592603,1739981400772200209
31610,1739981400772059540,1739981400772611082
31611,1739981400772399503,1739981400773618620
31612,1739981400772796016,1739981400774071004
31613,1739981400773951003,1739981400774546582
31614,1739981400774242312,1739981400774943498
31615,1739981400774761531,1739981400775412299
31616,1739981400775158732,1739981400776221563
31617,1739981400775615932,1739981400776758195
31618,1739981400776407798,1739981400777292124
31619,1739981400777075152,1739981400777698659
31620,1739981400777527919,1739981400778153201
31621,1739981400777913704,1739981400778574972
31622,1739981400778366378,1739981400779436169
31623,1739981400778887303,1739981400780210504
31624,1739981400779761497,1739981400780684944
31625,1739981400780447972,1739981400781482585
31626,1739981400780896115,1739981400782272003
31627,1739981400781747912,1739981400782640665
31628,1739981400782483576,1739981400783064916
31629,1739981400782874397,1739981400783415104
31630,1739981400783236172,1739981400783796627
31631,1739981400783604288,1739981400784169544
31632,1739981400784004573,1739981400784712656
31633,1739981400784442081,1739981400785549208
31634,1739981400784966037,1739981400786148165
31635,1739981400785938566,1739981400786519031
31636,1739981400786365629,1739981400786861794
31637,1739981400786727077,1739981400787778694
31638,1739981400787266351,1739981400788288887
31639,1739981400788125033,1739981400788724094
31640,1739981400788494963,1739981400789110222
31641,1739981400788908831,1739981400789909662
31642,1739981400789295117,1739981400790600347
31643,1739981400790089013,1739981400791102775
31644,1739981400790821694,1739981400791462035
31645,1739981400791242174,1739981400792348236
31646,1739981400791667051,1739981400793016870
31647,1739981400792523141,1739981400793424129
31648,1739981400793225802,1739981400793869556
31649,1739981400793624315,1739981400794367365
31650,1739981400794051394,1739981400794769776
31651,1739981400794608964,1739981400795201550
31652,1739981400794990760,1739981400796009022
31653,1739981400795399195,1739981400796695671
31654,1739981400796143750,1739981400797097565
31655,1739981400796972709,1739981400797547484
31656,1739981400797312430,1739981400797949192
31657,1739981400797773745,1739981400798565553
31658,1739981400798180900,1739981400799356161
31659,1739981400798760574,1739981400799824198
31660,1739981400799602079,1739981400800277362
31661,1739981400800051879,1739981400800727693
31662,1739981400800523892,1739981400801610330
31663,1739981400800927421,1739981400802226549
31664,1739981400801837948,1739981400802802532
31665,1739981400802520325,1739981400803281229
31666,1739981400803028850,1739981400803728509
31667,1739981400803532255,1739981400804843939
31668,1739981400803939608,1739981400805332684
31669,1739981400805152096,1739981400805739599
31670,1739981400805612089,1739981400806140144
31671,1739981400805929489,1739981400806443843
31672,1739981400806329252,1739981400807254734
31673,1739981400806641393,1739981400808040551
31674,1739981400807513556,1739981400808454810
31675,1739981400808254312,1739981400808911208
31676,1739981400808721831,1739981400809316683
31677,1739981400809149001,1739981400809791977
31678,1739981400809558895,1739981400810728001
31679,1739981400810015949,1739981400811345860
31680,1739981400811105480,1739981400811791438
31681,1739981400811627161,1739981400812274278
31682,1739981400811992308,1739981400812974400
31683,1739981400812469369,1739981400813806750
31684,1739981400813227338,1739981400814408748
31685,1739981400814033809,1739981400814817916
31686,1739981400814645786,1739981400815285664
31687,1739981400815019551,1739981400816211133
31688,1739981400815496175,1739981400816733436
31689,1739981400816346958,1739981400817137990
31690,1739981400816976333,1739981400817578384
31691,1739981400817380456,1739981400817945730
31692,1739981400817790249,1739981400818243037
31693,1739981400818174143,1739981400818988622
31694,1739981400818399810,1739981400819850987
31695,1739981400819155478,1739981400820248655
31696,1739981400820062096,1739981400820691693
31697,1739981400820442202,1739981400821194006
31698,1739981400820865777,1739981400822106411
31699,1739981400821395173,1739981400822895409
31700,1739981400822321084,1739981400823379480
31701,1739981400823168798,1739981400823804091
31702,1739981400823605750,1739981400824336911
31703,1739981400824009809,1739981400824791769
31704,1739981400824544164,1739981400825678122
31705,1739981400825040842,1739981400826332264
31706,1739981400825947645,1739981400826812482
31707,1739981400826621756,1739981400827514135
31708,1739981400827053554,1739981400828339735
31709,1739981400827789109,1739981400828725293
31710,1739981400828604789,1739981400829095056
31711,1739981400828939484,1739981400829708933
31712,1739981400829307254,1739981400830441917
31713,1739981400829895059,1739981400831194783
31714,1739981400830677879,1739981400831568963
31715,1739981400831667434,1739981400832204763
31716,1739981400831903840,1739981400832562576
31717,1739981400832463654,1739981400833376818
31718,1739981400832798437,1739981400833906961
31719,1739981400833655788,1739981400834533158
31720,1739981400834261247,1739981400834970100
31721,1739981400834800915,1739981400835389060
31722,1739981400835167405,1739981400836076852
31723,1739981400835641875,1739981400836887911
31724,1739981400836392113,1739981400837369934
31725,1739981400837131416,1739981400838026714
31726,1739981400837592650,1739981400838435363
31727,1739981400838247285,1739981400839569404
31728,1739981400838838197,1739981400840008022
31729,1739981400839824502,1739981400840502923
31730,1739981400840225926,1739981400840886138
31731,1739981400840778200,1739981400841324077
31732,1739981400841070034,1739981400842169133
31733,1739981400841693979,1739981400842680886
31734,1739981400842567898,1739981400843172114
31735,1739981400842933257,1739981400843580505
31736,1739981400843415190,1739981400844644232
31737,1739981400843817159,1739981400845292137
31738,1739981400844865883,1739981400845735899
31739,1739981400845582979,1739981400846207132
31740,1739981400845913893,1739981400847402459
31741,1739981400846422078,1739981400847903945
31742,1739981400847625464,1739981400848360878
31743,1739981400848121859,1739981400848827321
31744,1739981400848570529,1739981400850004457
31745,1739981400849017409,1739981400850487756
31746,1739981400850252048,1739981400850898820
31747,1739981400850707064,1739981400851388568
31748,1739981400851086542,1739981400852694919
31749,1739981400851595646,1739981400853260307
31750,1739981400852957384,1739981400853727024
31751,1739981400853503187,1739981400854704879
31752,1739981400853990252,1739981400855309484
31753,1739981400854958434,1739981400855689872
31754,1739981400855533102,1739981400856100335
31755,1739981400855871756,1739981400856552110
31756,1739981400856300974,1739981400856922834
31757,1739981400856733399,1739981400858000714
31758,1739981400857095768,1739981400858386266
31759,1739981400858273682,1739981400858894684
31760,1739981400858615407,1739981400859331257
31761,1739981400859134254,1739981400860137905
31762,1739981400859578212,1739981400860889819
31763,1739981400860366680,1739981400861329350
31764,1739981400861112136,1739981400861769140
31765,1739981400861567424,1739981400862180354
31766,1739981400861975048,1739981400862631771
31767,1739981400862357097,1739981400863451922
31768,1739981400862828132,1739981400864076167
31769,1739981400863647989,1739981400864620142
31770,1739981400864280660,1739981400865072293
31771,1739981400864832935,1739981400865958292
31772,1739981400865330175,1739981400866637492
31773,1739981400866342476,1739981400867028548
31774,1739981400866846839,1739981400867389986
31775,1739981400867267488,1739981400868623413
31776,1739981400867624893,1739981400869014785
31777,1739981400868848491,1739981400869357746
31778,1739981400869257178,1739981400869698845
31779,1739981400869597093,1739981400870664935
31780,1739981400869898041,1739981400871137334
31781,1739981400871011433,1739981400871626893
31782,1739981400871359218,1739981400872128875
31783,1739981400871875335,1739981400873208805
31784,1739981400872577391,1739981400873665918
31785,1739981400873468658,1739981400874100377
31786,1739981400873928810,1739981400874564440
31787,1739981400874325419,1739981400875034896
31788,1739981400874822382,1739981400875718166
31789,1739981400875252635,1739981400876637327
31790,1739981400875957109,1739981400877045250
31791,1739981400876893477,1739981400877432861
31792,1739981400877236794,1739981400877962238
31793,1739981400877644063,1739981400878925614
31794,1739981400878186138,1739981400879458286
31795,1739981400879253575,1739981400879885645
31796,1739981400879691887,1739981400880724646
31797,1739981400880107127,1739981400881420867
31798,1739981400880958285,1739981400881872822
31799,1739981400881649054,1739981400882205840
31800,1739981400882066259,1739981400882546530
31801,1739981400882395765,1739981400883355670
31802,1739981400882746739,1739981400884017778
31803,1739981400883632609,1739981400884464136
31804,1739981400884218503,1739981400884827712
31805,1739981400884644835,1739981400885322545
31806,1739981400885058122,1739981400886220278
31807,1739981400885567865,1739981400886729844
31808,1739981400886460919,1739981400887202286
31809,1739981400887021044,1739981400887650262
31810,1739981400887424740,1739981400888104106
31811,1739981400887851230,1739981400889002155
31812,1739981400888311608,1739981400889624362
31813,1739981400889272263,1739981400890109963
31814,1739981400889886644,1739981400890954163
31815,1739981400890308892,1739981400891589042
31816,1739981400891398986,1739981400892007491
31817,1739981400891813491,1739981400892936528
31818,1739981400892227040,1739981400893581744
31819,1739981400893156964,1739981400893948373
31820,1739981400893857180,1739981400894419621
31821,1739981400894157733,1739981400894716470
31822,1739981400894620237,1739981400895060089
31823,1739981400894914283,1739981400896008915
31824,1739981400895207099,1739981400896525493
31825,1739981400896339152,1739981400896992011
31826,1739981400896787317,1739981400897377629
31827,1739981400897230358,1739981400898256414
31828,1739981400897594521,1739981400898864211
31829,1739981400898509802,1739981400899375970
31830,1739981400899187143,1739981400899717268
31831,1739981400899619616,1739981400900051704
31832,1739981400899916128,1739981400900864296
31833,1739981400900235231,1739981400901750505
31834,1739981400901048778,1739981400902234617
31835,1739981400901999784,1739981400902632086
31836,1739981400902447836,1739981400903505331
31837,1739981400902863475,1739981400904442965
31838,1739981400903820633,1739981400904890200
31839,1739981400904666118,1739981400905677128
31840,1739981400905097327,1739981400906554910
31841,1739981400905975528,1739981400906946851
31842,1739981400906810637,1739981400907274889
31843,1739981400907194060,1739981400907666648
31844,1739981400907429447,1739981400908274311
31845,1739981400907886519,1739981400908785857
31846,1739981400908515418,1739981400909288383
31847,1739981400909165067,1739981400909738844
31848,1739981400909546259,1739981400910098852
31849,1739981400909947995,1739981400911032723
31850,1739981400910292277,1739981400911615028
31851,1739981400911400281,1739981400912088047
31852,1739981400911848484,1739981400912451191
31853,1739981400912268110,1739981400913414665
31854,1739981400912654055,1739981400913921101
31855,1739981400913769448,1739981400914459599
31856,1739981400914130468,1739981400914868203
31857,1739981400914654592,1739981400915745631
31858,1739981400915104592,1739981400916578307
31859,1739981400915949470,1739981400916932281
31860,1739981400916797406,1739981400917310197
31861,1739981400917122920,1739981400917671423
31862,1739981400917482252,1739981400918005969
31863,1739981400917846227,1739981400918749274
31864,1739981400918188953,1739981400919467475
31865,1739981400919010991,1739981400919845862
31866,1739981400919694081,1739981400920185633
31867,1739981400920097885,1739981400920685435
31868,1739981400920399589,1739981400921010521
31869,1739981400920888759,1739981400922167776
31870,1739981400921207803,1739981400922561374
31871,1739981400922410331,1739981400923060978
31872,1739981400922745165,1739981400923348393
31873,1739981400923201383,1739981400924104749
31874,1739981400923531421,1739981400924743535
31875,1739981400924378193,1739981400925251975
31876,1739981400925045042,1739981400925664460
31877,1739981400925485707,1739981400926518813
31878,1739981400925871303,1739981400927192257
31879,1739981400926880081,1739981400927580021
31880,1739981400927417774,1739981400928286544
31881,1739981400927786308,1739981400928933126
31882,1739981400928536033,1739981400929383277
31883,1739981400929226241,1739981400929746159
31884,1739981400929609641,1739981400930186533
31885,1739981400929926712,1739981400930523570
31886,1739981400930372422,1739981400931314604
31887,1739981400930701025,1739981400931997502
31888,1739981400931554186,1739981400932464720
31889,1739981400932208065,1739981400932834151
31890,1739981400932692159,1739981400933246811
31891,1739981400933052445,1739981400933632418
31892,1739981400933438616,1739981400934631175
31893,1739981400933948408,1739981400935125244
31894,1739981400934829932,1739981400935464538
31895,1739981400935292903,1739981400935863392
31896,1739981400935673559,1739981400936850651
31897,1739981400936048357,1739981400937510861
31898,1739981400937264894,1739981400938044067
31899,1739981400937759034,1739981400938941994
31900,1739981400938216942,1739981400939557906
31901,1739981400939126159,1739981400940096260
31902,1739981400939764035,1739981400940493456
31903,1739981400940293605,1739981400941277507
31904,1739981400940706704,1739981400941942398
31905,1739981400941457963,1739981400942285652
31906,1739981400942149247,1739981400942626874
31907,1739981400942533009,1739981400943061490
31908,1739981400942842954,1739981400943795635
31909,1739981400943200011,1739981400944499938
31910,1739981400944044664,1739981400944877579
31911,1739981400944731192,1739981400945337710
31912,1739981400945062036,1739981400945683515
31913,1739981400945590754,1739981400946113674
31914,1739981400945909063,1739981400947006261
31915,1739981400946328161,1739981400947435764
31916,1739981400947216848,1739981400947977558
31917,1739981400947822731,1739981400948329937
31918,1739981400948208017,1739981400948780266
31919,1739981400948546037,1739981400949102166
31920,1739981400948973950,1739981400949852144
31921,1739981400949612235,1739981400950720017
31922,1739981400950068151,1739981400951119569
31923,1739981400950990818,1739981400951471778
31924,1739981400951348688,1739981400951798129
31925,1739981400951670476,1739981400952393983
31926,1739981400952012353,1739981400953215560
31927,1739981400952694018,1739981400953646745
31928,1739981400953464011,1739981400953942642
31929,1739981400953846434,1739981400954297860
31930,1739981400954123358,1739981400954808067
31931,1739981400954477190,1739981400955657074
31932,1739981400955018519,1739981400956178141
31933,1739981400955980209,1739981400956587882
31934,1739981400956307394,1739981400957061911
31935,1739981400956840478,1739981400957985523
31936,1739981400957221822,1739981400958505053
31937,1739981400958373276,1739981400958873326
31938,1739981400958717600,1739981400959227303
31939,1739981400959091995,1739981400960017307
31940,1739981400959437990,1739981400960788720
31941,1739981400960250328,1739981400961239813
31942,1739981400961039984,1739981400961694439
31943,1739981400961467520,1739981400962031699
31944,1739981400961883334,1739981400962836277
31945,1739981400962296135,1739981400963391288
31946,1739981400963246688,1739981400963734094
31947,1739981400963584565,1739981400964090157
31948,1739981400963931887,1739981400964484811
31949,1739981400964303610,1739981400964819454
31950,1739981400964670029,1739981400965629557
31951,1739981400965062609,1739981400966198503
31952,1739981400966046728,1739981400966625222
31953,1739981400966402976,1739981400966984641
31954,1739981400966807845,1739981400967944671
31955,1739981400967180141,1739981400968452221
31956,1739981400968291764,1739981400968850901
31957,1739981400968676231,1739981400969186853
31958,1739981400969056038,1739981400969982975
31959,1739981400969352084,1739981400970623492
31960,1739981400970372586,1739981400971071689
31961,1739981400970820983,1739981400971466585
31962,1739981400971285387,1739981400972389941
31963,1739981400971662373,1739981400972984450
31964,1739981400972799824,1739981400973361134
31965,1739981400973188943,1739981400974632461
31966,1739981400973564285,1739981400975101786
31967,1739981400974908742,1739981400975544135
31968,1739981400975360088,1739981400976280723
31969,1739981400975787431,1739981400976942831
31970,1739981400976506159,1739981400977315224
31971,1739981400977175127,1739981400977731150
31972,1739981400977520508,1739981400978096715
31973,1739981400977925841,1739981400978422638
31974,1739981400978253198,1739981400979324724
31975,1739981400978608284,1739981400979887515
31976,1739981400979667183,1739981400980354439
31977,1739981400980101447,1739981400980756932
31978,1739981400980570383,1739981400981497465
31979,1739981400980963378,1739981400982186338
31980,1739981400981676628,1739981400982546139
31981,1739981400982426604,1739981400982894014
31982,1739981400982744076,1739981400983306006
31983,1739981400983066940,1739981400983727580
31984,1739981400983477433,1739981400984720502
31985,1739981400983937571,1739981400985446728
31986,1739981400984952648,1739981400985888769
31987,1739981400985671998,1739981400986282983
31988,1739981400986063099,1739981400986667271
31989,1739981400986471448,1739981400987361811
31990,1739981400986876130,1739981400988059637
31991,1739981400987550434,1739981400988439956
31992,1739981400988315162,1739981400988918971
31993,1739981400988651784,1739981400989244716
31994,1739981400989153793,1739981400989612833
31995,1739981400989468345,1739981400990306470
31996,1739981400989813098,1739981400991130783
31997,1739981400990494483,1739981400991548208
31998,1739981400991359603,1739981400991977071
31999,1739981400991745357,1739981400992398959
32000,1739981400992446470,1739981400993406277
32001,1739981400992723397,1739981400993983882
32002,1739981400993698725,1739981400994494154
32003,1739981400994284032,1739981400994895471
32004,1739981400994708865,1739981400995375317
32005,1739981400995095220,1739981400996386302
32006,1739981400995633105,1739981400996944961
32007,1739981400996747437,1739981400997349747
32008,1739981400997167525,1739981400997826723
32009,1739981400997544845,1739981400998674873
32010,1739981400998307110,1739981400999399726
32011,1739981400998832903,1739981400999849239
32012,1739981400999606913,1739981401000247352
32013,1739981401000068365,1739981401000607719
32014,1739981401000452726,1739981401001001288
32015,1739981401000799584,1739981401001678015
32016,1739981401001195225,1739981401002256881
32017,1739981401001875631,1739981401002598674
32018,1739981401002487647,1739981401003038150
32019,1739981401002821897,1739981401003347462
32020,1739981401003270963,1739981401004279348
32021,1739981401003482638,1739981401004978324
32022,1739981401004423416,1739981401005367537
32023,1739981401005235528,1739981401005802782
32024,1739981401005577395,1739981401006159566
32025,1739981401006023130,1739981401007059980
32026,1739981401006342599,1739981401007635357
32027,1739981401007258350,1739981401008053604
32028,1739981401007879369,1739981401008450949
32029,1739981401008225490,1739981401009227646
32030,1739981401008763275,1739981401009726610
32031,1739981401009591799,1739981401010230170
32032,1739981401009971113,1739981401010579562
32033,1739981401010447418,1739981401011453459
32034,1739981401010790764,1739981401012142868
32035,1739981401011720610,1739981401012524018
32036,1739981401012392417,1739981401012880392
32037,1739981401012742327,1739981401013250754
32038,1739981401013072516,1739981401013770204
32039,1739981401013425433,1739981401014518629
32040,1739981401014030616,1739981401015040545
32041,1739981401014738904,1739981401015517089
32042,1739981401015249354,1739981401015932723
32043,1739981401015730672,1739981401016861310
32044,1739981401016130170,1739981401017487776
32045,1739981401017003118,1739981401018090142
32046,1739981401017724274,1739981401018424108
32047,1739981401018195902,1739981401018774932
32048,1739981401018615557,1739981401020014531
32049,1739981401018950822,1739981401020421116
32050,1739981401020302194,1739981401020795817
32051,1739981401020664410,1739981401021180862
32052,1739981401020997580,1739981401022087332
32053,1739981401021389306,1739981401022773008
32054,1739981401022271379,1739981401023221218
32055,1739981401022963562,1739981401023553505
32056,1739981401023423174,1739981401023887263
32057,1739981401023800475,1739981401024433015
32058,1739981401024028404,1739981401024786855
32059,1739981401024645690,1739981401025548846
32060,1739981401025004252,1739981401026292432
32061,1739981401025783915,1739981401026700083
32062,1739981401026549082,1739981401027105747
32063,1739981401026912905,1739981401027486566
32064,1739981401027292334,1739981401028275540
32065,1739981401027652951,1739981401029073954
32066,1739981401028518999,1739981401029526933
32067,1739981401029330204,1739981401029869421
32068,1739981401029716762,1739981401030241206
32069,1739981401030064030,1739981401031192729
32070,1739981401030446807,1739981401031756994
32071,1739981401031557901,1739981401032177557
32072,1739981401032031935,1739981401032517990
32073,1739981401032392774,1739981401033085000
32074,1739981401032683969,1739981401033655494
32075,1739981401033379550,1739981401034229259
32076,1739981401033989610,1739981401034704089
32077,1739981401034576076,1739981401035040974
32078,1739981401034897815,1739981401035473642
32079,1739981401035204246,1739981401036293488
32080,1739981401035666787,1739981401036960877
32081,1739981401036486968,1739981401037330771
32082,1739981401037178043,1739981401037676586
32083,1739981401037539532,1739981401037991542
32084,1739981401037846073,1739981401038891708
32085,1739981401038178951,1739981401039366162
32086,1739981401039228949,1739981401039779917
32087,1739981401039580782,1739981401040241907
32088,1739981401039987601,1739981401041092375
32089,1739981401040414980,1739981401041598210
32090,1739981401041259699,1739981401042069098
32091,1739981401041840356,1739981401042797206
32092,1739981401042267911,1739981401043573894
32093,1739981401042946167,1739981401043961178
32094,1739981401043771940,1739981401044421245
32095,1739981401044217450,1739981401044747223
32096,1739981401044630366,1739981401045190851
32097,1739981401044945065,1739981401045868095
32098,1739981401045403253,1739981401046579590
32099,1739981401046157599,1739981401046969365
32100,1739981401046866725,1739981401047511554
32101,1739981401047152108,1739981401047921503
32102,1739981401047736781,1739981401048784252
32103,1739981401048137708,1739981401049344086
32104,1739981401049154331,1739981401049735264
32105,1739981401049588572,1739981401050085410
32106,1739981401049960729,1739981401050897031
32107,1739981401050398055,1739981401051591577
32108,1739981401051080400,1739981401051962065
32109,1739981401051797885,1739981401052373957
32110,1739981401052187065,1739981401052801972
32111,1739981401052575944,1739981401053673998
32112,1739981401053219484,1739981401054311411
32113,1739981401054051336,1739981401054669351
32114,1739981401054529055,1739981401054989250
32115,1739981401054845732,1739981401055408487
32116,1739981401055187662,1739981401056401160
32117,1739981401055673830,1739981401056785932
32118,1739981401056670919,1739981401057139724
32119,1739981401056909421,1739981401057490274
32120,1739981401057366855,1739981401058026023
32121,1739981401057714245,1739981401058591896
32122,1739981401058287832,1739981401059242263
32123,1739981401058795349,1739981401059760685
32124,1739981401059536451,1739981401060136336
32125,1739981401059948439,1739981401060506711
32126,1739981401060330022,1739981401061518245
32127,1739981401060684239,1739981401062317596
32128,1739981401061709832,1739981401062667553
32129,1739981401062536582,1739981401063040940
32130,1739981401062852377,1739981401063477262
32131,1739981401063250617,1739981401064458616
32132,1739981401063701795,1739981401065074568
32133,1739981401064642703,1739981401065450746
32134,1739981401065317567,1739981401065857634
32135,1739981401065680625,1739981401066217524
32136,1739981401066122538,1739981401066974960
32137,1739981401066685857,1739981401067459093
32138,1739981401067335216,1739981401067881202
32139,1739981401067606761,1739981401068349495
32140,1739981401068113163,1739981401068684023
32141,1739981401068594675,1739981401069477915
32142,1739981401069032846,1739981401070191729
32143,1739981401069633031,1739981401070588875
32144,1739981401070449245,1739981401070932693
32145,1739981401070791976,1739981401071264665
32146,1739981401071157866,1739981401071770539
32147,1739981401071488437,1739981401072656911
32148,1739981401071983071,1739981401073349659
32149,1739981401072940213,1739981401073779758
32150,1739981401073589442,1739981401074763634
32151,1739981401073972286,1739981401075365425
32152,1739981401074981483,1739981401075731690
32153,1739981401075570254,1739981401076520031
32154,1739981401075919402,1739981401077070786
32155,1739981401076739757,1739981401077404544
32156,1739981401077224096,1739981401077877508
32157,1739981401077642300,1739981401078223686
32158,1739981401078077950,1739981401078523721
32159,1739981401078404218,1739981401079526742
32160,1739981401078907940,1739981401080011349
32161,1739981401079797302,1739981401080397626
32162,1739981401080248600,1739981401080841273
32163,1739981401080589363,1739981401082041099
32164,1739981401081024668,1739981401082382970
32165,1739981401082229021,1739981401082707711
32166,1739981401082573030,1739981401083038234
32167,1739981401082921116,1739981401083908719
32168,1739981401083247740,1739981401084780694
32169,1739981401084153309,1739981401085306115
32170,1739981401085020447,1739981401085917809
32171,1739981401085590971,1739981401086308636
32172,1739981401086149652,1739981401087329672
32173,1739981401086522219,1739981401087923576
32174,1739981401087664226,1739981401088378396
32175,1739981401088211476,1739981401089240587
32176,1739981401088626712,1739981401089864687
32177,1739981401089464125,1739981401090265469
32178,1739981401090089729,1739981401090596468
32179,1739981401090487125,1739981401091417003
32180,1739981401090800599,1739981401092092726
32181,1739981401091718371,1739981401092443181
32182,1739981401092305230,1739981401092883689
32183,1739981401092626706,1739981401093205718
32184,1739981401093082904,1739981401093956139
32185,1739981401093391334,1739981401094926250
32186,1739981401094259653,1739981401095425996
32187,1739981401095108478,1739981401095820009
32188,1739981401095611863,1739981401096204021
32189,1739981401096026299,1739981401096604223
32190,1739981401096407471,1739981401097604789
32191,1739981401096900994,1739981401098021625
32192,1739981401097865863,1739981401098430954
32193,1739981401098226525,1739981401099295611
32194,1739981401098642626,1739981401099820081
32195,1739981401099490494,1739981401100363454
32196,1739981401100142904,1739981401100764501
32197,1739981401100599534,1739981401101061049
32198,1739981401100953434,1739981401101777965
32199,1739981401101227850,1739981401102539651
32200,1739981401102052873,1739981401102888114
32201,1739981401102753102,1739981401103203618
32202,1739981401103107410,1739981401103533744
32203,1739981401103337728,1739981401103973988
32204,1739981401103716928,1739981401104455741
32205,1739981401104190238,1739981401105196054
32206,1739981401104633852,1739981401105729222
32207,1739981401105383348,1739981401106243971
32208,1739981401106001600,1739981401106714013
32209,1739981401106440298,1739981401107142574
32210,1739981401106940449,1739981401107962934
32211,1739981401107335558,1739981401108572771
32212,1739981401108192866,1739981401109067368
32213,1739981401108769277,1739981401109404370
32214,1739981401109246906,1739981401110273405
32215,1739981401109613496,1739981401110916828
32216,1739981401110629941,1739981401111292726
32217,1739981401111153216,1739981401111757665
32218,1739981401111495090,1739981401112894126
32219,1739981401111968631,1739981401113249825
32220,1739981401113152289,1739981401113548134
32221,1739981401113371215,1739981401113922611
32222,1739981401113756442,1739981401114377596
32223,1739981401114129972,1739981401114763688
32224,1739981401114597161,1739981401115652212
32225,1739981401114959267,1739981401116456503
32226,1739981401115833259,1739981401116852557
32227,1739981401116698125,1739981401117289783
32228,1739981401117058512,1739981401117713624
32229,1739981401117510228,1739981401118047212
32230,1739981401117937757,1739981401118913314
32231,1739981401118235992,1739981401119470762
32232,1739981401119262155,1739981401119942859
32233,1739981401119710636,1739981401120333488
32234,1739981401120162648,1739981401121248405
32235,1739981401120528993,1739981401121863312
32236,1739981401121616420,1739981401122269666
32237,1739981401122082298,1739981401122942656
32238,1739981401122462739,1739981401123781083
32239,1739981401123200399,1739981401124133395
32240,1739981401124067117,1739981401124541179
32241,1739981401124385941,1739981401124942759
32242,1739981401124766867,1739981401125262086
32243,1739981401125147711,1739981401125635858
32244,1739981401125474953,1739981401126878517
32245,1739981401125871789,1739981401127304086
32246,1739981401127139336,1739981401127762542
32247,1739981401127580287,1739981401128192155
32248,1739981401127975059,1739981401128589868
32249,1739981401128384328,1739981401129583898
32250,1739981401128765323,1739981401129990114
32251,1739981401129829865,1739981401130455505
32252,1739981401130212916,1739981401130883791
32253,1739981401130634495,1739981401131747921
32254,1739981401131103968,1739981401132426743
32255,1739981401131916130,1739981401132912144
32256,1739981401132654764,1739981401133296146
32257,1739981401133120199,1739981401133706687
32258,1739981401133500882,1739981401134537957
32259,1739981401133903584,1739981401135183480
32260,1739981401134715314,1739981401135538452
32261,1739981401135428869,1739981401135923437
32262,1739981401135666628,1739981401136289226
32263,1739981401136159048,1739981401137039568
32264,1739981401136475426,1739981401137702197
32265,1739981401137264681,1739981401138181737
32266,1739981401137948112,1739981401138614698
32267,1739981401138422765,1739981401139044328
32268,1739981401138848494,1739981401139961227
32269,1739981401139236633,1739981401140441760
32270,1739981401140257845,1739981401140833265
32271,1739981401140686022,1739981401141176594
32272,1739981401141014884,1739981401141861042
32273,1739981401141377513,1739981401142643745
32274,1739981401142109438,1739981401143036187
32275,1739981401142895407,1739981401143522722
32276,1739981401143220472,1739981401144436234
32277,1739981401143696740,1739981401145187154
32278,1739981401144570374,1739981401145601514
32279,1739981401145467100,1739981401145925377
32280,1739981401145819719,1739981401146300553
32281,1739981401146113260,1739981401147141711
32282,1739981401146502534,1739981401147865615
32283,1739981401147410415,1739981401148243234
32284,1739981401148226950,1739981401148961104
32285,1739981401148616611,1739981401149562157
32286,1739981401149207083,1739981401150213881
32287,1739981401149765776,1739981401150779698
32288,1739981401150561048,1739981401151306521
32289,1739981401151019337,1739981401151715617
32290,1739981401151527418,1739981401152546659
32291,1739981401151906684,1739981401153234284
32292,1739981401152770826,1739981401153625651
32293,1739981401153460393,1739981401154031656
32294,1739981401153834658,1739981401154635371
32295,1739981401154244232,1739981401155087583
32296,1739981401154834688,1739981401156038542
32297,1739981401155289473,1739981401156533290
32298,1739981401156339177,1739981401156969674
32299,1739981401156717265,1739981401157865143
32300,1739981401157197596,1739981401158597475
32301,1739981401158343407,1739981401159003111
32302,1739981401158872268,1739981401159894160
32303,1739981401159275879,1739981401160583421
32304,1739981401160080374,1739981401160967599
32305,1739981401160832752,1739981401161389382
32306,1739981401161194141,1739981401161740924
32307,1739981401161578635,1739981401162058271
32308,1739981401161918450,1739981401163061445
32309,1739981401162303875,1739981401163540453
32310,1739981401163462338,1739981401163952277
32311,1739981401163710698,1739981401164392704
32312,1739981401164168253,1739981401164720569
32313,1739981401164640439,1739981401165539115
32314,1739981401164856894,1739981401166233207
32315,1739981401165815851,1739981401166648413
32316,1739981401166388503,1739981401167077748
32317,1739981401166878658,1739981401167743278
32318,1739981401167285580,1739981401168311607
32319,1739981401168012560,1739981401168912884
32320,1739981401168648041,1739981401169295955
32321,1739981401169147353,1739981401169627807
32322,1739981401169487473,1739981401170473223
32323,1739981401169827255,1739981401170997731
32324,1739981401170734523,1739981401171402435
32325,1739981401171242013,1739981401171822244
32326,1739981401171607853,1739981401172137408
32327,1739981401172029730,1739981401172468252
32328,1739981401172333818,1739981401173336248
32329,1739981401172639563,1739981401173882231
32330,1739981401173512919,1739981401174434163
32331,1739981401174177830,1739981401174846846
32332,1739981401174662092,1739981401175288947
32333,1739981401175073556,1739981401175635743
32334,1739981401175487647,1739981401176217726
32335,1739981401175843579,1739981401177062309
32336,1739981401176618677,1739981401177569214
32337,1739981401177310044,1739981401177951418
32338,1739981401177791926,1739981401178391357
32339,1739981401178165552,1739981401179317553
32340,1739981401178584135,1739981401179865626
32341,1739981401179639164,1739981401180279832
32342,1739981401180112850,1739981401181025150
32343,1739981401180467111,1739981401181696450
32344,1739981401181194997,1739981401182054598
32345,1739981401181914339,1739981401182413168
32346,1739981401182193732,1739981401182724879
32347,1739981401182626059,1739981401183055896
32348,1739981401182907542,1739981401183795644
32349,1739981401183224986,1739981401184778273
32350,1739981401184064017,1739981401185161486
32351,1739981401185018435,1739981401185624877
32352,1739981401185336086,1739981401186018443
32353,1739981401185809110,1739981401187029724
32354,1739981401186253908,1739981401187680417
32355,1739981401187181134,1739981401188074932
32356,1739981401187904235,1739981401188441818
32357,1739981401188294461,1739981401188833026
32358,1739981401188628340,1739981401189980438
32359,1739981401189271516,1739981401190388251
32360,1739981401190263135,1739981401190815267
32361,1739981401190618774,1739981401191707819
32362,1739981401191014038,1739981401192616680
32363,1739981401191917844,1739981401193036823
32364,1739981401192825046,1739981401193414219
32365,1739981401193201183,1739981401193738474
32366,1739981401193614786,1739981401194645801
32367,1739981401193934314,1739981401195377433
32368,1739981401194937069,1739981401195764784
32369,1739981401195578306,1739981401196106714
32370,1739981401195949864,1739981401196462895
32371,1739981401196290216,1739981401197535738
32372,1739981401196666767,1739981401197887400
32373,1739981401197783307,1739981401198382788
32374,1739981401198058587,1739981401198786239
32375,1739981401198588212,1739981401199634444
32376,1739981401198969794,1739981401200318669
32377,1739981401199773051,1739981401200759621
32378,1739981401200568088,1739981401201106530
32379,1739981401200936392,1739981401201458822
32380,1739981401201306961,1739981401202633440
32381,1739981401201645537,1739981401203010857
32382,1739981401202867582,1739981401203401468
32383,1739981401203259102,1739981401204077597
32384,1739981401203595351,1739981401205056737
32385,1739981401204358325,1739981401205467511
32386,1739981401205219849,1739981401205873266
32387,1739981401205655453,1739981401206181095
32388,1739981401206066170,1739981401207042024
32389,1739981401206394300,1739981401207633851
32390,1739981401207202730,1739981401207999203
32391,1739981401207881709,1739981401208364417
32392,1739981401208245047,1739981401208773000
32393,1739981401208554549,1739981401209843856
32394,1739981401209059961,1739981401210272910
32395,1739981401210099774,1739981401210723392
32396,1739981401210493635,1739981401211061246
32397,1739981401210912749,1739981401211826017
32398,1739981401211206301,1739981401212586395
32399,1739981401212089720,1739981401212965590
32400,1739981401212806081,1739981401213298577
32401,1739981401213180107,1739981401213749287
32402,1739981401213514072,1739981401214893961
32403,1739981401213966463,1739981401215462255
32404,1739981401215210400,1739981401215876064
32405,1739981401215682059,1739981401216277589
32406,1739981401216083010,1739981401217514706
32407,1739981401216493087,1739981401217912826
32408,1739981401217780859,1739981401218374988
32409,1739981401218133940,1739981401218821660
32410,1739981401218569287,1739981401219524684
32411,1739981401219005664,1739981401220226727
32412,1739981401219727086,1739981401220649461
32413,1739981401220463641,1739981401221007747
32414,1739981401220866491,1739981401221351106
32415,1739981401221201294,1739981401221978426
32416,1739981401221552258,1739981401222871165
32417,1739981401222208235,1739981401223286363
32418,1739981401223140119,1739981401223702562
32419,1739981401223499891,1739981401224133291
32420,1739981401223943029,1739981401224582254
32421,1739981401224330862,1739981401225440507
32422,1739981401224774353,1739981401225962535
32423,1739981401225801155,1739981401226458939
32424,1739981401226179310,1739981401226889300
32425,1739981401226689355,1739981401227282094
32426,1739981401227112265,1739981401228287940
32427,1739981401227555692,1739981401228851071
32428,1739981401228619383,1739981401229267335
32429,1739981401229074217,1739981401230059539
32430,1739981401229488100,1739981401230676628
32431,1739981401230287491,1739981401231049769
32432,1739981401230912828,1739981401231485980
32433,1739981401231232280,1739981401231811934
32434,1739981401231678732,1739981401232172385
32435,1739981401232023408,1739981401233254158
32436,1739981401232371692,1739981401233671569
32437,1739981401233502038,1739981401234081690
32438,1739981401233885728,1739981401234669972
32439,1739981401234292606,1739981401235055508
32440,1739981401234878023,1739981401235876066
32441,1739981401235270122,1739981401236671362
32442,1739981401236080975,1739981401237211952
32443,1739981401236906845,1739981401237587305
32444,1739981401237395526,1739981401238489447
32445,1739981401237791573,1739981401238985647
32446,1739981401238796069,1739981401239451674
32447,1739981401239168355,1739981401240286873
32448,1739981401239639371,1739981401240893480
32449,1739981401240550738,1739981401241592198
32450,1739981401241231662,1739981401241998979
32451,1739981401241795250,1739981401242385833
32452,1739981401242169511,1739981401243261524
32453,1739981401242555944,1739981401243799301
32454,1739981401243577228,1739981401244152758
32455,1739981401244000225,1739981401244749404
32456,1739981401244339571,1739981401245078293
32457,1739981401244949209,1739981401245454387
32458,1739981401245295619,1739981401246376138
32459,1739981401245675706,1739981401246945677
32460,1739981401246761699,1739981401247448389
32461,1739981401247192280,1739981401247844815
32462,1739981401247696268,1739981401248553436
32463,1739981401248074747,1739981401249017838
32464,1739981401248772765,1739981401249528288
32465,1739981401249384426,1739981401249885584
32466,1739981401249736775,1739981401250343534
32467,1739981401250136333,1739981401250755292
32468,1739981401250572228,1739981401251830408
32469,1739981401250965204,1739981401252306709
32470,1739981401252054801,1739981401252683465
32471,1739981401252511823,1739981401253049865
32472,1739981401252960780,1739981401253817835
32473,1739981401253234576,1739981401254272616
32474,1739981401253981239,1739981401254896415
32475,1739981401254559069,1739981401255388584
32476,1739981401255074130,1739981401255736601
32477,1739981401255619056,1739981401256086810
32478,1739981401255969538,1739981401256851351
32479,1739981401256279433,1739981401257351990
32480,1739981401257074508,1739981401257929445
32481,1739981401257737984,1739981401258303557
32482,1739981401258127193,1739981401258624146
32483,1739981401258533955,1739981401258943345
32484,1739981401258834722,1739981401259791866
32485,1739981401259172820,1739981401260288395
32486,1739981401260153645,1739981401260747503
32487,1739981401260500234,1739981401261224800
32488,1739981401260941792,1739981401262080019
32489,1739981401261388127,1739981401262599139
32490,1739981401262270299,1739981401263232235
32491,1739981401262765574,1739981401263630579
32492,1739981401263424785,1739981401264019120
32493,1739981401263837694,1739981401264491988
32494,1739981401264254412,1739981401265205787
32495,1739981401264671597,1739981401265797085
32496,1739981401265388941,1739981401266213124
32497,1739981401266031910,1739981401266570307
32498,1739981401266481751,1739981401266910867
32499,1739981401266782817,1739981401267209105
32500,1739981401267108685,1739981401268113296
32501,1739981401267411528,1739981401268638711
32502,1739981401268475827,1739981401269019225
32503,1739981401268839311,1739981401269367256
32504,1739981401269264476,1739981401270244036
32505,1739981401269587823,1739981401271042714
32506,1739981401270449686,1739981401271403669
32507,1739981401271265468,1739981401271803709
32508,1739981401271638354,1739981401272149034
32509,1739981401271999289,1739981401272546266
32510,1739981401272368173,1739981401273785634
32511,1739981401272726739,1739981401274295478
32512,1739981401274009245,1739981401274695171
32513,1739981401274467691,1739981401275150311
32514,1739981401274881896,1739981401276147405
32515,1739981401275375605,1739981401277014423
32516,1739981401276338869,1739981401277469986
32517,1739981401277212445,1739981401277756379
32518,1739981401277648410,1739981401278068742
32519,1739981401277938446,1739981401278831699
32520,1739981401278201822,1739981401279290742
32521,1739981401279063949,1739981401279807456
32522,1739981401279685718,1739981401280240609
32523,1739981401280024347,1739981401280575470
32524,1739981401280447973,1739981401280969961
32525,1739981401280810798,1739981401281801574
32526,1739981401281431273,1739981401282421967
32527,1739981401282178370,1739981401282846248
32528,1739981401282637865,1739981401283214365
32529,1739981401283083490,1739981401283529704
32530,1739981401283431748,1739981401284586363
32531,1739981401283728516,1739981401285198007
32532,1739981401284826455,1739981401285537738
32533,1739981401285433764,1739981401285888591
32534,1739981401285756067,1739981401286880013
32535,1739981401286083102,1739981401287426380
32536,1739981401287271004,1739981401287835761
32537,1739981401287637643,1739981401288247476
32538,1739981401288046041,1739981401289105087
32539,1739981401288430753,1739981401289537928
32540,1739981401289284260,1739981401290050620
32541,1739981401289899123,1739981401290331533
32542,1739981401290212783,1739981401290664389
32543,1739981401290570039,1739981401290994265
32544,1739981401290866701,1739981401291958716
32545,1739981401291192069,1739981401292644274
32546,1739981401292157843,1739981401293124634
32547,1739981401292918940,1739981401293613559
32548,1739981401293330581,1739981401293978271
32549,1739981401293787909,1739981401294439520
32550,1739981401294173333,1739981401295194103
32551,1739981401294679530,1739981401296019433
32552,1739981401295339008,1739981401296539181
32553,1739981401296255932,1739981401296926182
32554,1739981401296770567,1739981401297323749
32555,1739981401297139680,1739981401298497341
32556,1739981401297745080,1739981401298932717
32557,1739981401298729741,1739981401299333257
32558,1739981401299446126,1739981401299915261
32559,1739981401299709152,1739981401300565730
32560,1739981401300121360,1739981401301268678
32561,1739981401300813084,1739981401301717153
32562,1739981401301510866,1739981401302096677
32563,1739981401301937141,1739981401302439228
32564,1739981401302297586,1739981401302793313
32565,1739981401302649903,1739981401303689466
32566,1739981401303010127,1739981401304158480
32567,1739981401303985171,1739981401304700341
32568,1739981401304437432,1739981401305071918
32569,1739981401304946315,1739981401305707553
32570,1739981401305210974,1739981401306347034
32571,1739981401305865789,1739981401306901809
32572,1739981401306729152,1739981401307343735
32573,1739981401307160604,1739981401307832451
32574,1739981401307558189,1739981401308680742
32575,1739981401308021079,1739981401309242059
32576,1739981401308857022,1739981401309759443
32577,1739981401309482529,1739981401310181531
32578,1739981401310002583,1739981401311058194
32579,1739981401310577270,1739981401311599490
32580,1739981401311401651,1739981401311963494
32581,1739981401311823167,1739981401312316114
32582,1739981401312156692,1739981401313064652
32583,1739981401312515438,1739981401313848885
32584,1739981401313339881,1739981401314329886
32585,1739981401314096832,1739981401314717533
32586,1739981401314515210,1739981401315131655
32587,1739981401314895257,1739981401315479933
32588,1739981401315316950,1739981401316364465
32589,1739981401315659189,1739981401317020718
32590,1739981401316688869,1739981401317416402
32591,1739981401317276035,1739981401317813056
32592,1739981401317676857,1739981401318776490
32593,1739981401318038928,1739981401319413919
32594,1739981401319160094,1739981401319843884
32595,1739981401319652240,1739981401320298059
32596,1739981401320057784,1739981401321186881
32597,1739981401320504886,1739981401321790758
32598,1739981401321567919,1739981401322271999
32599,1739981401321981762,1739981401322898031
32600,1739981401322445100,1739981401323827422
32601,1739981401323108836,1739981401324395497
32602,1739981401324094358,1739981401324758333
32603,1739981401324609921,1739981401325101721
32604,1739981401324954409,1739981401325518944
32605,1739981401325292231,1739981401326199395
32606,1739981401325687471,1739981401326907966
32607,1739981401326431681,1739981401327292693
32608,1739981401327160958,1739981401327760195
32609,1739981401327511101,1739981401328156595
32610,1739981401327955610,1739981401329079895
32611,1739981401328368385,1739981401329906171
32612,1739981401329330548,1739981401330302450
32613,1739981401330191754,1739981401330675713
32614,1739981401330493461,1739981401331029473
32615,1739981401330856305,1739981401331490875
32616,1739981401331204012,1739981401332299895
32617,1739981401331779899,1739981401332935222
32618,1739981401332709165,1739981401333419105
32619,1739981401333192187,1739981401334108359
32620,1739981401333659547,1739981401335002955
32621,1739981401334437192,1739981401335500243
32622,1739981401335241145,1739981401335950611
32623,1739981401335689266,1739981401336862452
32624,1739981401336140140,1739981401337405828
32625,1739981401337206323,1739981401337773214
32626,1739981401337611290,1739981401338131747
32627,1739981401337971875,1739981401339268817
32628,1739981401338313129,1739981401339627343
32629,1739981401339528625,1739981401339960325
32630,1739981401339785258,1739981401340368447
32631,1739981401340166439,1739981401340686988
32632,1739981401340552266,1739981401341601673
32633,1739981401340881280,1739981401342188738
32634,1739981401341935891,1739981401342595299
32635,1739981401342376364,1739981401342995452
32636,1739981401342786941,1739981401343745868
32637,1739981401343192161,1739981401344542795
32638,1739981401343930419,1739981401344982780
32639,1739981401344778716,1739981401345318397
32640,1739981401345177281,1739981401345655603
32641,1739981401345493205,1739981401346585564
32642,1739981401345830920,1739981401347162775
32643,1739981401346995346,1739981401347570074
32644,1739981401347421373,1739981401347918711
32645,1739981401347765861,1739981401348923367
32646,1739981401348102935,1739981401349418576
32647,1739981401349229427,1739981401349883278
32648,1739981401349620761,1739981401350235387
32649,1739981401350071000,1739981401350580809
32650,1739981401350422288,1739981401351433365
32651,1739981401350769614,1739981401351999630
32652,1739981401351804109,1739981401352384797
32653,1739981401352233755,1739981401352793088
32654,1739981401352570708,1739981401353579205
32655,1739981401353022669,1739981401354188457
32656,1739981401353989744,1739981401354605145
32657,1739981401354399898,1739981401354982430
32658,1739981401354793041,1739981401355663353
32659,1739981401355171533,1739981401356498237
32660,1739981401355952495,1739981401356944707
32661,1739981401356699632,1739981401357398139
32662,1739981401357165489,1739981401357829502
32663,1739981401357584474,1739981401358685960
32664,1739981401358000363,1739981401359523939
32665,1739981401358893004,1739981401359921999
32666,1739981401359734237,1739981401360344032
32667,1739981401360133145,1739981401360714065
32668,1739981401360548808,1739981401360994710
32669,1739981401360918092,1739981401361706272
32670,1739981401361224844,1739981401362463407
32671,1739981401361945084,1739981401362828255
32672,1739981401362650008,1739981401363165492
32673,1739981401363037554,1739981401363458019
32674,1739981401363344238,1739981401364317771
32675,1739981401363635869,1739981401364902042
32676,1739981401364550537,1739981401365386582
32677,1739981401365152890,1739981401365802572
32678,1739981401365605436,1739981401366855289
32679,1739981401366030313,1739981401367349680
32680,1739981401367223193,1739981401367763022
32681,1739981401367591977,1739981401368145652
32682,1739981401367952481,1739981401369266326
32683,1739981401368302936,1739981401369677097
32684,1739981401369479216,1739981401370101863
32685,1739981401369944303,1739981401370508014
32686,1739981401370297733,1739981401371511790
32687,1739981401370695204,1739981401372058697
32688,1739981401371847813,1739981401372456086
32689,1739981401372265956,1739981401373331609
32690,1739981401372691313,1739981401374007823
32691,1739981401373530251,1739981401374554767
32692,1739981401374219155,1739981401374916005
32693,1739981401374795868,1739981401375262482
32694,1739981401375155922,1739981401375707456
32695,1739981401375497510,1739981401376461021
32696,1739981401375970275,1739981401377155718
32697,1739981401376716027,1739981401377506495
32698,1739981401377372970,1739981401377991677
32699,1739981401377691853,1739981401378374423
32700,1739981401378186415,1739981401379154298
32701,1739981401378566860,1739981401379801065
32702,1739981401379375637,1739981401380178053
32703,1739981401379999535,1739981401380629154
32704,1739981401380412359,1739981401381483262
32705,1739981401380891317,1739981401382220347
32706,1739981401381736145,1739981401382610919
32707,1739981401382471065,1739981401383023645
32708,1739981401382799648,1739981401384366618
32709,1739981401383214882,1739981401384746910
32710,1739981401384622254,1739981401385184845
32711,1739981401384960963,1739981401386056375
32712,1739981401385405365,1739981401386742302
32713,1739981401386333090,1739981401387163423
32714,1739981401387030688,1739981401387628503
32715,1739981401387407155,1739981401387976637
32716,1739981401387846738,1739981401388675132
32717,1739981401388192730,1739981401389410872
32718,1739981401388900436,1739981401389951380
32719,1739981401389626715,1739981401390291414
32720,1739981401390166808,1739981401390740199
32721,1739981401390490267,1739981401391602739
32722,1739981401390937804,1739981401392296294
32723,1739981401391828579,1739981401392665495
32724,1739981401392486966,1739981401393038030
32725,1739981401392834424,1739981401393905471
32726,1739981401393215722,1739981401394550507
32727,1739981401394229585,1739981401395042439
32728,1739981401394749408,1739981401395436508
32729,1739981401395211085,1739981401396274758
32730,1739981401395612279,1739981401396909577
32731,1739981401396601897,1739981401397318201
32732,1739981401397102999,1739981401397839807
32733,1739981401397514710,1739981401398528066
32734,1739981401397968637,1739981401399051249
32735,1739981401398938045,1739981401399369762
32736,1739981401399216327,1739981401399799179
32737,1739981401399560967,1739981401400164403
32738,1739981401400015190,1739981401400968406
32739,1739981401400345754,1739981401401823437
32740,1739981401401213277,1739981401402230588
32741,1739981401402038197,1739981401402632352
32742,1739981401402425221,1739981401403018140
32743,1739981401402828071,1739981401403388381
32744,1739981401403215615,1739981401404600463
32745,1739981401403566170,1739981401405105806
32746,1739981401404814566,1739981401405499129
32747,1739981401405268538,1739981401406415390
32748,1739981401405719299,1739981401407276395
32749,1739981401406944983,1739981401407798064
32750,1739981401407481743,1739981401408167913
32751,1739981401407989524,1739981401409040840
32752,1739981401408351394,1739981401409744302
32753,1739981401409183826,1739981401410184773
32754,1739981401409965930,1739981401410525146
32755,1739981401410447083,1739981401411426302
32756,1739981401410676597,1739981401411969338
32757,1739981401411715050,1739981401412318324
32758,1739981401412165422,1739981401412743655
32759,1739981401412520813,1739981401413126986
32760,1739981401412926241,1739981401413926719
32761,1739981401413299608,1739981401414378015
32762,1739981401414225024,1739981401415063595
32763,1739981401414716569,1739981401415397444
32764,1739981401415208510,1739981401415780760
32765,1739981401415600634,1739981401416523401
32766,1739981401415963354,1739981401417431942
32767,1739981401416761542,1739981401417944097
32768,1739981401417688905,1739981401418310015
32769,1739981401418147451,1739981401418650120
32770,1739981401418534980,1739981401419555372
32771,1739981401418836990,1739981401420379720
32772,1739981401419807133,1739981401420741472
32773,1739981401420547835,1739981401421076533
32774,1739981401420960578,1739981401421447692
32775,1739981401421202725,1739981401422412665
32776,1739981401421633176,1739981401423000940
32777,1739981401422700518,1739981401423442304
32778,1739981401423237277,1739981401423750961
32779,1739981401423648985,1739981401424531198
32780,1739981401423952436,1739981401425257548
32781,1739981401424802141,1739981401425621488
32782,1739981401425494366,1739981401425925364
32783,1739981401425837604,1739981401426248364
32784,1739981401426144694,1739981401426688984
32785,1739981401426439239,1739981401427497150
32786,1739981401426893765,1739981401428222173
32787,1739981401427660884,1739981401428620082
32788,1739981401428435207,1739981401428979193
32789,1739981401428854976,1739981401429333011
32790,1739981401429196855,1739981401429663839
32791,1739981401429541007,1739981401430772195
32792,1739981401429876043,1739981401431124698
32793,1739981401430994631,1739981401431517660
32794,1739981401431299604,1739981401431947575
32795,1739981401431704215,1739981401432836593
32796,1739981401432111444,1739981401433298071
32797,1739981401433200463,1739981401433636573
32798,1739981401433437146,1739981401433995996
32799,1739981401433832978,1739981401434793830
32800,1739981401434183855,1739981401435600643
32801,1739981401435031502,1739981401435949526
32802,1739981401435798088,1739981401436307672
32803,1739981401436160226,1739981401436689795
32804,1739981401436518887,1739981401437090400
32805,1739981401436884998,1739981401437979329
32806,1739981401437306703,1739981401438570121
32807,1739981401438301321,1739981401438975612
32808,1739981401438749801,1739981401439322287
32809,1739981401439170077,1739981401439959382
32810,1739981401439501069,1739981401440909057
32811,1739981401440232418,1739981401441296545
32812,1739981401441155518,1739981401441680847
32813,1739981401441533583,1739981401442114327
32814,1739981401441914356,1739981401442752305
32815,1739981401442319290,1739981401443505772
32816,1739981401442982364,1739981401443951858
32817,1739981401443762565,1739981401444376067
32818,1739981401444188201,1739981401444720751
32819,1739981401444602893,1739981401445107571
32820,1739981401444912330,1739981401445858266
32821,1739981401445302266,1739981401446491671
32822,1739981401446103820,1739981401446987929
32823,1739981401446752801,1739981401447387684
32824,1739981401447190782,1739981401447805799
32825,1739981401447655095,1739981401448531562
32826,1739981401448030135,1739981401449355578
32827,1739981401448830594,1739981401449791459
32828,1739981401449606521,1739981401450150566
32829,1739981401449998473,1739981401450516002
32830,1739981401450367159,1739981401450954215
32831,1739981401450743771,1739981401451788434
32832,1739981401451269562,1739981401452391268
32833,1739981401452010740,1739981401452817579
32834,1739981401452623624,1739981401453207232
32835,1739981401453013960,1739981401454062859
32836,1739981401453375821,1739981401454658189
32837,1739981401454269698,1739981401455658357
32838,1739981401454850127,1739981401456084300
32839,1739981401456001259,1739981401456540105
32840,1739981401456259695,1739981401456855127
32841,1739981401456734937,1739981401457171695
32842,1739981401457044776,1739981401457626057
32843,1739981401457503134,1739981401458408090
32844,1739981401457829171,1739981401458977798
32845,1739981401458702283,1739981401459416564
32846,1739981401459223959,1739981401459793294
32847,1739981401459617437,1739981401460132129
32848,1739981401459969630,1739981401460446404
32849,1739981401460314276,1739981401460751804
32850,1739981401460638475,1739981401461660806
32851,1739981401460919110,1739981401462139444
32852,1739981401462058864,1739981401462612443
32853,1739981401462320670,1739981401463076940
32854,1739981401462892154,1739981401463385156
32855,1739981401463262526,1739981401463702765
32856,1739981401463574918,1739981401464635700
32857,1739981401463895657,1739981401465104642
32858,1739981401464815373,1739981401465532569
32859,1739981401465440089,1739981401465943252
32860,1739981401465687489,1739981401466271445
32861,1739981401466178559,1739981401466601267
32862,1739981401466384926,1739981401467025130
32863,1739981401466791362,1739981401467428186
32864,1739981401467256516,1739981401467830299
32865,1739981401467640608,1739981401468203246
32866,1739981401468043201,1739981401469088036
32867,1739981401468390269,1739981401469622168
32868,1739981401469427957,1739981401469998171
32869,1739981401469834737,1739981401470465033
32870,1739981401470230340,1739981401470943379
32871,1739981401470654746,1739981401471319824
32872,1739981401471122391,1739981401471665710
32873,1739981401471533676,1739981401472881991
32874,1739981401471843210,1739981401473320682
32875,1739981401473166216,1739981401473749164
32876,1739981401473531477,1739981401474129860
32877,1739981401473935478,1739981401474577450
32878,1739981401474329308,1739981401474908928
32879,1739981401474769376,1739981401475298575
32880,1739981401475085437,1739981401476104591
32881,1739981401475480761,1739981401476717267
32882,1739981401476313933,1739981401477051550
32883,1739981401476964418,1739981401477528547
32884,1739981401477237851,1739981401477882270
32885,1739981401477726443,1739981401478253335
32886,1739981401478056116,1739981401478606429
32887,1739981401478461593,1739981401479492157
32888,1739981401478804947,1739981401480043498
32889,1739981401479891972,1739981401480411193
32890,1739981401480248210,1739981401480748527
32891,1739981401480621932,1739981401481198758
32892,1739981401480947765,1739981401481885511
32893,1739981401481430401,1739981401482644955
32894,1739981401482031865,1739981401483125490
32895,1739981401482883602,1739981401483570181
32896,1739981401483354353,1739981401483952474
32897,1739981401483761982,1739981401484372372
32898,1739981401484163467,1739981401484700190
32899,1739981401484556751,1739981401485037306
32900,1739981401484916322,1739981401485983392
32901,1739981401485204010,1739981401486695653
32902,1739981401486154239,1739981401487017667
32903,1739981401486900357,1739981401487413631
32904,1739981401487216781,1739981401487906647
32905,1739981401487651746,1739981401488299341
32906,1739981401488145031,1739981401488765294
32907,1739981401488482033,1739981401489656803
32908,1739981401488964300,1739981401490271583
32909,1739981401490009575,1739981401490701062
32910,1739981401490474516,1739981401491042349
32911,1739981401490945665,1739981401491386975
32912,1739981401491230050,1739981401491857491
32913,1739981401491590792,1739981401492860947
32914,1739981401492074457,1739981401493491013
32915,1739981401493226958,1739981401493873396
32916,1739981401493714054,1739981401494374130
32917,1739981401494064415,1739981401494875705
32918,1739981401494546698,1739981401495754783
32919,1739981401495060849,1739981401496427835
32920,1739981401496019206,1739981401496851365
32921,1739981401496688499,1739981401497187253
32922,1739981401497061149,1739981401497519352
32923,1739981401497420427,1739981401498204694
32924,1739981401497742506,1739981401499001133
32925,1739981401498468213,1739981401499364829
32926,1739981401499255305,1739981401499701335
32927,1739981401499559557,1739981401500153472
32928,1739981401499895452,1739981401500467440
32929,1739981401500371005,1739981401500880439
32930,1739981401500654356,1739981401501725419
32931,1739981401501065931,1739981401502448629
32932,1739981401502167006,1739981401502835333
32933,1739981401502711788,1739981401503189496
32934,1739981401503079944,1739981401503622518
32935,1739981401503413875,1739981401504023623
32936,1739981401503805476,1739981401504425524
32937,1739981401504197761,1739981401505467414
32938,1739981401504595252,1739981401505965353
32939,1739981401505835971,1739981401506386901
32940,1739981401506210649,1739981401506748432
32941,1739981401506632052,1739981401507089703
32942,1739981401506939152,1739981401507788211
32943,1739981401507332857,1739981401508546887
32944,1739981401508035223,1739981401508894138
32945,1739981401508770609,1739981401509198861
32946,1739981401509096045,1739981401509623857
32947,1739981401509398770,1739981401509966922
32948,1739981401509812550,1739981401510352440
32949,1739981401510149700,1739981401511145783
32950,1739981401510663558,1739981401511687546
32951,1739981401511541383,1739981401512079672
32952,1739981401511833198,1739981401512483256
32953,1739981401512317343,1739981401512856786
32954,1739981401512723297,1739981401513296486
32955,1739981401513051777,1739981401514647833
32956,1739981401513503069,1739981401515196788
32957,1739981401514934239,1739981401515593510
32958,1739981401515426339,1739981401515975756
32959,1739981401515844892,1739981401516466842
32960,1739981401516208136,1739981401517381850
32961,1739981401516669160,1739981401517940114
32962,1739981401517766637,1739981401518417994
32963,1739981401518182507,1739981401518758729
32964,1739981401518631368,1739981401519123896
32965,1739981401518965563,1739981401519595759
32966,1739981401519327385,1739981401520451387
32967,1739981401519789668,1739981401520941676
32968,1739981401520696787,1739981401521554128
32969,1739981401521339099,1739981401521977934
32970,1739981401521816110,1739981401522435889
32971,1739981401522232961,1739981401522843802
32972,1739981401522644613,1739981401523305380
32973,1739981401523042767,1739981401524519122
32974,1739981401523486530,1739981401524932462
32975,1739981401524771933,1739981401525352007
32976,1739981401525172297,1739981401525731975
32977,1739981401525562303,1739981401526183184
32978,1739981401525925544,1739981401526933187
32979,1739981401526388330,1739981401527797891
32980,1739981401527253705,1739981401528235178
32981,1739981401528070033,1739981401528756408
32982,1739981401528441978,1739981401529179248
32983,1739981401528945788,1739981401529513736
32984,1739981401529370742,1739981401530271656
32985,1739981401529696604,1739981401530942210
32986,1739981401530590584,1739981401531304657
32987,1739981401531176781,1739981401531785837
32988,1739981401531521426,1739981401532113669
32989,1739981401531997635,1739981401532426213
32990,1739981401532300591,1739981401532866334
32991,1739981401532603449,1739981401533221809
32992,1739981401533048168,1739981401534061524
32993,1739981401533384894,1739981401534864007
32994,1739981401534252699,1739981401535344785
32995,1739981401535094021,1739981401535743485
32996,1739981401535551386,1739981401536121650
32997,1739981401535958806,1739981401536481966
32998,1739981401536320129,1739981401536816795
32999,1739981401536681301,1739981401537647076
33000,1739981401537010654,1739981401538497797
33001,1739981401537817045,1739981401538900965
33002,1739981401538731349,1739981401539306594
33003,1739981401539085009,1739981401539719968
33004,1739981401539490421,1739981401540066389
33005,1739981401539908194,1739981401540420155
33006,1739981401540279653,1739981401541370357
33007,1739981401540607057,1739981401541957288
33008,1739981401541614466,1739981401542300957
33009,1739981401542171072,1739981401542709293
33010,1739981401542542349,1739981401543017345
33011,1739981401542917127,1739981401543345993
33012,1739981401543246448,1739981401543777053
33013,1739981401543455666,1739981401544137652
33014,1739981401543998686,1739981401544568572
33015,1739981401544356916,1739981401545371617
33016,1739981401544755762,1739981401546138664
33017,1739981401545524205,1739981401546509793
33018,1739981401546371347,1739981401546916944
33019,1739981401546697021,1739981401547378770
33020,1739981401547138647,1739981401547874663
33021,1739981401547593346,1739981401548208956
33022,1739981401548080741,1739981401548999041
33023,1739981401548402931,1739981401549835195
33024,1739981401549189096,1739981401550254566
33025,1739981401550081056,1739981401550626317
33026,1739981401550475626,1739981401550973863
33027,1739981401550847084,1739981401551277758
33028,1739981401551182205,1739981401552111819
33029,1739981401551471044,1739981401552857625
33030,1739981401552302559,1739981401553247756
33031,1739981401553121614,1739981401553559612
33032,1739981401553482224,1739981401553936102
33033,1739981401553762418,1739981401554482787
33034,1739981401554144107,1739981401554809137
33035,1739981401554687410,1739981401555265787
33036,1739981401555007212,1739981401556129686
33037,1739981401555465778,1739981401556895333
33038,1739981401556452552,1739981401557246771
33039,1739981401557106266,1739981401557653894
33040,1739981401557460213,1739981401558067858
33041,1739981401557854328,1739981401559091369
33042,1739981401558282110,1739981401559858613
33043,1739981401559293233,1739981401560287284
33044,1739981401560143459,1739981401560654355
33045,1739981401560547409,1739981401561134172
33046,1739981401560871073,1739981401561557913
33047,1739981401561336295,1739981401561888933
33048,1739981401561788131,1739981401562587109
33049,1739981401562055989,1739981401563323382
33050,1739981401562880691,1739981401563708852
33051,1739981401563584529,1739981401564136731
33052,1739981401563905380,1739981401564538865
33053,1739981401564362941,1739981401564892342
33054,1739981401564739109,1739981401565380058
33055,1739981401565070713,1739981401565715535
33056,1739981401565600284,1739981401566098039
33057,1739981401565915999,1739981401566718948
33058,1739981401566282637,1739981401567526875
33059,1739981401566966805,1739981401567943046
33060,1739981401567794156,1739981401568314652
33061,1739981401568132279,1739981401568738426
33062,1739981401568511644,1739981401569083797
33063,1739981401568942920,1739981401569442155
33064,1739981401569258012,1739981401570443953
33065,1739981401569627683,1739981401571058284
33066,1739981401570714232,1739981401571474659
33067,1739981401571289290,1739981401571835612
33068,1739981401571682546,1739981401572145080
33069,1739981401572053687,1739981401572443647
33070,1739981401572337567,1739981401572813894
33071,1739981401572633133,1739981401573573472
33072,1739981401573006548,1739981401574093481
33073,1739981401573809527,1739981401574627978
33074,1739981401574537097,1739981401575067099
33075,1739981401574840263,1739981401575434949
33076,1739981401575211013,1739981401575843265
33077,1739981401575628385,1739981401576176056
33078,1739981401576029115,1739981401576967784
33079,1739981401576410838,1739981401577635384
33080,1739981401577214265,1739981401577997207
33081,1739981401577873367,1739981401578503680
33082,1739981401578211733,1739981401578838464
33083,1739981401578685699,1739981401579236865
33084,1739981401579025336,1739981401579639444
33085,1739981401579413383,1739981401580625742
33086,1739981401579841467,1739981401581225374
33087,1739981401580762609,1739981401581610284
33088,1739981401581415704,1739981401581964246
33089,1739981401581819750,1739981401582272503
33090,1739981401582154214,1739981401582669714
33091,1739981401582473201,1739981401583636107
33092,1739981401582852864,1739981401584080070
33093,1739981401583998561,1739981401584553437
33094,1739981401584275020,1739981401584993691
33095,1739981401584805965,1739981401585320033
33096,1739981401585219639,1739981401585720285
33097,1739981401585520277,1739981401586450007
33098,1739981401585925730,1739981401587218892
33099,1739981401586663714,1739981401587613127
33100,1739981401587461492,1739981401588008895
33101,1739981401587919382,1739981401588411875
33102,1739981401588149665,1739981401588835066
33103,1739981401588589267,1739981401589303674
33104,1739981401589043415,1739981401590347688
33105,1739981401589532007,1739981401590915810
33106,1739981401590708224,1739981401591316739
33107,1739981401591128180,1739981401591783007
33108,1739981401591519075,1739981401592160100
33109,1739981401592005237,1739981401593145297
33110,1739981401592365810,1739981401593712089
33111,1739981401593455021,1739981401594095953
33112,1739981401593978513,1739981401594611005
33113,1739981401594292097,1739981401595053822
33114,1739981401594800188,1739981401595402996
33115,1739981401595244435,1739981401595716154
33116,1739981401595580584,1739981401596605065
33117,1739981401595889660,1739981401597149766
33118,1739981401596865635,1739981401597657876
33119,1739981401597440784,1739981401597999939
33120,1739981401597864239,1739981401598332485
33121,1739981401598279420,1739981401598712951
33122,1739981401598486584,1739981401599076130
33123,1739981401598951474,1739981401599848009
33124,1739981401599207151,1739981401600605875
33125,1739981401600349141,1739981401600989759
33126,1739981401600837145,1739981401601400202
33127,1739981401601219114,1739981401601840764
33128,1739981401601598582,1739981401602506169
33129,1739981401602185303,1739981401603428743
33130,1739981401602731865,1739981401603832078
33131,1739981401603629189,1739981401604204455
33132,1739981401604095173,1739981401604554317
33133,1739981401604386606,1739981401604940150
33134,1739981401604795213,1739981401605279944
33135,1739981401605135625,1739981401605585018
33136,1739981401605465988,1739981401606489096
33137,1739981401605782980,1739981401606875165
33138,1739981401606680247,1739981401607477607
33139,1739981401607146114,1739981401607880612
33140,1739981401607716078,1739981401608276939
33141,1739981401608104351,1739981401608665290
33142,1739981401608522934,1739981401609030587
33143,1739981401608886061,1739981401609895569
33144,1739981401609238867,1739981401610705414
33145,1739981401610169766,1739981401611185167
33146,1739981401610948474,1739981401611574427
33147,1739981401611427368,1739981401611923109
33148,1739981401611805373,1739981401612448147
33149,1739981401612127957,1739981401612851702
33150,1739981401612662871,1739981401613632762
33151,1739981401613059779,1739981401614464887
33152,1739981401613850948,1739981401614809078
33153,1739981401614724547,1739981401615097862
33154,1739981401614947270,1739981401615489906
33155,1739981401615295291,1739981401615813535
33156,1739981401615669139,1739981401616104316
33157,1739981401616009443,1739981401616499080
33158,1739981401616276557,1739981401617307659
33159,1739981401616696303,1739981401618034835
33160,1739981401617551011,1739981401618370422
33161,1739981401618271383,1739981401618716630
33162,1739981401618484811,1739981401619080915
33163,1739981401618910797,1739981401619424896
33164,1739981401619277483,1739981401619864578
33165,1739981401619628591,1739981401620328461
33166,1739981401620053258,1739981401621033443
33167,1739981401620503382,1739981401621667236
33168,1739981401621461992,1739981401622058245
33169,1739981401621915161,1739981401622449348
33170,1739981401622238228,1739981401622853595
33171,1739981401622674249,1739981401623446048
33172,1739981401623084200,1739981401623996412
33173,1739981401623746358,1739981401624678954
33174,1739981401624340465,1739981401625000392
33175,1739981401624921530,1739981401625313480
33176,1739981401625131854,1739981401625669968
33177,1739981401625516269,1739981401626083109
33178,1739981401625849652,1739981401626987388
33179,1739981401626298174,1739981401627801354
33180,1739981401627208423,1739981401628299253
33181,1739981401628014443,1739981401628665924
33182,1739981401628550954,1739981401628967439
33183,1739981401628850143,1739981401629281558
33184,1739981401629159419,1739981401630240192
33185,1739981401629503797,1739981401630965317
33186,1739981401630531290,1739981401631425820
33187,1739981401631238549,1739981401631795701
33188,1739981401631647281,1739981401632307071
33189,1739981401631977965,1739981401632716343
33190,1739981401632499667,1739981401633429528
33191,1739981401632899257,1739981401634288950
33192,1739981401633836836,1739981401634700344
33193,1739981401634588564,1739981401635009200
33194,1739981401634912000,1739981401635394970
33195,1739981401635211156,1739981401635739559
33196,1739981401635604856,1739981401636066879
33197,1739981401635940814,1739981401636469219
33198,1739981401636226181,1739981401637270517
33199,1739981401636699735,1739981401638125445
33200,1739981401637522023,1739981401638538913
33201,1739981401638363505,1739981401639021995
33202,1739981401638738293,1739981401639505017
33203,1739981401639219747,1739981401639977987
33204,1739981401639702906,1739981401640334816
33205,1739981401640142127,1739981401641254622
33206,1739981401640500323,1739981401641795945
33207,1739981401641596185,1739981401642304575
33208,1739981401642032389,1739981401642679712
33209,1739981401642507265,1739981401643023068
33210,1739981401642874358,1739981401643948511
33211,1739981401643199141,1739981401644573297
33212,1739981401644165949,1739981401644972524
33213,1739981401644781427,1739981401645381432
33214,1739981401645163817,1739981401645712016
33215,1739981401645552698,1739981401646504198
33216,1739981401645901364,1739981401647332199
33217,1739981401646795656,1739981401647667256
33218,1739981401647577963,1739981401648040389
33219,1739981401647853579,1739981401648526697
33220,1739981401648241151,1739981401648918634
33221,1739981401648762371,1739981401649324279
33222,1739981401649138091,1739981401649990920
33223,1739981401649547117,1739981401650851437
33224,1739981401650284079,1739981401651242570
33225,1739981401651105333,1739981401651621453
33226,1739981401651482545,1739981401651992185
33227,1739981401651838270,1739981401652446061
33228,1739981401652184572,1739981401652915125
33229,1739981401652632559,1739981401653718926
33230,1739981401653121759,1739981401654567239
33231,1739981401653975851,1739981401655081554
33232,1739981401654746775,1739981401655479339
33233,1739981401655281887,1739981401655899644
33234,1739981401655706166,1739981401656264164
33235,1739981401656091871,1739981401656589875
33236,1739981401656456212,1739981401657468026
33237,1739981401656793217,1739981401658078081
33238,1739981401657839483,1739981401658457711
33239,1739981401658311956,1739981401658780080
33240,1739981401658655558,1739981401659167384
33241,1739981401658974125,1739981401659637858
33242,1739981401659368701,1739981401660468097
33243,1739981401659819708,1739981401661242989
33244,1739981401660713064,1739981401661645710
33245,1739981401661487776,1739981401662166474
33246,1739981401661875282,1739981401662600460
33247,1739981401662291706,1739981401662962387
33248,1739981401662802438,1739981401663348073
33249,1739981401663141914,1739981401664287417
33250,1739981401663536399,1739981401665046729
33251,1739981401664478870,1739981401665495717
33252,1739981401665217275,1739981401665962219
33253,1739981401665727613,1739981401666372764
33254,1739981401666221112,1739981401666724648
33255,1739981401666587200,1739981401667614605
33256,1739981401666917635,1739981401668609590
33257,1739981401667839306,1739981401669028059
33258,1739981401668826485,1739981401669521117
33259,1739981401669208525,1739981401669792399
33260,1739981401669686811,1739981401670067665
33261,1739981401669983187,1739981401670954032
33262,1739981401670209477,1739981401671489551
33263,1739981401671277269,1739981401671850079
33264,1739981401671691575,1739981401672221719
33265,1739981401672086088,1739981401672753930
33266,1739981401672447232,1739981401673101888
33267,1739981401672941461,1739981401673953555
33268,1739981401673280587,1739981401674797835
33269,1739981401674242828,1739981401675198032
33270,1739981401675038467,1739981401675574317
33271,1739981401675396135,1739981401676003884
33272,1739981401675748952,1739981401676477027
33273,1739981401676197059,1739981401677317983
33274,1739981401676701507,1739981401677864852
33275,1739981401677544821,1739981401678446612
33276,1739981401678202005,1739981401678804457
33277,1739981401678665733,1739981401679249251
33278,1739981401679043846,1739981401679651236
33279,1739981401679461633,1739981401679994608
33280,1739981401679891844,1739981401680676917
33281,1739981401680237024,1739981401681474301
33282,1739981401680918611,1739981401681863732
33283,1739981401681705441,1739981401682229009
33284,1739981401682098949,1739981401682617772
33285,1739981401682371353,1739981401683021469
33286,1739981401682809424,1739981401683367870
33287,1739981401683209288,1739981401684190401
33288,1739981401683558684,1739981401684922852
33289,1739981401684541616,1739981401685318430
33290,1739981401685203427,1739981401685627222
33291,1739981401685540673,1739981401686003942
33292,1739981401685829805,1739981401686394986
33293,1739981401686202958,1739981401686795613
33294,1739981401686580368,1739981401687638767
33295,1739981401686991014,1739981401688358119
33296,1739981401687904951,1739981401688898570
33297,1739981401688613280,1739981401689278081
33298,1739981401689075548,1739981401689632584
33299,1739981401689453109,1739981401690023798
33300,1739981401689820034,1739981401690337531
33301,1739981401690193839,1739981401691002497
33302,1739981401690541330,1739981401691787136
33303,1739981401691197655,1739981401692141499
33304,1739981401691973701,1739981401692513939
33305,1739981401692386729,1739981401692882314
33306,1739981401692709296,1739981401693261315
33307,1739981401693053301,1739981401693659726
33308,1739981401693454815,1739981401694718835
33309,1739981401693819867,1739981401695193179
33310,1739981401694914185,1739981401695565778
33311,1739981401695383962,1739981401695939740
33312,1739981401695756397,1739981401696337470
33313,1739981401696132861,1739981401696889635
33314,1739981401696526052,1739981401697683181
33315,1739981401697133393,1739981401698147952
33316,1739981401697944732,1739981401698563417
33317,1739981401698332083,1739981401698974092
33318,1739981401698768220,1739981401699352191
33319,1739981401699179900,1739981401699925989
33320,1739981401699552122,1739981401700525931
33321,1739981401700194510,1739981401701107850
33322,1739981401700911533,1739981401701447872
33323,1739981401701335165,1739981401701795395
33324,1739981401701675837,1739981401702279875
33325,1739981401701997803,1739981401702643759
33326,1739981401702480975,1739981401703611068
33327,1739981401702868837,1739981401704092430
33328,1739981401703928194,1739981401704602241
33329,1739981401704294671,1739981401705020288
33330,1739981401704844538,1739981401705427962
33331,1739981401705237887,1739981401706055832
33332,1739981401705638486,1739981401706846402
33333,1739981401706209553,1739981401707270815
33334,1739981401707150066,1739981401707823154
33335,1739981401707531083,1739981401708219852
33336,1739981401708034265,1739981401708636035
33337,1739981401708472731,1739981401709457849
33338,1739981401708855797,1739981401710256283
33339,1739981401709734453,1739981401710696907
33340,1739981401710522223,1739981401711095325
33341,1739981401710905767,1739981401711442623
33342,1739981401711275282,1739981401711746272
33343,1739981401711636619,1739981401712165946
33344,1739981401711908895,1739981401712490523
33345,1739981401712350130,1739981401713277713
33346,1739981401712675533,1739981401714037955
33347,1739981401713540041,1739981401714580223
33348,1739981401714239337,1739981401714941163
33349,1739981401714780912,1739981401715388823
33350,1739981401715129513,1739981401715809745
33351,1739981401715568376,1739981401716134920
33352,1739981401715977810,1739981401717019000
33353,1739981401716322337,1739981401717641614
33354,1739981401717250926,1739981401718232919
33355,1739981401717918641,1739981401718629972
33356,1739981401718451948,1739981401718961537
33357,1739981401718820930,1739981401719452131
33358,1739981401719189799,1739981401720226888
33359,1739981401719644824,1739981401720935934
33360,1739981401720420420,1739981401721356258
33361,1739981401721174733,1739981401721665121
33362,1739981401721564596,1739981401721998926
33363,1739981401721793108,1739981401722448142
33364,1739981401722174320,1739981401722814305
33365,1739981401722668977,1739981401723148470
33366,1739981401723011553,1739981401724026903
33367,1739981401723326211,1739981401724684402
33368,1739981401724177954,1739981401725096526
33369,1739981401724879083,1739981401725491489
33370,1739981401725288722,1739981401725918623
33371,1739981401725673018,1739981401726242840
33372,1739981401726096650,1739981401727103219
33373,1739981401726434690,1739981401727839060
33374,1739981401727294454,1739981401728267226
33375,1739981401728037409,1739981401728781950
33376,1739981401728507651,1739981401729226927
33377,1739981401728989452,1739981401729609344
33378,1739981401729403433,1739981401730308169
33379,1739981401729775033,1739981401731255819
33380,1739981401730651718,1739981401731657354
33381,1739981401731487286,1739981401732068066
33382,1739981401731922947,1739981401732363419
33383,1739981401732235674,1739981401732685576
33384,1739981401732577342,1739981401733064192
33385,1739981401732896880,1739981401733608852
33386,1739981401733210492,1739981401734194056
33387,1739981401733817285,1739981401734911116
33388,1739981401734592052,1739981401735282783
33389,1739981401735141939,1739981401735760256
33390,1739981401735504688,1739981401736125818
33391,1739981401735952574,1739981401736555919
33392,1739981401736327606,1739981401737398311
33393,1739981401736741042,1739981401737923060
33394,1739981401737765546,1739981401738312364
33395,1739981401738095209,1739981401738695074
33396,1739981401738485452,1739981401739090905
33397,1739981401738864214,1739981401739931356
33398,1739981401739273489,1739981401740845258
33399,1739981401740159011,1739981401741378063
33400,1739981401741054485,1739981401741781194
33401,1739981401741586501,1739981401742173904
33402,1739981401742001642,1739981401742532383
33403,1739981401742404882,1739981401743192326
33404,1739981401742773007,1739981401743698563
33405,1739981401743412267,1739981401744358318
33406,1739981401744053833,1739981401744720937
33407,1739981401744572301,1739981401745086442
33408,1739981401744910641,1739981401745497906
33409,1739981401745282872,1739981401745817710
33410,1739981401745716130,1739981401746186748
33411,1739981401746001575,1739981401747039434
33412,1739981401746384832,1739981401747582716
33413,1739981401747357944,1739981401748031290
33414,1739981401747808975,1739981401748423220
33415,1739981401748260931,1739981401748837919
33416,1739981401748754360,1739981401749447045
33417,1739981401749189840,1739981401750621354
33418,1739981401749677520,1739981401751041322
33419,1739981401750887808,1739981401751389024
33420,1739981401751263556,1739981401751820662
33421,1739981401751594690,1739981401752249828
33422,1739981401752016311,1739981401753161979
33423,1739981401752470507,1739981401753717825
33424,1739981401753382305,1739981401754330893
33425,1739981401754091678,1739981401754726710
33426,1739981401754554078,1739981401755176891
33427,1739981401754936564,1739981401755536715
33428,1739981401755436405,1739981401755829928
33429,1739981401755701421,1739981401756171780
33430,1739981401756016215,1739981401756636575
33431,1739981401756344914,1739981401757804334
33432,1739981401756824223,1739981401758307746
33433,1739981401758050681,1739981401758765716
33434,1739981401758561881,1739981401759139285
33435,1739981401758993998,1739981401759487789
33436,1739981401759340178,1739981401759807032
33437,1739981401759688805,1739981401760712041
33438,1739981401760009185,1739981401761387456
33439,1739981401761140082,1739981401761858715
33440,1739981401761603795,1739981401762332956
33441,1739981401762098021,1739981401763033329
33442,1739981401762565286,1739981401763839592
33443,1739981401763239906,1739981401764387596
33444,1739981401764087131,1739981401764722581
33445,1739981401764624613,1739981401765091606
33446,1739981401764971189,1739981401765507332
33447,1739981401765277812,1739981401765834078
33448,1739981401765716620,1739981401766163996
33449,1739981401766049964,1739981401767207663
33450,1739981401766400447,1739981401767649830
33451,1739981401767522549,1739981401768126038
33452,1739981401767905871,1739981401768481078
33453,1739981401768362191,1739981401768864919
33454,1739981401768734778,1739981401769215617
33455,1739981401769040717,1739981401770199142
33456,1739981401769412414,1739981401770720650
33457,1739981401770571850,1739981401771114606
33458,1739981401770963900,1739981401771457940
33459,1739981401771322885,1739981401771924945
33460,1739981401771672755,1739981401772379308
33461,1739981401772115330,1739981401773525524
33462,1739981401772584521,1739981401773929998
33463,1739981401773779863,1739981401774498453
33464,1739981401774160259,1739981401774919779
33465,1739981401774714410,1739981401775302668
33466,1739981401775099417,1739981401775999021
33467,1739981401775502405,1739981401776719445
33468,1739981401776282965,1739981401777075018
33469,1739981401776937818,1739981401777463368
33470,1739981401777230757,1739981401777809173
33471,1739981401777683978,1739981401778100084
33472,1739981401778000420,1739981401778470768
33473,1739981401778303013,1739981401779192723
33474,1739981401778698411,1739981401779969920
33475,1739981401779492751,1739981401780416960
33476,1739981401780233029,1739981401780894516
33477,1739981401780614221,1739981401781255120
33478,1739981401781112322,1739981401781650274
33479,1739981401781455578,1739981401782056340
33480,1739981401781866531,1739981401782945234
33481,1739981401782226658,1739981401783729851
33482,1739981401783128315,1739981401784381273
33483,1739981401783967461,1739981401784751286
33484,1739981401784629446,1739981401785088060
33485,1739981401784965348,1739981401785545675
33486,1739981401785297682,1739981401785860453
33487,1739981401785747642,1739981401786807657
33488,1739981401786034996,1739981401787320337
33489,1739981401787157665,1739981401787644311
33490,1739981401787519410,1739981401787990152
33491,1739981401787861545,1739981401788400461
33492,1739981401788206564,1739981401788874474
33493,1739981401788614953,1739981401789583148
33494,1739981401789124044,1739981401790195037
33495,1739981401789967246,1739981401790595800
33496,1739981401790435890,1739981401790994257
33497,1739981401790826718,1739981401791359156
33498,1739981401791226824,1739981401791903429
33499,1739981401791541068,1739981401792687266
33500,1739981401792309504,1739981401793078601
33501,1739981401792964776,1739981401793500342
33502,1739981401793308086,1739981401793985217
33503,1739981401793773757,1739981401794511565
33504,1739981401794173099,1739981401794848010
33505,1739981401794729498,1739981401795669667
33506,1739981401795061400,1739981401796427061
33507,1739981401795891476,1739981401796853460
33508,1739981401796639675,1739981401797259370
33509,1739981401797061403,1739981401797638289
33510,1739981401797460114,1739981401797934224
33511,1739981401797894270,1739981401798286975
33512,1739981401798124378,1739981401798704922
33513,1739981401798496367,1739981401799416341
33514,1739981401798905881,1739981401800142247
33515,1739981401799629145,1739981401800659967
33516,1739981401800396541,1739981401801010141
33517,1739981401800882732,1739981401801433136
33518,1739981401801230994,1739981401801787838
33519,1739981401801670793,1739981401802245371
33520,1739981401802007899,1739981401803092823
33521,1739981401802439378,1739981401803648545
33522,1739981401803293683,1739981401804327354
33523,1739981401803956016,1739981401804776677
33524,1739981401804548275,1739981401805183931
33525,1739981401804975006,1739981401805514385
33526,1739981401805397934,1739981401805938396
33527,1739981401805724586,1739981401806806579
33528,1739981401806107287,1739981401807310835
33529,1739981401806989707,1739981401807863776
33530,1739981401807658885,1739981401808216361
33531,1739981401808048591,1739981401808555742
33532,1739981401808423963,1739981401808994435
33533,1739981401808796548,1739981401809340305
33534,1739981401809209944,1739981401809752074
33535,1739981401809559336,1739981401810495465
33536,1739981401809990200,1739981401811251071
33537,1739981401810660503,1739981401811610790
33538,1739981401811490428,1739981401811996381
33539,1739981401811807796,1739981401812298204
33540,1739981401812171681,1739981401812655473
33541,1739981401812491128,1739981401813028964
33542,1739981401812870587,1739981401813483652
33543,1739981401813231438,1739981401814493166
33544,1739981401813657685,1739981401815085782
33545,1739981401814711844,1739981401815495528
33546,1739981401815297847,1739981401816043136
33547,1739981401815709477,1739981401816421243
33548,1739981401816270346,1739981401816787811
33549,1739981401816595054,1739981401817146175
33550,1739981401816975496,1739981401817860934
33551,1739981401817346272,1739981401818587741
33552,1739981401818075305,1739981401819085137
33553,1739981401818833811,1739981401819420996
33554,1739981401819307863,1739981401819742623
33555,1739981401819626838,1739981401820154341
33556,1739981401819959117,1739981401820550328
33557,1739981401820355609,1739981401820984674
33558,1739981401820729751,1739981401821852360
33559,1739981401821174753,1739981401822585698
33560,1739981401822113425,1739981401822965952
33561,1739981401822803910,1739981401823350022
33562,1739981401823140287,1739981401823833656
33563,1739981401823557772,1739981401824302197
33564,1739981401824046234,1739981401824717380
33565,1739981401824491459,1739981401825211107
33566,1739981401824884846,1739981401826316685
33567,1739981401825539205,1739981401826759782
33568,1739981401826575983,1739981401827256244
33569,1739981401826970098,1739981401827638885
33570,1739981401827508373,1739981401828039047
33571,1739981401827832820,1739981401828731917
33572,1739981401828217658,1739981401829590638
33573,1739981401829173796,1739981401829922147
33574,1739981401829827517,1739981401830366337
33575,1739981401830186467,1739981401830708919
33576,1739981401830584805,1739981401831062862
33577,1739981401830901987,1739981401831469430
33578,1739981401831231846,1739981401831815651
33579,1739981401831688336,1739981401832759980
33580,1739981401832008177,1739981401833313231
33581,1739981401833113330,1739981401833751183
33582,1739981401833541489,1739981401834133383
33583,1739981401833943392,1739981401834505055
33584,1739981401834322209,1739981401834933538
33585,1739981401834682036,1739981401835703062
33586,1739981401835120011,1739981401836543409
33587,1739981401835958967,1739981401836964991
33588,1739981401836797165,1739981401837321465
33589,1739981401837183407,1739981401837757151
33590,1739981401837559849,1739981401838173720
33591,1739981401837955364,1739981401839017537
33592,1739981401838364934,1739981401839681841
33593,1739981401839246451,1739981401839996681
33594,1739981401839909576,1739981401840332602
33595,1739981401840195540,1739981401840838897
33596,1739981401840610691,1739981401841159913
33597,1739981401841026699,1739981401841506178
33598,1739981401841368515,1739981401842086265
33599,1739981401841721897,1739981401842997231
33600,1739981401842348821,1739981401843413495
33601,1739981401843278865,1739981401843855148
33602,1739981401843624219,1739981401844311540
33603,1739981401844050132,1739981401844704865
33604,1739981401844537349,1739981401845045990
33605,1739981401844927344,1739981401845408953
33606,1739981401845249421,1739981401846136985
33607,1739981401845637086,1739981401846822448
33608,1739981401846317315,1739981401847317027
33609,1739981401847053349,1739981401847712431
33610,1739981401847522184,1739981401848048752
33611,1739981401847900911,1739981401848356482
33612,1739981401848243306,1739981401848674738
33613,1739981401848567672,1739981401849001707
33614,1739981401848935370,1739981401850083594
33615,1739981401849553045,1739981401850484746
33616,1739981401850395718,1739981401850823655
33617,1739981401850688786,1739981401851250392
33618,1739981401851070104,1739981401851605351
33619,1739981401851443832,1739981401852006006
33620,1739981401851787596,1739981401852899550
33621,1739981401852216910,1739981401853491658
33622,1739981401853260162,1739981401853944025
33623,1739981401853729446,1739981401854479890
33624,1739981401854158403,1739981401854920158
33625,1739981401854700546,1739981401855383080
33626,1739981401855159345,1739981401856309116
33627,1739981401855559294,1739981401856778325
33628,1739981401856473963,1739981401857372858
33629,1739981401857138964,1739981401857824070
33630,1739981401857588187,1739981401858207858
33631,1739981401858006439,1739981401858621445
33632,1739981401858407795,1739981401859496114
33633,1739981401858786423,1739981401860298275
33634,1739981401859773041,1739981401860736788
33635,1739981401860551008,1739981401861079940
33636,1739981401860923777,1739981401861427907
33637,1739981401861279201,1739981401861734229
33638,1739981401861611199,1739981401862617368
33639,1739981401861909753,1739981401863370911
33640,1739981401862855084,1739981401863725031
33641,1739981401863580836,1739981401864207339
33642,1739981401863924671,1739981401864576616
33643,1739981401864394551,1739981401864989652
33644,1739981401864777930,1739981401865391567
33645,1739981401865200721,1739981401866334043
33646,1739981401865571698,1739981401867101848
33647,1739981401866522732,1739981401867485982
33648,1739981401867301861,1739981401867864574
33649,1739981401867702957,1739981401868330529
33650,1739981401868076606,1739981401868789997
33651,1739981401868576914,1739981401869902479
33652,1739981401869037546,1739981401870267849
33653,1739981401870163433,1739981401870724669
33654,1739981401870423350,1739981401871258004
33655,1739981401870931365,1739981401871635685
33656,1739981401871437076,1739981401872457047
33657,1739981401871828858,1739981401873041006
33658,1739981401872745647,1739981401873494846
33659,1739981401873389840,1739981401873822397
33660,1739981401873700524,1739981401874345047
33661,1739981401874027671,1739981401874694286
33662,1739981401874532822,1739981401875037199
33663,1739981401874913120,1739981401875354107
33664,1739981401875226253,1739981401875801431
33665,1739981401875535265,1739981401876484897
33666,1739981401875991675,1739981401877038521
33667,1739981401876704195,1739981401877622290
33668,1739981401877432798,1739981401878052641
33669,1739981401877858483,1739981401878482950
33670,1739981401878263769,1739981401878987625
33671,1739981401878683378,1739981401879987782
33672,1739981401879221236,1739981401880511520
33673,1739981401880339972,1739981401880895857
33674,1739981401880725092,1739981401881233994
33675,1739981401881107995,1739981401881704908
33676,1739981401881423423,1739981401882610793
33677,1739981401881890164,1739981401883177542
33678,1739981401882780482,1739981401883649420
33679,1739981401883405492,1739981401884043731
33680,1739981401883862803,1739981401884537449
33681,1739981401884220724,1739981401885379500
33682,1739981401884748213,1739981401885814497
33683,1739981401885623031,1739981401886256246
33684,1739981401886132989,1739981401886658020
33685,1739981401886390259,1739981401886990983
33686,1739981401886861189,1739981401887280018
33687,1739981401887186979,1739981401887686895
33688,1739981401887481469,1739981401887996630
33689,1739981401887909339,1739981401889202248
33690,1739981401888351717,1739981401889653034
33691,1739981401889490950,1739981401890054485
33692,1739981401889841158,1739981401890408907
33693,1739981401890211528,1739981401890726127
33694,1739981401890598522,1739981401891120103
33695,1739981401890919202,1739981401891943771
33696,1739981401891298373,1739981401892696054
33697,1739981401892221258,1739981401893208110
33698,1739981401892962522,1739981401893582329
33699,1739981401893387869,1739981401893949851
33700,1739981401893790792,1739981401894390721
33701,1739981401894190514,1739981401894732417
33702,1739981401894583193,1739981401895414190
33703,1739981401894944409,1739981401896199884
33704,1739981401895629993,1739981401896591713
33705,1739981401896413209,1739981401896906542
33706,1739981401896833765,1739981401897346195
33707,1739981401897051080,1739981401897659710
33708,1739981401897536125,1739981401898060833
33709,1739981401897859900,1739981401898964351
33710,1739981401898208867,1739981401899553998
33711,1739981401899254117,1739981401900075330
33712,1739981401899765928,1739981401900408079
33713,1739981401900256603,1739981401900723319
33714,1739981401900608901,1739981401901363147
33715,1739981401900900309,1739981401902241210
33716,1739981401901560634,1739981401902694535
33717,1739981401902518818,1739981401903053952
33718,1739981401902936383,1739981401903464455
33719,1739981401903233139,1739981401903835426
33720,1739981401903666680,1739981401904893159
33721,1739981401904052885,1739981401905521308
33722,1739981401905054330,1739981401905886364
33723,1739981401905759138,1739981401906231318
33724,1739981401906087323,1739981401906641300
33725,1739981401906422509,1739981401906964971
33726,1739981401906822398,1739981401907599948
33727,1739981401907191080,1739981401908365353
33728,1739981401907841141,1739981401908810753
33729,1739981401908616368,1739981401909228851
33730,1739981401909045086,1739981401909758453
33731,1739981401909451111,1739981401910180485
33732,1739981401909963272,1739981401910900048
33733,1739981401910411155,1739981401911661030
33734,1739981401911076790,1739981401912082041
33735,1739981401911907190,1739981401912537692
33736,1739981401912303280,1739981401912942523
33737,1739981401912776955,1739981401913314916
33738,1739981401913169948,1739981401913858083
33739,1739981401913546581,1739981401914954709
33740,1739981401914131104,1739981401915396644
33741,1739981401915227148,1739981401915795844
33742,1739981401915647620,1739981401916098735
33743,1739981401916004597,1739981401916407010
33744,1739981401916201744,1739981401916847838
33745,1739981401916590942,1739981401917643367
33746,1739981401917068643,1739981401918352704
33747,1739981401917966346,1739981401918796258
33748,1739981401918554745,1739981401919174727
33749,1739981401919014096,1739981401919569024
33750,1739981401919412698,1739981401919896265
33751,1739981401919802835,1739981401920274123
33752,1739981401920127816,1739981401920643236
33753,1739981401920471263,1739981401921511022
33754,1739981401920934013,1739981401922008337
33755,1739981401921859745,1739981401922488997
33756,1739981401922201118,1739981401922922570
33757,1739981401922686519,1739981401923305360
33758,1739981401923121865,1739981401924126322
33759,1739981401923497936,1739981401924894887
33760,1739981401924395003,1739981401925337218
33761,1739981401925098634,1739981401925758205
33762,1739981401925534262,1739981401926107361
33763,1739981401925939411,1739981401926921513
33764,1739981401926287051,1739981401927514897
33765,1739981401927178604,1739981401927975943
33766,1739981401927718794,1739981401928332433
33767,1739981401928172891,1739981401928676207
33768,1739981401928537877,1739981401928993454
33769,1739981401928848169,1739981401929434296
33770,1739981401929275288,1739981401930216235
33771,1739981401929642859,1739981401931061084
33772,1739981401930484227,1739981401931401614
33773,1739981401931247503,1739981401931843436
33774,1739981401931612522,1739981401932197186
33775,1739981401932037277,1739981401932538681
33776,1739981401932397513,1739981401932843799
33777,1739981401932741937,1739981401933793882
33778,1739981401933046030,1739981401934564998
33779,1739981401934153137,1739981401934962260
33780,1739981401934749051,1739981401935335241
33781,1739981401935143308,1739981401935803932
33782,1739981401935515291,1739981401936572687
33783,1739981401935985680,1739981401937387438
33784,1739981401936835596,1739981401937809298
33785,1739981401937601921,1739981401938131530
33786,1739981401938001699,1739981401938469068
33787,1739981401938326328,1739981401938862441
33788,1739981401938683693,1739981401939200716
33789,1739981401939052346,1739981401939524822
33790,1739981401939370583,1739981401940380082
33791,1739981401939699903,1739981401941165227
33792,1739981401940552519,1739981401941520793
33793,1739981401941353476,1739981401941923120
33794,1739981401941712104,1739981401942283401
33795,1739981401942136631,1739981401942627184
33796,1739981401942479439,1739981401942951830
33797,1739981401942817418,1739981401943835923
33798,1739981401943168780,1739981401944517968
33799,1739981401944090456,1739981401944897066
33800,1739981401944774583,1739981401945347913
33801,1739981401945118523,1739981401945744129
33802,1739981401945554200,1739981401946395944
33803,1739981401945943138,1739981401947211942
33804,1739981401946635111,1739981401947576044
33805,1739981401947497346,1739981401947900243
33806,1739981401947764664,1739981401948306017
33807,1739981401948125403,1739981401948643166
33808,1739981401948528090,1739981401949024210
33809,1739981401948867098,1739981401949542093
33810,1739981401949268835,1739981401950389617
33811,1739981401949773646,1739981401951059240
33812,1739981401950620105,1739981401951441751
33813,1739981401951234613,1739981401951874198
33814,1739981401951677770,1739981401952245016
33815,1739981401952098695,1739981401952605106
33816,1739981401952425427,1739981401952984195
33817,1739981401952804453,1739981401953931708
33818,1739981401953154988,1739981401954748842
33819,1739981401954127459,1739981401955122134
33820,1739981401954954796,1739981401955537274
33821,1739981401955316337,1739981401955950308
33822,1739981401955713505,1739981401956486976
33823,1739981401956122972,1739981401957190368
33824,1739981401956660752,1739981401957715983
33825,1739981401957528713,1739981401958049441
33826,1739981401957896580,1739981401958357679
33827,1739981401958217090,1739981401958790951
33828,1739981401958537666,1739981401959102743
33829,1739981401958956976,1739981401959470157
33830,1739981401959302366,1739981401960331863
33831,1739981401959644446,1739981401961010906
33832,1739981401960524523,1739981401961476207
33833,1739981401961243878,1739981401961853341
33834,1739981401961660169,1739981401962264768
33835,1739981401962049076,1739981401962628492
33836,1739981401962472787,1739981401962962663
33837,1739981401962812433,1739981401963690614
33838,1739981401963163131,1739981401964694881
33839,1739981401963949464,1739981401965165935
33840,1739981401964942183,1739981401965527919
33841,1739981401965374495,1739981401965894765
33842,1739981401965725122,1739981401966315041
33843,1739981401966085299,1739981401966978572
33844,1739981401966509516,1739981401967742491
33845,1739981401967194491,1739981401968230783
33846,1739981401967962804,1739981401968532601
33847,1739981401968427793,1739981401968846492
33848,1739981401968709827,1739981401969277420
33849,1739981401969024629,1739981401969602999
33850,1739981401969492305,1739981401969918894
33851,1739981401969803118,1739981401970709827
33852,1739981401970100496,1739981401971364095
33853,1739981401971003780,1739981401971846299
33854,1739981401971600346,1739981401972259027
33855,1739981401972064219,1739981401972630250
33856,1739981401972438338,1739981401972969070
33857,1739981401972804171,1739981401973297589
33858,1739981401973146848,1739981401974105355
33859,1739981401973467532,1739981401974795691
33860,1739981401974416436,1739981401975263698
33861,1739981401975033986,1739981401975684778
33862,1739981401975448317,1739981401976080176
33863,1739981401975926655,1739981401976464835
33864,1739981401976309078,1739981401976971603
33865,1739981401976698286,1739981401977791610
33866,1739981401977265751,1739981401978411128
33867,1739981401978007086,1739981401978881237
33868,1739981401978637899,1739981401979236065
33869,1739981401979058135,1739981401979566387
33870,1739981401979411722,1739981401979938767
33871,1739981401979753375,1739981401980311526
33872,1739981401980129016,1739981401980666767
33873,1739981401980496072,1739981401981419876
33874,1739981401980845257,1739981401982159285
33875,1739981401981685629,1739981401982555440
33876,1739981401982379321,1739981401982974044
33877,1739981401982738621,1739981401983466783
33878,1739981401983148401,1739981401983922179
33879,1739981401983639010,1739981401984394471
33880,1739981401984111356,1739981401984742601
33881,1739981401984557992,1739981401985659891
33882,1739981401984926234,1739981401986462360
33883,1739981401985897804,1739981401986846235
33884,1739981401986678180,1739981401987221220
33885,1739981401987022641,1739981401987682806
33886,1739981401987445577,1739981401988062321
33887,1739981401987878767,1739981401988349958
33888,1739981401988219952,1739981401989085806
33889,1739981401988535417,1739981401989799860
33890,1739981401989363893,1739981401990141038
33891,1739981401990016298,1739981401990574538
33892,1739981401990324741,1739981401990943815
33893,1739981401990817851,1739981401991289125
33894,1739981401991147097,1739981401991633217
33895,1739981401991488426,1739981401992103368
33896,1739981401991858887,1739981401992993510
33897,1739981401992304195,1739981401993759712
33898,1739981401993202046,1739981401994316649
33899,1739981401994010920,1739981401994778810
33900,1739981401994514251,1739981401995222366
33901,1739981401994969362,1739981401995680816
33902,1739981401995427040,1739981401996063242
33903,1739981401995894238,1739981401996844015
33904,1739981401996220125,1739981401997453469
33905,1739981401997241671,1739981401997962063
33906,1739981401997636223,1739981401998325532
33907,1739981401998188167,1739981401998684301
33908,1739981401998513683,1739981401999860476
33909,1739981401998950313,1739981402000369793
33910,1739981402000178778,1739981402000738132
33911,1739981402000568223,1739981402001211368
33912,1739981402000930386,1739981402001557375
33913,1739981402001400934,1739981402002093991
33914,1739981402001772239,1739981402002814137
33915,1739981402002317971,1739981402003343367
33916,1739981402003198058,1739981402003704169
33917,1739981402003544567,1739981402004086966
33918,1739981402003906020,1739981402004651586
33919,1739981402004256605,1739981402005028298
33920,1739981402004841216,1739981402005424315
33921,1739981402005204392,1739981402006471137
33922,1739981402005603420,1739981402006958455
33923,1739981402006794232,1739981402007315369
33924,1739981402007198401,1739981402007682444
33925,1739981402007508693,1739981402008144752
33926,1739981402007853787,1739981402008610677
33927,1739981402008327739,1739981402009481001
33928,1739981402008793927,1739981402010049650
33929,1739981402009832353,1739981402010525903
33930,1739981402010241388,1739981402010884288
33931,1739981402010736636,1739981402011311288
33932,1739981402011113112,1739981402012250668
33933,1739981402011527438,1739981402012729137
33934,1739981402012609484,1739981402013076655
33935,1739981402012952766,1739981402013519834
33936,1739981402013256538,1739981402013830224
33937,1739981402013709822,1739981402014108453
33938,1739981402014014482,1739981402014652139
33939,1739981402014367147,1739981402015030226
33940,1739981402014861623,1739981402015875673
33941,1739981402015326374,1739981402016430264
33942,1739981402016177486,1739981402016881908
33943,1739981402016629899,1739981402017327734
33944,1739981402017081673,1739981402017660531
33945,1739981402017520790,1739981402018408920
33946,1739981402017827630,1739981402019127479
33947,1739981402018625375,1739981402019631924
33948,1739981402019349734,1739981402019975748
33949,1739981402019817003,1739981402020349244
33950,1739981402020190573,1739981402020762596
33951,1739981402020565307,1739981402021624959
33952,1739981402020954065,1739981402022451970
33953,1739981402021872376,1739981402022869277
33954,1739981402022689642,1739981402023190450
33955,1739981402023074969,1739981402023472477
33956,1739981402023387372,1739981402023878385
33957,1739981402023666737,1739981402024314273
33958,1739981402024083401,1739981402024634734
33959,1739981402024484286,1739981402025459150
33960,1739981402024828650,1739981402026179248
33961,1739981402025639411,1739981402026589809
33962,1739981402026415365,1739981402026983538
33963,1739981402026776566,1739981402027317331
33964,1739981402027184583,1739981402027778067
33965,1739981402027523997,1739981402028212581
33966,1739981402028036165,1739981402029000177
33967,1739981402028487086,1739981402029690762
33968,1739981402029281133,1739981402030059293
33969,1739981402029898310,1739981402030473213
33970,1739981402030225781,1739981402030892220
33971,1739981402030861724,1739981402031399461
33972,1739981402031173834,1739981402031919271
33973,1739981402031622297,1739981402032786491
33974,1739981402032124884,1739981402033599423
33975,1739981402033017934,1739981402034026600
33976,1739981402033801378,1739981402034415635
33977,1739981402034232865,1739981402034755725
33978,1739981402034616187,1739981402035175733
33979,1739981402034928388,1739981402035510799
33980,1739981402035360420,1739981402035850948
33981,1739981402035687515,1739981402036703317
33982,1739981402036187806,1739981402037377847
33983,1739981402036984075,1739981402037815264
33984,1739981402037624699,1739981402038243278
33985,1739981402038031591,1739981402038678841
33986,1739981402038475976,1739981402039304834
33987,1739981402038874154,1739981402040081882
33988,1739981402039432145,1739981402040514558
33989,1739981402040303929,1739981402041030686
33990,1739981402040748670,1739981402041419522
33991,1739981402041215995,1739981402041776044
33992,1739981402041618387,1739981402042707996
33993,1739981402041944396,1739981402043287865
33994,1739981402042894476,1739981402043819678
33995,1739981402043576039,1739981402044270486
33996,1739981402044011048,1739981402044590610
33997,1739981402044456236,1739981402044930082
33998,1739981402044797108,1739981402045339258
33999,1739981402045127264,1739981402045633943
34000,1739981402045549819,1739981402045958926
34001,1739981402045839147,1739981402046690351
34002,1739981402046235748,1739981402047382856
34003,1739981402047022615,1739981402047784634
34004,1739981402047620829,1739981402048224013
34005,1739981402047993887,1739981402048618418
34006,1739981402048420188,1739981402049399295
34007,1739981402048789490,1739981402050085266
34008,1739981402049598801,1739981402050505847
34009,1739981402050341630,1739981402050932830
34010,1739981402050749581,1739981402051371895
34011,1739981402051126553,1739981402051774609
34012,1739981402051599144,1739981402052231547
34013,1739981402051960363,1739981402053165849
34014,1739981402052456689,1739981402053925828
34015,1739981402053445095,1739981402054466398
34016,1739981402054155953,1739981402054822750
34017,1739981402054658823,1739981402055145630
34018,1739981402055021234,1739981402055544858
34019,1739981402055332517,1739981402055840593
34020,1739981402055731463,1739981402056103497
34021,1739981402056002883,1739981402057013770
34022,1739981402056290455,1739981402057541966
34023,1739981402057394025,1739981402057944196
34024,1739981402057814575,1739981402058312074
34025,1739981402058138832,1739981402058712013
34026,1739981402058525976,1739981402059081010
34027,1739981402058901788,1739981402059974035
34028,1739981402059264340,1739981402060564914
34029,1739981402060294577,1739981402060994413
34030,1739981402060771719,1739981402061399733
34031,1739981402061184362,1739981402061868242
34032,1739981402061590635,1739981402062724748
34033,1739981402062058671,1739981402063490456
34034,1739981402062965699,1739981402063867137
34035,1739981402063731244,1739981402064352049
34036,1739981402064089206,1739981402064661242
34037,1739981402064536218,1739981402065088128
34038,1739981402064841116,1739981402065378366
34039,1739981402065277941,1739981402065658728
34040,1739981402065571628,1739981402066377933
34041,1739981402065822782,1739981402067029769
34042,1739981402066703341,1739981402067439250
34043,1739981402067229030,1739981402067853624
34044,1739981402067654480,1739981402068200652
34045,1739981402068071728,1739981402068525135
34046,1739981402068439361,1739981402069037102
34047,1739981402068694682,1739981402070000892
34048,1739981402069213747,1739981402070470067
34049,1739981402070233828,1739981402070846247
34050,1739981402070696381,1739981402071236670
34051,1739981402071019674,1739981402071707885
34052,1739981402071402904,1739981402072536946
34053,1739981402071881141,1739981402073286468
34054,1739981402072811440,1739981402073702441
34055,1739981402073527855,1739981402074038683
34056,1739981402073919975,1739981402074452682
34057,1739981402074222477,1739981402074860793
34058,1739981402074678098,1739981402075194275
34059,1739981402075081361,1739981402075798457
34060,1739981402075389613,1739981402076265320
34061,1739981402076014419,1739981402077008120
34062,1739981402076595544,1739981402077344853
34063,1739981402077247211,1739981402077711727
34064,1739981402077488249,1739981402078070848
34065,1739981402077978444,1739981402078503436
34066,1739981402078216312,1739981402079108697
34067,1739981402078750430,1739981402079636527
34068,1739981402079489614,1739981402080095813
34069,1739981402079916366,1739981402080500558
34070,1739981402080331591,1739981402080958817
34071,1739981402080686783,1739981402081816480
34072,1739981402081138061,1739981402082495984
34073,1739981402082060767,1739981402083007608
34074,1739981402082715147,1739981402083404160
34075,1739981402083235305,1739981402084151649
34076,1739981402083633575,1739981402085162863
34077,1739981402084637297,1739981402085486954
34078,1739981402085407285,1739981402085852962
34079,1739981402085650650,1739981402086280753
34080,1739981402086077665,1739981402086644445
34081,1739981402086494184,1739981402086973342
34082,1739981402086856944,1739981402087313845
34083,1739981402087180831,1739981402088178545
34084,1739981402087513310,1739981402088626460
34085,1739981402088430577,1739981402089228117
34086,1739981402088944660,1739981402089703523
34087,1739981402089473912,1739981402090139526
34088,1739981402089968270,1739981402090503706
34089,1739981402090369897,1739981402090881024
34090,1739981402090725843,1739981402091652805
34091,1739981402091103283,1739981402092535744
34092,1739981402092071527,1739981402092974601
34093,1739981402092777749,1739981402093494127
34094,1739981402093193158,1739981402093912692
34095,1739981402093711903,1739981402094391815
34096,1739981402094119251,1739981402094774653
34097,1739981402094562168,1739981402095515286
34098,1739981402094970447,1739981402096102011
34099,1739981402095784429,1739981402096558475
34100,1739981402096298715,1739981402096884655
34101,1739981402096737756,1739981402097251181
34102,1739981402097090986,1739981402097603029
34103,1739981402097457449,1739981402098106811
34104,1739981402097803715,1739981402098998192
34105,1739981402098325395,1739981402099712628
34106,1739981402099398568,1739981402100145470
34107,1739981402099950830,1739981402100488560
34108,1739981402100338113,1739981402100849316
34109,1739981402100679872,1739981402101502397
34110,1739981402101031989,1739981402102353155
34111,1739981402101757031,1739981402102785016
34112,1739981402102590928,1739981402103194503
34113,1739981402102995424,1739981402103641408
34114,1739981402103383096,1739981402103958435
34115,1739981402103846893,1739981402105004202
34116,1739981402104141051,1739981402105545022
34117,1739981402105182805,1739981402105896446
34118,1739981402105791141,1739981402106235154
34119,1739981402106148713,1739981402106623874
34120,1739981402106435569,1739981402107121656
34121,1739981402106825443,1739981402107697958
34122,1739981402107399408,1739981402108414684
34123,1739981402107885440,1739981402108836617
34124,1739981402108626613,1739981402109252550
34125,1739981402109030679,1739981402109596813
34126,1739981402109460075,1739981402110063640
34127,1739981402109840242,1739981402110853987
34128,1739981402110291719,1739981402111364939
34129,1739981402111029038,1739981402111907602
34130,1739981402111764350,1739981402112383695
34131,1739981402112122178,1739981402112791615
34132,1739981402112596475,1739981402113178268
34133,1739981402113020670,1739981402114163072
34134,1739981402113354630,1739981402114833482
34135,1739981402114402245,1739981402115268147
34136,1739981402115140149,1739981402115652434
34137,1739981402115456305,1739981402115978636
34138,1739981402115856961,1739981402116292868
34139,1739981402116196919,1739981402117252854
34140,1739981402116508245,1739981402117749553
34141,1739981402117663457,1739981402118153493
34142,1739981402117895787,1739981402118511485
34143,1739981402118335232,1739981402118968726
34144,1739981402118694366,1739981402119330289
34145,1739981402119164598,1739981402120135828
34146,1739981402119520114,1739981402121050141
34147,1739981402120344488,1739981402121402640
34148,1739981402121232680,1739981402121763404
34149,1739981402121629589,1739981402122142310
34150,1739981402121988963,1739981402122541897
34151,1739981402122381438,1739981402122954393
34152,1739981402122773833,1739981402123866617
34153,1739981402123184494,1739981402124660455
34154,1739981402124125468,1739981402125127987
34155,1739981402124920356,1739981402125483190
34156,1739981402125337799,1739981402125922868
34157,1739981402125701365,1739981402126286803
34158,1739981402126148324,1739981402126618025
34159,1739981402126503241,1739981402127431388
34160,1739981402126835457,1739981402128090951
34161,1739981402127700160,1739981402128416424
34162,1739981402128287614,1739981402128730490
34163,1739981402128634015,1739981402129050184
34164,1739981402128913193,1739981402129486855
34165,1739981402129224650,1739981402129835757
34166,1739981402129690249,1739981402130782723
34167,1739981402130059988,1739981402131313554
34168,1739981402131200652,1739981402131787548
34169,1739981402131462849,1739981402132308440
34170,1739981402132031852,1739981402132682302
34171,1739981402132499904,1739981402133549019
34172,1739981402132870826,1739981402134221079
34173,1739981402133769439,1739981402134717052
34174,1739981402134432782,1739981402135405038
34175,1739981402134912588,1739981402135859560
34176,1739981402135626058,1739981402136301577
34177,1739981402136050623,1739981402137092072
34178,1739981402136496492,1739981402137889259
34179,1739981402137346446,1739981402138415463
34180,1739981402138154307,1739981402138901340
34181,1739981402138615901,1739981402139340284
34182,1739981402139097270,1739981402140006041
34183,1739981402139606676,1739981402140908663
34184,1739981402140288587,1739981402141295080
34185,1739981402141172227,1739981402141735347
34186,1739981402141554946,1739981402142077534
34187,1739981402141950300,1739981402142402845
34188,1739981402142212024,1739981402142744136
34189,1739981402142597255,1739981402143514073
34190,1739981402142953443,1739981402144211114
34191,1739981402143736877,1739981402144718348
34192,1739981402144454802,1739981402145214356
34193,1739981402144909080,1739981402145553231
34194,1739981402145453746,1739981402145896329
34195,1739981402145752887,1739981402146249513
34196,1739981402146086448,1739981402147079288
34197,1739981402146600086,1739981402147595839
34198,1739981402147428769,1739981402148013936
34199,1739981402147782959,1739981402148433033
34200,1739981402148204207,1739981402149224173
34201,1739981402148622067,1739981402149986611
34202,1739981402149365349,1739981402150449049
34203,1739981402150285334,1739981402150815472
34204,1739981402150678292,1739981402151134869
34205,1739981402151049871,1739981402151528384
34206,1739981402151325429,1739981402151870583
34207,1739981402151706748,1739981402152678752
34208,1739981402152067052,1739981402153182833
34209,1739981402152868516,1739981402153725027
34210,1739981402153539747,1739981402154095693
34211,1739981402153928675,1739981402154711000
34212,1739981402154296029,1739981402155073320
34213,1739981402154935843,1739981402155399186
34214,1739981402155236224,1739981402155757279
34215,1739981402155580272,1739981402156821400
34216,1739981402156106399,1739981402157215177
34217,1739981402157049744,1739981402157645377
34218,1739981402157447737,1739981402158103020
34219,1739981402157865854,1739981402158443820
34220,1739981402158340812,1739981402159173146
34221,1739981402158645530,1739981402159941813
34222,1739981402159363992,1739981402160295405
34223,1739981402160171921,1739981402160626131
34224,1739981402160561693,1739981402161037929
34225,1739981402160860267,1739981402161348826
34226,1739981402161245640,1739981402161659318
34227,1739981402161550133,1739981402162067798
34228,1739981402161864487,1739981402163141032
34229,1739981402162277799,1739981402163568260
34230,1739981402163391460,1739981402164010833
34231,1739981402163773832,1739981402164585331
34232,1739981402164274879,1739981402165018387
34233,1739981402164784636,1739981402165451388
34234,1739981402165198307,1739981402166353596
34235,1739981402165624962,1739981402166848645
34236,1739981402166568283,1739981402167297943
34237,1739981402167133733,1739981402167740894
34238,1739981402167515588,1739981402168279277
34239,1739981402167941831,1739981402168660852
34240,1739981402168477041,1739981402169524595
34241,1739981402168837426,1739981402170323509
34242,1739981402169735041,1739981402170774109
34243,1739981402170522960,1739981402171194501
34244,1739981402171080470,1739981402172194216
34245,1739981402171462050,1739981402172974790
34246,1739981402172540637,1739981402173338448
34247,1739981402173223493,1739981402173747183
34248,1739981402173551067,1739981402174080512
34249,1739981402173940247,1739981402174461662
34250,1739981402174331215,1739981402174881415
34251,1739981402174654328,1739981402175281071
34252,1739981402175085155,1739981402176183485
34253,1739981402175474226,1739981402176691505
34254,1739981402176555228,1739981402177305365
34255,1739981402177034511,1739981402177721959
34256,1739981402177518973,1739981402178061124
34257,1739981402177927760,1739981402178422064
34258,1739981402178208131,1739981402178784355
34259,1739981402178619629,1739981402179709526
34260,1739981402178982362,1739981402180451669
34261,1739981402179885724,1739981402180868269
34262,1739981402180638560,1739981402181258372
34263,1739981402181063618,1739981402181626706
34264,1739981402181428877,1739981402181933758
34265,1739981402181871941,1739981402182268584
34266,1739981402182128598,1739981402183079554
34267,1739981402182458425,1739981402183796644
34268,1739981402183358807,1739981402184159350
34269,1739981402184038272,1739981402184501329
34270,1739981402184323785,1739981402184942000
34271,1739981402184741542,1739981402185307494
34272,1739981402185149397,1739981402185750291
34273,1739981402185500119,1739981402186668152
34274,1739981402185939328,1739981402187173328
34275,1739981402186974692,1739981402187573856
34276,1739981402187391052,1739981402187941911
34277,1739981402187819317,1739981402188334913
34278,1739981402188163610,1739981402188855540
34279,1739981402188558199,1739981402189642569
34280,1739981402189255106,1739981402190289972
34281,1739981402189899745,1739981402190841279
34282,1739981402190498578,1739981402191203463
34283,1739981402191031813,1739981402191522068
34284,1739981402191391867,1739981402192679285
34285,1739981402191733555,1739981402193039341
34286,1739981402192904846,1739981402193429911
34287,1739981402193215886,1739981402193854414
34288,1739981402193658285,1739981402194334497
34289,1739981402194039190,1739981402194666979
34290,1739981402194501004,1739981402194984293
34291,1739981402194856074,1739981402195898070
34292,1739981402195170331,1739981402196563718
34293,1739981402196110798,1739981402196985905
34294,1739981402196789944,1739981402197328615
34295,1739981402197178164,1739981402197661574
34296,1739981402197518979,1739981402197976522
34297,1739981402197858038,1739981402198886830
34298,1739981402198164631,1739981402199509018
34299,1739981402199264443,1739981402199897276
34300,1739981402199794280,1739981402200278749
34301,1739981402200166080,1739981402200719039
34302,1739981402200499002,1739981402201458057
34303,1739981402201063176,1739981402202157484
34304,1739981402201677067,1739981402202584490
34305,1739981402202400155,1739981402202960536
34306,1739981402202785698,1739981402203284392
34307,1739981402203143400,1739981402203677108
34308,1739981402203462244,1739981402204665609
34309,1739981402203875163,1739981402205187804
34310,1739981402204921872,1739981402205704043
34311,1739981402205464991,1739981402206090373
34312,1739981402205915987,1739981402206498029
34313,1739981402206315263,1739981402206860001
34314,1739981402206697483,1739981402207762111
34315,1739981402207062109,1739981402208564627
34316,1739981402207957364,1739981402208947976
34317,1739981402208747771,1739981402209298619
34318,1739981402209182250,1739981402209662992
34319,1739981402209485344,1739981402210109113
34320,1739981402209877548,1739981402211142360
34321,1739981402210329988,1739981402211697555
34322,1739981402211455397,1739981402212137663
34323,1739981402211932466,1739981402212559649
34324,1739981402212288205,1739981402213063300
34325,1739981402212736770,1739981402214207884
34326,1739981402213211622,1739981402214599586
34327,1739981402214417200,1739981402214947554
34328,1739981402214799010,1739981402215288229
34329,1739981402215159094,1739981402215606591
34330,1739981402215501761,1739981402216017754
34331,1739981402215798785,1739981402216552804
34332,1739981402216219176,1739981402217230155
34333,1739981402216870805,1739981402217727240
34334,1739981402217557429,1739981402218274271
34335,1739981402217904396,1739981402218674013
34336,1739981402218464290,1739981402219076741
34337,1739981402218864496,1739981402219830080
34338,1739981402219193971,1739981402220559432
34339,1739981402220090440,1739981402220963268
34340,1739981402220820410,1739981402221332326
34341,1739981402221204796,1739981402221743233
34342,1739981402221534055,1739981402222073288
34343,1739981402221950221,1739981402222445093
34344,1739981402222272676,1739981402222841755
34345,1739981402222650273,1739981402223928172
34346,1739981402223216430,1739981402224531760
34347,1739981402224148526,1739981402224968377
34348,1739981402224773111,1739981402225294779
34349,1739981402225160815,1739981402225660398
34350,1739981402225491499,1739981402226069976
34351,1739981402225846473,1739981402226824037
34352,1739981402226215195,1739981402227473114
34353,1739981402227078989,1739981402227937686
34354,1739981402227690890,1739981402228313073
34355,1739981402228135059,1739981402228703164
34356,1739981402228501377,1739981402229059767
34357,1739981402228909382,1739981402229899380
34358,1739981402229193433,1739981402230567218
34359,1739981402230152923,1739981402230973539
34360,1739981402230798991,1739981402231350106
34361,1739981402231189748,1739981402231714057
34362,1739981402231546026,1739981402232487605
34363,1739981402231901471,1739981402233364263
34364,1739981402232733095,1739981402233755827
34365,1739981402233593514,1739981402234184885
34366,1739981402233977262,1739981402234647792
34367,1739981402234390392,1739981402234985691
34368,1739981402234842956,1739981402235714256
34369,1739981402235175249,1739981402236476482
34370,1739981402235945416,1739981402236890935
34371,1739981402236805267,1739981402237235497
34372,1739981402237027666,1739981402237655382
34373,1739981402237453524,1739981402237966153
34374,1739981402237867407,1739981402238274180
34375,1739981402238162035,1739981402238976090
34376,1739981402238460245,1739981402239713066
34377,1739981402239257977,1739981402240181586
34378,1739981402239916923,1739981402240607601
34379,1739981402240396794,1739981402241023082
34380,1739981402240823330,1739981402241440979
34381,1739981402241213505,1739981402242440799
34382,1739981402241653703,1739981402243175252
34383,1739981402242626186,1739981402243702951
34384,1739981402243512124,1739981402244132433
34385,1739981402243931847,1739981402244711618
34386,1739981402244333328,1739981402245138336
34387,1739981402244915809,1739981402245636550
34388,1739981402245326643,1739981402246338737
34389,1739981402245810476,1739981402246984182
34390,1739981402246723327,1739981402247457706
34391,1739981402247212282,1739981402247886098
34392,1739981402247650035,1739981402248273094
34393,1739981402248062601,1739981402249001514
34394,1739981402248634991,1739981402249699202
34395,1739981402249200552,1739981402250167561
34396,1739981402249926045,1739981402250515859
34397,1739981402250442147,1739981402250897781
34398,1739981402250771515,1739981402251333839
34399,1739981402251089544,1739981402251678284
34400,1739981402251564235,1739981402252129342
34401,1739981402251877600,1739981402252751782
34402,1739981402252318870,1739981402253471409
34403,1739981402252978982,1739981402253885520
34404,1739981402253703006,1739981402254388539
34405,1739981402254130602,1739981402254813627
34406,1739981402254620135,1739981402255252014
34407,1739981402255028447,1739981402255684791
34408,1739981402255433958,1739981402256604332
34409,1739981402255868559,1739981402257340328
34410,1739981402256773494,1739981402257794064
34411,1739981402257561293,1739981402258147446
34412,1739981402257992883,1739981402258507979
34413,1739981402258326861,1739981402258836235
34414,1739981402258718797,1739981402259543151
34415,1739981402259039404,1739981402260247469
34416,1739981402259797017,1739981402260714145
34417,1739981402260454739,1739981402261065908
34418,1739981402260898395,1739981402261356547
34419,1739981402261222505,1739981402261724449
34420,1739981402261553504,1739981402262198189
34421,1739981402261932221,1739981402262945595
34422,1739981402262377598,1739981402263893913
34423,1739981402263219422,1739981402264393584
34424,1739981402264113510,1739981402264795726
34425,1739981402264597351,1739981402265127940
34426,1739981402265033920,1739981402265534485
34427,1739981402265246388,1739981402266017023
34428,1739981402265739150,1739981402266848883
34429,1739981402266221179,1739981402267547411
34430,1739981402267093530,1739981402268010304
34431,1739981402267811232,1739981402268352829
34432,1739981402268226941,1739981402268699211
34433,1739981402268555689,1739981402269058420
34434,1739981402268905334,1739981402269821844
34435,1739981402269200261,1739981402270436930
34436,1739981402270062282,1739981402270882688
34437,1739981402270672471,1739981402271219927
34438,1739981402271101113,1739981402271563987
34439,1739981402271422529,1739981402272026852
34440,1739981402271747274,1739981402272369235
34441,1739981402272202807,1739981402273300360
34442,1739981402272569825,1739981402273835206
34443,1739981402273534891,1739981402274565505
34444,1739981402274085596,1739981402274969910
34445,1739981402274808226,1739981402275378162
34446,1739981402275186450,1739981402275749198
34447,1739981402275550803,1739981402276126752
34448,1739981402275942954,1739981402276968439
34449,1739981402276316185,1739981402277729230
34450,1739981402277201589,1739981402278195411
34451,1739981402277953546,1739981402278674652
34452,1739981402278447973,1739981402279005039
34453,1739981402278899128,1739981402279354118
34454,1739981402279230086,1739981402280254068
34455,1739981402279571274,1739981402280856594
34456,1739981402280424824,1739981402281335000
34457,1739981402281088904,1739981402281761999
34458,1739981402281607292,1739981402282079356
34459,1739981402281953820,1739981402282415054
34460,1739981402282277949,1739981402282826442
34461,1739981402282602579,1739981402283567142
34462,1739981402283231846,1739981402284354867
34463,1739981402283833548,1739981402284744137
34464,1739981402284560840,1739981402285207302
34465,1739981402284955226,1739981402285556487
34466,1739981402285435915,1739981402285924499
34467,1739981402285773487,1739981402286301171
34468,1739981402286156465,1739981402287352601
34469,1739981402286497318,1739981402288025368
34470,1739981402287672006,1739981402288376021
34471,1739981402288277800,1739981402288777287
34472,1739981402288512701,1739981402289144621
34473,1739981402288995887,1739981402290139784
34474,1739981402289366410,1739981402290779037
34475,1739981402290472255,1739981402291216551
34476,1739981402291040223,1739981402291615273
34477,1739981402291453450,1739981402292578544
34478,1739981402291839856,1739981402293141926
34479,1739981402292977986,1739981402293571487
34480,1739981402293304545,1739981402294014669
34481,1739981402293804083,1739981402294871632
34482,1739981402294204527,1739981402295434033
34483,1739981402295055082,1739981402295906927
34484,1739981402295682794,1739981402296281155
34485,1739981402296101871,1739981402296603588
34486,1739981402296474161,1739981402297038757
34487,1739981402296844043,1739981402297346213
34488,1739981402297238811,1739981402298292917
34489,1739981402297470826,1739981402298779589
34490,1739981402298607432,1739981402299209923
34491,1739981402299007367,1739981402299583116
34492,1739981402299348096,1739981402299918406
34493,1739981402299775397,1739981402300561743
34494,1739981402300105032,1739981402301357470
34495,1739981402300830344,1739981402301879508
34496,1739981402301626429,1739981402302410438
34497,1739981402302129088,1739981402302914860
34498,1739981402302634996,1739981402303302904
34499,1739981402303140783,1739981402303683666
34500,1739981402303518723,1739981402304774417
34501,1739981402303889297,1739981402305321774
34502,1739981402304986231,1739981402305759418
34503,1739981402305550400,1739981402306112088
34504,1739981402305951263,1739981402306408931
34505,1739981402306313937,1739981402306711535
34506,1739981402306586384,1739981402307132746
34507,1739981402306880504,1739981402307753910
34508,1739981402307315790,1739981402308427569
34509,1739981402307965554,1739981402309159871
34510,1739981402308641696,1739981402309544057
34511,1739981402309363104,1739981402309994042
34512,1739981402309713788,1739981402310370352
34513,1739981402310193945,1739981402310922033
34514,1739981402310568996,1739981402311738025
34515,1739981402311302350,1739981402312506740
34516,1739981402311988776,1739981402312930166
34517,1739981402312724799,1739981402313339081
34518,1739981402313159466,1739981402313732038
34519,1739981402313556692,1739981402314126217
34520,1739981402313896162,1739981402314576536
34521,1739981402314357957,1739981402315246900
34522,1739981402314752391,1739981402315967545
34523,1739981402315483376,1739981402316544462
34524,1739981402316248644,1739981402316953941
34525,1739981402316810858,1739981402317376364
34526,1739981402317207491,1739981402317696476
34527,1739981402317619487,1739981402318033950
34528,1739981402317840731,1739981402318899537
34529,1739981402318297766,1739981402319584313
34530,1739981402319245331,1739981402319950937
34531,1739981402319809821,1739981402320292118
34532,1739981402320123335,1739981402320777899
34533,1739981402320534368,1739981402321107213
34534,1739981402320965416,1739981402321474258
34535,1739981402321282077,1739981402322306759
34536,1739981402321662925,1739981402323013162
34537,1739981402322514057,1739981402323324999
34538,1739981402323257256,1739981402323708648
34539,1739981402323466083,1739981402324127627
34540,1739981402323937367,1739981402324466116
34541,1739981402324368093,1739981402324811082
34542,1739981402324659175,1739981402325780850
34543,1739981402325011966,1739981402326347587
34544,1739981402325994970,1739981402326775379
34545,1739981402326594056,1739981402327131328
34546,1739981402326970699,1739981402327450052
34547,1739981402327316480,1739981402328252721
34548,1739981402327632728,1739981402328788482
34549,1739981402328401268,1739981402329276113
34550,1739981402329092007,1739981402329640945
34551,1739981402329485729,1739981402329987641
34552,1739981402329820152,1739981402330441215
34553,1739981402330161867,1739981402330822813
34554,1739981402330653378,1739981402331566676
34555,1739981402331006555,1739981402332071011
34556,1739981402331772389,1739981402332678225
34557,1739981402332457047,1739981402333183537
34558,1739981402332917086,1739981402333664366
34559,1739981402333406908,1739981402334139567
34560,1739981402333881193,1739981402334547506
34561,1739981402334346736,1739981402335398970
34562,1739981402334722241,1739981402335965863
34563,1739981402335694648,1739981402336522455
34564,1739981402336212501,1739981402337082775
34565,1739981402336767312,1739981402337546458
34566,1739981402337339794,1739981402338312938
34567,1739981402337755070,1739981402339325495
34568,1739981402338559564,1739981402339757612
34569,1739981402339555011,1739981402340204212
34570,1739981402339956084,1739981402340705983
34571,1739981402340414403,1739981402341629484
34572,1739981402340879606,1739981402342314446
34573,1739981402341861572,1739981402342754450
34574,1739981402342528414,1739981402343080124
34575,1739981402342958128,1739981402343379742
34576,1739981402343267635,1739981402344411511
34577,1739981402343568455,1739981402344793180
34578,1739981402344630309,1739981402345163836
34579,1739981402344998823,1739981402345461117
34580,1739981402345335790,1739981402345943058
34581,1739981402345657422,1739981402346512609
34582,1739981402346158709,1739981402347367153
34583,1739981402346740496,1739981402347767328
34584,1739981402347574930,1739981402348170722
34585,1739981402347963541,1739981402348537085
34586,1739981402348380326,1739981402348880273
34587,1739981402348763576,1739981402349287622
34588,1739981402349097056,1739981402349965316
34589,1739981402349770839,1739981402350684869
34590,1739981402350168329,1739981402351232088
34591,1739981402351005597,1739981402351664383
34592,1739981402351435635,1739981402352054850
34593,1739981402351852931,1739981402352378681
34594,1739981402352220149,1739981402353042760
34595,1739981402352609008,1739981402353778817
34596,1739981402353324713,1739981402354319622
34597,1739981402354028910,1739981402354643937
34598,1739981402354550955,1739981402354926981
34599,1739981402354831234,1739981402355287196
34600,1739981402355158024,1739981402355709572
34601,1739981402355478413,1739981402356446010
34602,1739981402355905985,1739981402357231467
34603,1739981402356626344,1739981402357639914
34604,1739981402357445927,1739981402358054341
34605,1739981402357861551,1739981402358445816
34606,1739981402358206345,1739981402358869708
34607,1739981402358654263,1739981402359721577
34608,1739981402359054013,1739981402360453976
34609,1739981402359897393,1739981402360875788
34610,1739981402360673470,1739981402361226232
34611,1739981402361077125,1739981402362050176
34612,1739981402361438130,1739981402362888394
34613,1739981402362229987,1739981402363413682
34614,1739981402363172132,1739981402363930840
34615,1739981402363648309,1739981402364465839
34616,1739981402364153214,1739981402364819341
34617,1739981402364667256,1739981402365597803
34618,1739981402365020792,1739981402366488366
34619,1739981402365822999,1739981402366915657
34620,1739981402366794592,1739981402367362898
34621,1739981402367091863,1739981402367842558
34622,1739981402367578838,1739981402368171039
34623,1739981402368041540,1739981402368930390
34624,1739981402368610486,1739981402369610044
34625,1739981402369165353,1739981402369975526
34626,1739981402369858435,1739981402370332471
34627,1739981402370171982,1739981402370722568
34628,1739981402370540280,1739981402371113603
34629,1739981402370937078,1739981402371578518
34630,1739981402371351540,1739981402372301324
34631,1739981402371759532,1739981402373206466
34632,1739981402372569955,1739981402373620598
34633,1739981402373412500,1739981402374008951
34634,1739981402373838721,1739981402374401575
34635,1739981402374218901,1739981402374793893
34636,1739981402374571085,1739981402375261624
34637,1739981402374976412,1739981402375966781
34638,1739981402375519938,1739981402376571219
34639,1739981402376265606,1739981402377002819
34640,1739981402376781996,1739981402377395564
34641,1739981402377186570,1739981402377802225
34642,1739981402377641573,1739981402378590537
34643,1739981402378102373,1739981402379276898
34644,1739981402378755353,1739981402379699875
34645,1739981402379522081,1739981402380068123
34646,1739981402379942267,1739981402380398987
34647,1739981402380249506,1739981402380713698
34648,1739981402380590552,1739981402381154106
34649,1739981402380903445,1739981402381508017
34650,1739981402381357511,1739981402382462515
34651,1739981402381690996,1739981402382979237
34652,1739981402382817708,1739981402383476717
34653,1739981402383196696,1739981402383838714
34654,1739981402383669593,1739981402384293942
34655,1739981402384015902,1739981402384622261
34656,1739981402384490217,1739981402385462325
34657,1739981402384800595,1739981402386373779
34658,1739981402385660148,1739981402386864124
34659,1739981402386647124,1739981402387262660
34660,1739981402387059091,1739981402387603847
34661,1739981402387443560,1739981402388612554
34662,1739981402387801377,1739981402389184043
34663,1739981402388974604,1739981402389573788
34664,1739981402389390413,1739981402390015403
34665,1739981402389783140,1739981402390819155
34666,1739981402390189698,1739981402391477285
34667,1739981402390991030,1739981402391960736
34668,1739981402391733144,1739981402392314472
34669,1739981402392135383,1739981402392601261
34670,1739981402392502184,1739981402392951256
34671,1739981402392803830,1739981402393372325
34672,1739981402393132782,1739981402394327474
34673,1739981402393546576,1739981402395069415
34674,1739981402394587468,1739981402395431609
34675,1739981402395306320,1739981402395834795
34676,1739981402395639333,1739981402396251578
34677,1739981402396027496,1739981402396675457
34678,1739981402396441459,1739981402397546220
34679,1739981402396847452,1739981402398110459
34680,1739981402397717314,1739981402398491655
34681,1739981402398329609,1739981402398935038
34682,1739981402398707119,1739981402399295188
34683,1739981402399136145,1739981402400065066
34684,1739981402399486715,1739981402400894683
34685,1739981402400252594,1739981402401299219
34686,1739981402401113772,1739981402401631539
34687,1739981402401492964,1739981402402045166
34688,1739981402401834908,1739981402402372794
34689,1739981402402201450,1739981402403200799
34690,1739981402402541668,1739981402403910161
34691,1739981402403437860,1739981402404389510
34692,1739981402404172009,1739981402404705161
34693,1739981402404600818,1739981402405234256
34694,1739981402404911974,1739981402405574232
34695,1739981402405456535,1739981402405973199
34696,1739981402405777630,1739981402406857048
34697,1739981402406319611,1739981402407457294
34698,1739981402407201952,1739981402407854305
34699,1739981402407677590,1739981402408187910
34700,1739981402408060009,1739981402408572971
34701,1739981402408369966,1739981402409334658
34702,1739981402408763529,1739981402410138096
34703,1739981402409598087,1739981402410620884
34704,1739981402410402333,1739981402411041208
34705,1739981402410824626,1739981402411437301
34706,1739981402411263274,1739981402411920932
34707,1739981402411658769,1739981402412679097
34708,1739981402412380063,1739981402413318373
34709,1739981402412871482,1739981402413691355
34710,1739981402413562338,1739981402414027051
34711,1739981402413924085,1739981402414435450
34712,1739981402414224024,1739981402414891995
34713,1739981402414648479,1739981402415217638
34714,1739981402415109442,1739981402416056591
34715,1739981402415453397,1739981402416706777
34716,1739981402416237001,1739981402417160540
34717,1739981402416933237,1739981402417536501
34718,1739981402417385038,1739981402417943448
34719,1739981402417741267,1739981402418343174
34720,1739981402418124493,1739981402419000644
34721,1739981402418535893,1739981402419752808
34722,1739981402419345469,1739981402420144541
34723,1739981402419977762,1739981402420544050
34724,1739981402420392297,1739981402420880415
34725,1739981402420767637,1739981402421275974
34726,1739981402421076922,1739981402422223329
34727,1739981402421487872,1739981402422721498
34728,1739981402422570426,1739981402423099261
34729,1739981402422940717,1739981402423445730
34730,1739981402423279136,1739981402424084027
34731,1739981402423647643,1739981402424853545
34732,1739981402424388095,1739981402425320583
34733,1739981402425067239,1739981402425642577
34734,1739981402425516367,1739981402425961167
34735,1739981402425812804,1739981402426464533
34736,1739981402426153927,1739981402426750498
34737,1739981402426637850,1739981402427603861
34738,1739981402426921134,1739981402428043884
34739,1739981402427832773,1739981402428545885
34740,1739981402428399833,1739981402429014197
34741,1739981402428754296,1739981402429396815
34742,1739981402429218340,1739981402429745645
34743,1739981402429574357,1739981402430717308
34744,1739981402429922735,1739981402431375751
34745,1739981402431089408,1739981402431859892
34746,1739981402431636297,1739981402432248381
34747,1739981402432091237,1739981402432947654
34748,1739981402432481667,1739981402433845402
34749,1739981402433280769,1739981402434361518
34750,1739981402434113282,1739981402434755803
34751,1739981402434559509,1739981402435151485
34752,1739981402434959125,1739981402435467424
34753,1739981402435408204,1739981402435780049
34754,1739981402435595046,1739981402436793178
34755,1739981402435976915,1739981402437250634
34756,1739981402437170973,1739981402437633437
34757,1739981402437470722,1739981402437969447
34758,1739981402437850488,1739981402438458316
34759,1739981402438147542,1739981402438818174
34760,1739981402438643793,1739981402439726572
34761,1739981402439010291,1739981402440419221
34762,1739981402439909628,1739981402440779282
34763,1739981402440643510,1739981402441149728
34764,1739981402441010373,1739981402441465406
34765,1739981402441334172,1739981402441887727
34766,1739981402441634210,1739981402442370182
34767,1739981402442083244,1739981402443298083
34768,1739981402442575290,1739981402443834220
34769,1739981402443655171,1739981402444487128
34770,1739981402444074865,1739981402444838400
34771,1739981402444708713,1739981402445161328
34772,1739981402445025701,1739981402446047452
34773,1739981402445358448,1739981402446634131
34774,1739981402446266153,1739981402446966725
34775,1739981402446846146,1739981402447384811
34776,1739981402447161588,1739981402447743266
34777,1739981402447587885,1739981402448056138
34778,1739981402447927762,1739981402448302825
34779,1739981402448220983,1739981402449254805
34780,1739981402448479991,1739981402449761734
34781,1739981402449574402,1739981402450208462
34782,1739981402449980992,1739981402450588475
34783,1739981402450412529,1739981402451079424
34784,1739981402450769673,1739981402452331364
34785,1739981402451301266,1739981402452766053
34786,1739981402452606734,1739981402453129602
34787,1739981402452977569,1739981402453504418
34788,1739981402453348502,1739981402453991985
34789,1739981402453701917,1739981402454547745
34790,1739981402454201846,1739981402455587216
34791,1739981402454771587,1739981402456196323
34792,1739981402455986097,1739981402456667795
34793,1739981402456394020,1739981402457054050
34794,1739981402456889904,1739981402458030009
34795,1739981402457230314,1739981402458657620
34796,1739981402458396712,1739981402459078870
34797,1739981402458882897,1739981402459425949
34798,1739981402459277230,1739981402460051295
34799,1739981402460005856,1739981402460786608
34800,1739981402460327542,1739981402461215993
34801,1739981402461029862,1739981402461527098
34802,1739981402461430045,1739981402461838206
34803,1739981402461744073,1739981402462277861
34804,1739981402462044241,1739981402462601596
34805,1739981402462788216,1739981402463753625
34806,1739981402463004176,1739981402464606911
34807,1739981402464096464,1739981402465114167
34808,1739981402464831391,1739981402465495633
34809,1739981402465373480,1739981402465878921
34810,1739981402465685981,1739981402466256075
34811,1739981402466052587,1739981402466721411
34812,1739981402466424935,1739981402467588140
34813,1739981402467058572,1739981402468217768
34814,1739981402467945159,1739981402468642852
34815,1739981402468427817,1739981402469025662
34816,1739981402468864183,1739981402469506899
34817,1739981402469256140,1739981402470363505
34818,1739981402470054559,1739981402470903476
34819,1739981402470763553,1739981402471400648
34820,1739981402471126996,1739981402471775444
34821,1739981402471647801,1739981402472087594
34822,1739981402471952245,1739981402472983521
34823,1739981402472273876,1739981402473574276
34824,1739981402473154013,1739981402473960729
34825,1739981402473807167,1739981402474565256
34826,1739981402474196414,1739981402474945062
34827,1739981402474788188,1739981402475325249
34828,1739981402475147011,1739981402475953229
34829,1739981402475527937,1739981402476741382
34830,1739981402476133474,1739981402477178745
34831,1739981402477001800,1739981402477523854
34832,1739981402477373489,1739981402477940350
34833,1739981402477737190,1739981402478383378
34834,1739981402478181069,1739981402479206623
34835,1739981402478596643,1739981402480124126
34836,1739981402479655955,1739981402480484929
34837,1739981402480373139,1739981402480854541
34838,1739981402480712201,1739981402481350607
34839,1739981402481047143,1739981402482071830
34840,1739981402481560012,1739981402482880064
34841,1739981402482282118,1739981402483332890
34842,1739981402483165553,1739981402483676807
34843,1739981402483559221,1739981402483996427
34844,1739981402483894440,1739981402484524710
34845,1739981402484199858,1739981402484865209
34846,1739981402484738874,1739981402485213288
34847,1739981402485126229,1739981402486203088
34848,1739981402485436477,1739981402486638976
34849,1739981402486538256,1739981402487089226
34850,1739981402486847869,1739981402487446097
34851,1739981402487283935,1739981402487921098
34852,1739981402487645722,1739981402488729061
34853,1739981402488103417,1739981402489519447
34854,1739981402488889693,1739981402489891128
34855,1739981402489780784,1739981402490246871
34856,1739981402490120471,1739981402490740042
34857,1739981402490466003,1739981402491102201
34858,1739981402490942345,1739981402491927723
34859,1739981402491310756,1739981402492586360
34860,1739981402492195899,1739981402493082073
34861,1739981402492887446,1739981402493458104
34862,1739981402493290562,1739981402493872035
34863,1739981402493662203,1739981402494272712
34864,1739981402494055119,1739981402494580082
34865,1739981402494440995,1739981402495055718
34866,1739981402494773365,1739981402495711839
34867,1739981402495203431,1739981402496387528
34868,1739981402495917941,1739981402496884095
34869,1739981402496615758,1739981402497241974
34870,1739981402497066477,1739981402497733469
34871,1739981402497452374,1739981402498081915
34872,1739981402497930889,1739981402498824342
34873,1739981402498279083,1739981402499609744
34874,1739981402499040226,1739981402500007972
34875,1739981402499838765,1739981402500471780
34876,1739981402500240964,1739981402500849185
34877,1739981402500690451,1739981402501211291
34878,1739981402501069707,1739981402501720752
34879,1739981402501429052,1739981402502608094
34880,1739981402501918329,1739981402503131827
34881,1739981402502971560,1739981402503551324
34882,1739981402503336034,1739981402503873465
34883,1739981402503719812,1739981402504285363
34884,1739981402504077834,1739981402504667715
34885,1739981402504464471,1739981402504998739
34886,1739981402504839871,1739981402505711362
34887,1739981402505176581,1739981402506572054
34888,1739981402505896628,1739981402506984079
34889,1739981402506814653,1739981402507357157
34890,1739981402507168168,1739981402507683448
34891,1739981402507584553,1739981402508088932
34892,1739981402507868964,1739981402508507772
34893,1739981402508295654,1739981402509735807
34894,1739981402508693535,1739981402510221403
34895,1739981402509984640,1739981402510601717
34896,1739981402510407479,1739981402510975044
34897,1739981402510847558,1739981402511360840
34898,1739981402511204431,1739981402512360850
34899,1739981402511634187,1739981402513151465
34900,1739981402512547152,1739981402513521706
34901,1739981402513428203,1739981402513985003
34902,1739981402513650925,1739981402514439633
34903,1739981402514178113,1739981402514897978
34904,1739981402514622739,1739981402515673656
34905,1739981402515096805,1739981402516293010
34906,1739981402515953891,1739981402516661275
34907,1739981402516502046,1739981402517112012
34908,1739981402516851325,1739981402517460543
34909,1739981402517306889,1739981402517827598
34910,1739981402517655863,1739981402518310229
34911,1739981402518033292,1739981402518633103
34912,1739981402518550743,1739981402519518719
34913,1739981402518831941,1739981402520032526
34914,1739981402519890559,1739981402520491423
34915,1739981402520248130,1739981402520890591
34916,1739981402520745801,1739981402521337021
34917,1739981402521086370,1739981402522286541
34918,1739981402521570012,1739981402522938896
34919,1739981402522650335,1739981402523354754
34920,1739981402523191874,1739981402523777335
34921,1739981402523589351,1739981402524124301
34922,1739981402524024661,1739981402524662997
34923,1739981402524278529,1739981402525614405
34924,1739981402524857839,1739981402526432962
34925,1739981402525819830,1739981402526863505
34926,1739981402526631782,1739981402527297930
34927,1739981402527071026,1739981402527748383
34928,1739981402527484628,1739981402528138039
34929,1739981402527955748,1739981402529026061
34930,1739981402528490215,1739981402529886169
34931,1739981402529206445,1739981402530268290
34932,1739981402530106566,1739981402530571200
34933,1739981402530476916,1739981402530978184
34934,1739981402530679740,1739981402531340593
34935,1739981402531184680,1739981402531668250
34936,1739981402531592875,1739981402532351341
34937,1739981402531797452,1739981402533279303
34938,1739981402532566744,1739981402533665456
34939,1739981402533565895,1739981402534120854
34940,1739981402533881973,1739981402534636772
34941,1739981402534334733,1739981402534990147
34942,1739981402534857421,1739981402535658205
34943,1739981402535179054,1739981402536562533
34944,1739981402535920868,1739981402537078455
34945,1739981402536805796,1739981402537606580
34946,1739981402537327343,1739981402538049608
34947,1739981402537807149,1739981402538379590
34948,1739981402538213816,1739981402539342041
34949,1739981402538564747,1739981402540114147
34950,1739981402539544315,1739981402540484388
34951,1739981402540355345,1739981402540860778
34952,1739981402540676076,1739981402541263991
34953,1739981402541044137,1739981402541609288
34954,1739981402541481102,1739981402541932596
34955,1739981402541829165,1739981402542772551
34956,1739981402542149625,1739981402543451348
34957,1739981402542973784,1739981402543792453
34958,1739981402543598362,1739981402544162806
34959,1739981402543985906,1739981402544688436
34960,1739981402544326170,1739981402545046191
34961,1739981402544864199,1739981402545489934
34962,1739981402545208746,1739981402546472755
34963,1739981402545667885,1739981402546963462
34964,1739981402546810921,1739981402547326955
34965,1739981402547182416,1739981402547689524
34966,1739981402547534542,1739981402548132806
34967,1739981402547911956,1739981402548627057
34968,1739981402548351195,1739981402549313049
34969,1739981402548878331,1739981402549965426
34970,1739981402549717330,1739981402550320314
34971,1739981402550183793,1739981402550644386
34972,1739981402550517039,1739981402551068256
34973,1739981402550845417,1739981402551819012
34974,1739981402551192782,1739981402552494211
34975,1739981402552070728,1739981402552906761
34976,1739981402552705904,1739981402553259474
34977,1739981402553083391,1739981402553554184
34978,1739981402553459059,1739981402554039979
34979,1739981402553738101,1739981402554488745
34980,1739981402554199692,1739981402554915301
34981,1739981402554654205,1739981402555703094
34982,1739981402555083506,1739981402556315415
34983,1739981402556031476,1739981402556659771
34984,1739981402556541559,1739981402557024424
34985,1739981402556851453,1739981402557413142
34986,1739981402557217928,1739981402557725879
34987,1739981402557590388,1739981402558184315
34988,1739981402557904866,1739981402559265730
34989,1739981402558442885,1739981402559642521
34990,1739981402559514963,1739981402560024817
34991,1739981402559866773,1739981402560357393
34992,1739981402560234653,1739981402560653814
34993,1739981402560548665,1739981402561153244
34994,1739981402560846520,1739981402562030929
34995,1739981402561356701,1739981402562461231
34996,1739981402562350644,1739981402562835624
34997,1739981402562697403,1739981402563270147
34998,1739981402563024957,1739981402563636154
34999,1739981402563451394,1739981402564559072
35000,1739981402563800606,1739981402565399943
35001,1739981402564898436,1739981402565794709
35002,1739981402565618460,1739981402566204467
35003,1739981402566017312,1739981402566590782
35004,1739981402566408297,1739981402566937836
35005,1739981402566842138,1739981402567845362
35006,1739981402567140461,1739981402568496921
35007,1739981402568150116,1739981402568923748
35008,1739981402568718131,1739981402569468743
35009,1739981402569141099,1739981402569841623
35010,1739981402569701027,1739981402570682029
35011,1739981402570403700,1739981402571371902
35012,1739981402571085858,1739981402571779869
35013,1739981402571651690,1739981402572200486
35014,1739981402572020262,1739981402573112983
35015,1739981402572407908,1739981402573795778
35016,1739981402573427540,1739981402574170274
35017,1739981402574025263,1739981402574618972
35018,1739981402574322813,1739981402574944493
35019,1739981402574838910,1739981402575298080
35020,1739981402575167744,1739981402576161176
35021,1739981402575482771,1739981402576944586
35022,1739981402576510332,1739981402577347095
35023,1739981402577153034,1739981402577698022
35024,1739981402577553258,1739981402578133351
35025,1739981402577888132,1739981402578485199
35026,1739981402578328003,1739981402579208385
35027,1739981402578662059,1739981402579967373
35028,1739981402579464548,1739981402580450619
35029,1739981402580220785,1739981402580919752
35030,1739981402580668413,1739981402581323732
35031,1739981402581127768,1739981402581656226
35032,1739981402581535309,1739981402582739935
35033,1739981402581903478,1739981402583280011
35034,1739981402583097455,1739981402583704495
35035,1739981402583601258,1739981402584054319
35036,1739981402583954984,1739981402584551468
35037,1739981402584208696,1739981402584912862
35038,1739981402584729203,1739981402585957655
35039,1739981402585177231,1739981402586403556
35040,1739981402586226550,1739981402586754838
35041,1739981402586609117,1739981402587081103
35042,1739981402586939482,1739981402587523559
35043,1739981402587298248,1739981402588368620
35044,1739981402587714049,1739981402589078089
35045,1739981402588616635,1739981402589440335
35046,1739981402589300442,1739981402589769240
35047,1739981402589647129,1739981402590089391
35048,1739981402589995931,1739981402590539423
35049,1739981402590227581,1739981402590901180
35050,1739981402590757299,1739981402591703330
35051,1739981402591085016,1739981402592408337
35052,1739981402592021834,1739981402592854114
35053,1739981402592627951,1739981402593241267
35054,1739981402593062207,1739981402593590256
35055,1739981402593420494,1739981402594362515
35056,1739981402594038784,1739981402594843247
35057,1739981402594577072,1739981402595345081
35058,1739981402595062915,1739981402595697184
35059,1739981402595554171,1739981402596063495
35060,1739981402595894947,1739981402596364982
35061,1739981402596208352,1739981402596819723
35062,1739981402596555835,1739981402597582923
35063,1739981402597007030,1739981402598327009
35064,1739981402597851284,1739981402598689041
35065,1739981402598555030,1739981402599008483
35066,1739981402598905611,1739981402599376010
35067,1739981402599218968,1739981402599743886
35068,1739981402599565066,1739981402600200459
35069,1739981402599965733,1739981402601091278
35070,1739981402600419845,1739981402601615342
35071,1739981402601422218,1739981402602083625
35072,1739981402601841975,1739981402602409485
35073,1739981402602287729,1739981402603301826
35074,1739981402602619906,1739981402603833540
35075,1739981402603525933,1739981402604467482
35076,1739981402604187061,1739981402604809016
35077,1739981402604658941,1739981402605231757
35078,1739981402605048554,1739981402605557779
35079,1739981402605452288,1739981402605885513
35080,1739981402605757199,1739981402606308867
35081,1739981402606075179,1739981402606958226
35082,1739981402606516923,1739981402607724238
35083,1739981402607131178,1739981402608144451
35084,1739981402607969627,1739981402608493676
35085,1739981402608363189,1739981402608849778
35086,1739981402608703549,1739981402609211137
35087,1739981402609052203,1739981402609535956
35088,1739981402609413975,1739981402610560019
35089,1739981402609722018,1739981402611211887
35090,1739981402610932452,1739981402611621419
35091,1739981402611395266,1739981402611993201
35092,1739981402611882860,1739981402613188687
35093,1739981402612257420,1739981402613547078
35094,1739981402613390459,1739981402613955861
35095,1739981402613750874,1739981402614431580
35096,1739981402614163068,1739981402614760343
35097,1739981402614622298,1739981402615080665
35098,1739981402614962092,1739981402616041639
35099,1739981402615306279,1739981402616528443
35100,1739981402616278166,1739981402617003996
35101,1739981402616817441,1739981402617395595
35102,1739981402617223536,1739981402617822772
35103,1739981402617609052,1739981402618200184
35104,1739981402618031432,1739981402619080625
35105,1739981402618366863,1739981402619754921
35106,1739981402619321124,1739981402620234791
35107,1739981402619970817,1739981402620655453
35108,1739981402620412132,1739981402620989772
35109,1739981402620832875,1739981402621359431
35110,1739981402621160378,1739981402622213990
35111,1739981402621527663,1739981402622767243
35112,1739981402622438683,1739981402623386965
35113,1739981402623127155,1739981402623857444
35114,1739981402623613804,1739981402624321920
35115,1739981402624038342,1739981402624673838
35116,1739981402624521432,1739981402625226889
35117,1739981402624872721,1739981402625887411
35118,1739981402625463987,1739981402626627239
35119,1739981402626148915,1739981402627007386
35120,1739981402626882124,1739981402627313005
35121,1739981402627206074,1739981402627610218
35122,1739981402627500801,1739981402628049824
35123,1739981402627813392,1739981402628701857
35124,1739981402628253004,1739981402629425137
35125,1739981402628878785,1739981402629841751
35126,1739981402629692319,1739981402630308054
35127,1739981402630054382,1739981402630713807
35128,1739981402630540197,1739981402631093203
35129,1739981402630900155,1739981402631904237
35130,1739981402631306311,1739981402632614381
35131,1739981402632146843,1739981402633050463
35132,1739981402632896763,1739981402633419442
35133,1739981402633237185,1739981402633777223
35134,1739981402633604432,1739981402634150854
35135,1739981402633978938,1739981402634550937
35136,1739981402634346547,1739981402635383617
35137,1739981402634728800,1739981402635913540
35138,1739981402635520299,1739981402636396147
35139,1739981402636208279,1739981402636731810
35140,1739981402636594886,1739981402637036334
35141,1739981402636990765,1739981402637451802
35142,1739981402637220899,1739981402637846264
35143,1739981402637650146,1739981402638625441
35144,1739981402638033535,1739981402639382910
35145,1739981402638946247,1739981402639827229
35146,1739981402639602434,1739981402640247174
35147,1739981402640027213,1739981402640710438
35148,1739981402640434676,1739981402641182340
35149,1739981402640925155,1739981402641600662
35150,1739981402641366475,1739981402642450408
35151,1739981402641780873,1739981402642862781
35152,1739981402642596965,1739981402643434536
35153,1739981402643206558,1739981402643883972
35154,1739981402643644637,1739981402644383359
35155,1739981402644072927,1739981402644726078
35156,1739981402644615131,1739981402645165544
35157,1739981402644911044,1739981402645930633
35158,1739981402645338724,1739981402646560460
35159,1739981402646201299,1739981402646978250
35160,1739981402646793741,1739981402647301178
35161,1739981402647198713,1739981402647609829
35162,1739981402647519907,1739981402647982395
35163,1739981402647796239,1739981402648285998
35164,1739981402648218130,1739981402648933418
35165,1739981402648472057,1739981402649545477
35166,1739981402649142290,1739981402650000010
35167,1739981402649774029,1739981402650390025
35168,1739981402650198888,1739981402650766307
35169,1739981402650562776,1739981402651074944
35170,1739981402650976542,1739981402651348948
35171,1739981402651190044,1739981402652330474
35172,1739981402651523476,1739981402653167865
35173,1739981402652569003,1739981402653643351
35174,1739981402653427117,1739981402654066611
35175,1739981402653870256,1739981402654667240
35176,1739981402654252476,1739981402655128135
35177,1739981402654883425,1739981402655484095
35178,1739981402655307379,1739981402656252294
35179,1739981402655803375,1739981402656896042
35180,1739981402656436205,1739981402657374334
35181,1739981402657197123,1739981402657783370
35182,1739981402657549070,1739981402658138498
35183,1739981402657975534,1739981402658466727
35184,1739981402658314711,1739981402659307794
35185,1739981402658658625,1739981402660094646
35186,1739981402659547874,1739981402660461351
35187,1739981402660340345,1739981402660782592
35188,1739981402660673953,1739981402661203667
35189,1739981402660980250,1739981402661548828
35190,1739981402661413800,1739981402661976297
35191,1739981402661771464,1739981402662815948
35192,1739981402662184388,1739981402663510021
35193,1739981402663087282,1739981402663899140
35194,1739981402663734488,1739981402664345380
35195,1739981402664127869,1739981402664740859
35196,1739981402664545904,1739981402665134711
35197,1739981402664981562,1739981402665511137
35198,1739981402665347906,1739981402666391110
35199,1739981402665692026,1739981402666903930
35200,1739981402666775792,1739981402667319360
35201,1739981402667107911,1739981402667693126
35202,1739981402667514426,1739981402668050806
35203,1739981402667900905,1739981402668804686
35204,1739981402668234340,1739981402669421039
35205,1739981402669036164,1739981402669804595
35206,1739981402669641653,1739981402670154168
35207,1739981402670005971,1739981402670604022
35208,1739981402670357263,1739981402671008785
35209,1739981402670840329,1739981402671927276
35210,1739981402671201576,1739981402672462299
35211,1739981402672269586,1739981402672914131
35212,1739981402672705816,1739981402673281391
35213,1739981402673140461,1739981402673645371
35214,1739981402673474782,1739981402674115285
35215,1739981402673816977,1739981402675033398
35216,1739981402674400767,1739981402675591245
35217,1739981402675363363,1739981402675972558
35218,1739981402675782384,1739981402676367734
35219,1739981402676168132,1739981402677362187
35220,1739981402676573495,1739981402677890420
35221,1739981402677633096,1739981402678467260
35222,1739981402678253453,1739981402678887451
35223,1739981402678672581,1739981402679230151
35224,1739981402679087947,1739981402679564006
35225,1739981402679444351,1739981402679973934
35226,1739981402679747822,1739981402680801459
35227,1739981402680166833,1739981402681391486
35228,1739981402681062431,1739981402681830131
35229,1739981402681584526,1739981402682186960
35230,1739981402682017107,1739981402682631366
35231,1739981402682353897,1739981402683019183
35232,1739981402682798476,1739981402683959724
35233,1739981402683199985,1739981402684864485
35234,1739981402684126340,1739981402685337958
35235,1739981402685142652,1739981402685763333
35236,1739981402685578694,1739981402686123501
35237,1739981402685995419,1739981402686456675
35238,1739981402686387075,1739981402687354981
35239,1739981402686617769,1739981402688184794
35240,1739981402687612133,1739981402688643123
35241,1739981402688428281,1739981402689036419
35242,1739981402688840193,1739981402689420505
35243,1739981402689209820,1739981402689899599
35244,1739981402689617121,1739981402690992968
35245,1739981402690088145,1739981402691444532
35246,1739981402691233843,1739981402691848291
35247,1739981402691625400,1739981402692176742
35248,1739981402692060590,1739981402692571095
35249,1739981402692399706,1739981402693577678
35250,1739981402692772605,1739981402694037664
35251,1739981402693928643,1739981402694452651
35252,1739981402694295091,1739981402694844540
35253,1739981402694627353,1739981402695148575
35254,1739981402695016092,1739981402695578036
35255,1739981402695316667,1739981402696426439
35256,1739981402695763404,1739981402697087023
35257,1739981402696678315,1739981402697519189
35258,1739981402697324669,1739981402697917819
35259,1739981402697740396,1739981402698287231
35260,1739981402698099702,1739981402698728170
35261,1739981402698485089,1739981402699105727
35262,1739981402698923862,1739981402699933735
35263,1739981402699286933,1739981402700624464
35264,1739981402700166814,1739981402701061058
35265,1739981402700840726,1739981402701530076
35266,1739981402701187690,1739981402701895848
35267,1739981402701730532,1739981402702770197
35268,1739981402702088540,1739981402703344886
35269,1739981402703136497,1739981402703702132
35270,1739981402703534554,1739981402704025299
35271,1739981402703883192,1739981402704584152
35272,1739981402704222758,1739981402704929848
35273,1739981402704761522,1739981402705294858
35274,1739981402705111736,1739981402706268678
35275,1739981402705470538,1739981402706741980
35276,1739981402706592998,1739981402707230578
35277,1739981402706991884,1739981402707643744
35278,1739981402707426211,1739981402708053986
35279,1739981402707827523,1739981402708811872
35280,1739981402708209046,1739981402709358608
35281,1739981402709107987,1739981402709889523
35282,1739981402709709363,1739981402710257191
35283,1739981402710120593,1739981402710686841
35284,1739981402710478233,1739981402711031265
35285,1739981402710910136,1739981402711640718
35286,1739981402711229369,1739981402712555665
35287,1739981402711910031,1739981402713008431
35288,1739981402712788981,1739981402713395811
35289,1739981402713246733,1739981402713758126
35290,1739981402713598186,1739981402714052466
35291,1739981402713968134,1739981402714430521
35292,1739981402714180567,1739981402714855428
35293,1739981402714622576,1739981402715707271
35294,1739981402715067633,1739981402716334737
35295,1739981402715969880,1739981402716653659
35296,1739981402716530636,1739981402717089150
35297,1739981402716831432,1739981402717448972
35298,1739981402717314653,1739981402717879022
35299,1739981402717677999,1739981402718265128
35300,1739981402718091354,1739981402719154240
35301,1739981402718453552,1739981402719687027
35302,1739981402719493615,1739981402720059844
35303,1739981402719920717,1739981402720481765
35304,1739981402720205578,1739981402720941018
35305,1739981402720673618,1739981402721807025
35306,1739981402721145719,1739981402722510682
35307,1739981402722004992,1739981402722957083
35308,1739981402722752281,1739981402723298488
35309,1739981402723160418,1739981402723654381
35310,1739981402723468780,1739981402724052988
35311,1739981402723849502,1739981402724430280
35312,1739981402724270599,1739981402724726181
35313,1739981402724623241,1739981402725558839
35314,1739981402724884456,1739981402725999672
35315,1739981402725806726,1739981402726467573
35316,1739981402726317623,1739981402726937698
35317,1739981402726701030,1739981402727242829
35318,1739981402727162725,1739981402727693083
35319,1739981402727441547,1739981402728003484
35320,1739981402727897603,1739981402728745897
35321,1739981402728195511,1739981402729376294
35322,1739981402729052881,1739981402729902367
35323,1739981402729700111,1739981402730260224
35324,1739981402730094903,1739981402730665392
35325,1739981402730459831,1739981402731133643
35326,1739981402730842538,1739981402731461705
35327,1739981402731313368,1739981402732311266
35328,1739981402731654503,1739981402733076560
35329,1739981402732538579,1739981402733452801
35330,1739981402733319480,1739981402733792100
35331,1739981402733639422,1739981402734261752
35332,1739981402733991007,1739981402734593882
35333,1739981402734482995,1739981402734963715
35334,1739981402734809829,1739981402735345141
35335,1739981402735175129,1739981402735620289
35336,1739981402735564701,1739981402736456250
35337,1739981402735730111,1739981402737030108
35338,1739981402736700210,1739981402737509913
35339,1739981402737251020,1739981402737845550
35340,1739981402737743781,1739981402738235530
35341,1739981402738087773,1739981402738617538
35342,1739981402738430965,1739981402739404027
35343,1739981402738813855,1739981402739935929
35344,1739981402739731328,1739981402740403985
35345,1739981402740240645,1739981402740774988
35346,1739981402740639524,1739981402741174982
35347,1739981402740972086,1739981402741624118
35348,1739981402741382665,1739981402742720125
35349,1739981402741827310,1739981402743325131
35350,1739981402743120842,1739981402743769633
35351,1739981402743561923,1739981402744422441
35352,1739981402743960415,1739981402744849232
35353,1739981402744649658,1739981402745554009
35354,1739981402745040498,1739981402746235607
35355,1739981402745785481,1739981402746610786
35356,1739981402746463140,1739981402746955012
35357,1739981402746849001,1739981402747375785
35358,1739981402747183737,1739981402747703868
35359,1739981402747575785,1739981402748449392
35360,1739981402747939201,1739981402749171805
35361,1739981402748713393,1739981402749673740
35362,1739981402749408396,1739981402750034669
35363,1739981402749881596,1739981402750455891
35364,1739981402750218292,1739981402750827328
35365,1739981402750639000,1739981402751266276
35366,1739981402751039841,1739981402752086806
35367,1739981402751547200,1739981402752824463
35368,1739981402752318909,1739981402753339243
35369,1739981402753100805,1739981402753734658
35370,1739981402753566161,1739981402754471263
35371,1739981402753949092,1739981402755333081
35372,1739981402754733494,1739981402755879395
35373,1739981402755573289,1739981402756385796
35374,1739981402756100912,1739981402756915576
35375,1739981402756650038,1739981402757781023
35376,1739981402757156112,1739981402758569881
35377,1739981402758048023,1739981402759138972
35378,1739981402758790244,1739981402759543734
35379,1739981402759336749,1739981402759910329
35380,1739981402759707278,1739981402760764647
35381,1739981402760060566,1739981402761235750
35382,1739981402761030343,1739981402761725439
35383,1739981402761547451,1739981402762170295
35384,1739981402761936282,1739981402762480948
35385,1739981402762375369,1739981402762774505
35386,1739981402762675103,1739981402763211006
35387,1739981402762984608,1739981402763927658
35388,1739981402763406260,1739981402764843158
35389,1739981402764070109,1739981402765221065
35390,1739981402765059939,1739981402765656186
35391,1739981402765409272,1739981402766021929
35392,1739981402765926992,1739981402766448937
35393,1739981402766189053,1739981402767297143
35394,1739981402766630257,1739981402767902631
35395,1739981402767532293,1739981402768301398
35396,1739981402768131048,1739981402768618038
35397,1739981402768483646,1739981402769080951
35398,1739981402768793544,1739981402769905551
35399,1739981402769281045,1739981402770684358
35400,1739981402770202383,1739981402771227404
35401,1739981402770890967,1739981402771565512
35402,1739981402771440244,1739981402771979849
35403,1739981402771743992,1739981402772370314
35404,1739981402772179401,1739981402773082968
35405,1739981402772668660,1739981402773935050
35406,1739981402773409358,1739981402774516813
35407,1739981402774172994,1739981402774858468
35408,1739981402774765450,1739981402775140873
35409,1739981402774994671,1739981402775606069
35410,1739981402775366315,1739981402775901538
35411,1739981402775817722,1739981402776799445
35412,1739981402776001189,1739981402777361965
35413,1739981402777165511,1739981402777874679
35414,1739981402777577230,1739981402778264469
35415,1739981402778069546,1739981402778706719
35416,1739981402778484501,1739981402779710900
35417,1739981402778892297,1739981402780226665
35418,1739981402780033747,1739981402780579087
35419,1739981402780458866,1739981402780937292
35420,1739981402780789536,1739981402781930429
35421,1739981402781150406,1739981402782489683
35422,1739981402782268092,1739981402782903824
35423,1739981402782728832,1739981402783393222
35424,1739981402783140047,1739981402783735366
35425,1739981402783596265,1739981402784879328
35426,1739981402784056350,1739981402785345384
35427,1739981402785128010,1739981402785729536
35428,1739981402785581319,1739981402786083895
35429,1739981402785938565,1739981402786515254
35430,1739981402786273128,1739981402786826810
35431,1739981402786711021,1739981402787724516
35432,1739981402787003630,1739981402788364631
35433,1739981402788020548,1739981402788934975
35434,1739981402788621944,1739981402789340074
35435,1739981402789175205,1739981402789789602
35436,1739981402789545452,1739981402790137130
35437,1739981402789974289,1739981402790518069
35438,1739981402790327309,1739981402791181749
35439,1739981402790760478,1739981402791698214
35440,1739981402791390867,1739981402792351175
35441,1739981402792068397,1739981402792738237
35442,1739981402792549782,1739981402793064856
35443,1739981402792993195,1739981402793547622
35444,1739981402793215134,1739981402794475885
35445,1739981402793749970,1739981402795159805
35446,1739981402794672934,1739981402795537992
35447,1739981402795406266,1739981402795880863
35448,1739981402795756314,1739981402796225170
35449,1739981402796094024,1739981402796601345
35450,1739981402796416974,1739981402796921290
35451,1739981402796801194,1739981402797258432
35452,1739981402797130265,1739981402798367163
35453,1739981402797576914,1739981402798749263
35454,1739981402798606840,1739981402799146375
35455,1739981402798980888,1739981402799506080
35456,1739981402799403596,1739981402799822234
35457,1739981402799730207,1739981402800260621
35458,1739981402800015618,1739981402800881295
35459,1739981402800683762,1739981402801394927
35460,1739981402801257090,1739981402801826168
35461,1739981402801622316,1739981402802250242
35462,1739981402802055120,1739981402802632842
35463,1739981402802477612,1739981402803475830
35464,1739981402802827492,1739981402804334995
35465,1739981402803732625,1739981402804711646
35466,1739981402804569129,1739981402805120702
35467,1739981402804911936,1739981402805495675
35468,1739981402805389366,1739981402805807436
35469,1739981402805728309,1739981402806090361
35470,1739981402806010404,1739981402806914949
35471,1739981402806323590,1739981402807491998
35472,1739981402807108515,1739981402807836101
35473,1739981402807760820,1739981402808172081
35474,1739981402808063461,1739981402808626382
35475,1739981402808375118,1739981402808966341
35476,1739981402808819749,1739981402809955844
35477,1739981402809170645,1739981402810409648
35478,1739981402810207040,1739981402810730258
35479,1739981402810593222,1739981402811038770
35480,1739981402810897281,1739981402811352684
35481,1739981402811204906,1739981402812073109
35482,1739981402811554258,1739981402812946277
35483,1739981402812277429,1739981402813438831
35484,1739981402813223750,1739981402813827136
35485,1739981402813636861,1739981402814284484
35486,1739981402814031233,1739981402814723758
35487,1739981402814499935,1739981402815061354
35488,1739981402814906660,1739981402816123015
35489,1739981402815210893,1739981402816510920
35490,1739981402816329346,1739981402816856122
35491,1739981402816731286,1739981402817208871
35492,1739981402817035525,1739981402817649738
35493,1739981402817377211,1739981402817952715
35494,1739981402817849242,1739981402818705475
35495,1739981402818132013,1739981402819525976
35496,1739981402818991063,1739981402819896908
35497,1739981402819752804,1739981402820342183
35498,1739981402820094472,1739981402820733224
35499,1739981402820530282,1739981402821088367
35500,1739981402820920712,1739981402821407441
35501,1739981402821278545,1739981402822203783
35502,1739981402821715492,1739981402822687687
35503,1739981402822584511,1739981402823142654
35504,1739981402822896457,1739981402823572405
35505,1739981402823337973,1739981402824003145
35506,1739981402823768409,1739981402824462523
35507,1739981402824180619,1739981402825470513
35508,1739981402824652189,1739981402826151628
35509,1739981402825706591,1739981402826535792
35510,1739981402826388600,1739981402826873752
35511,1739981402826736912,1739981402827170574
35512,1739981402827071822,1739981402827996121
35513,1739981402827380371,1739981402828737878
35514,1739981402828149733,1739981402829082341
35515,1739981402828972407,1739981402829362921
35516,1739981402829271146,1739981402829633940
35517,1739981402829536632,1739981402830038431
35518,1739981402829826990,1739981402830770347
35519,1739981402830245612,1739981402831701874
35520,1739981402830924260,1739981402832186038
35521,1739981402831906314,1739981402832650758
35522,1739981402832384850,1739981402833180022
35523,1739981402832888739,1739981402833555301
35524,1739981402833403303,1739981402834568860
35525,1739981402833745947,1739981402835173496
35526,1739981402834844842,1739981402835715862
35527,1739981402835495035,1739981402836114803
35528,1739981402835934111,1739981402836470295
35529,1739981402836296689,1739981402837296408
35530,1739981402836669216,1739981402838120845
35531,1739981402837672313,1739981402838564218
35532,1739981402838382327,1739981402838980092
35533,1739981402838764727,1739981402839327915
35534,1739981402839177635,1739981402839644891
35535,1739981402839506623,1739981402840701603
35536,1739981402839822305,1739981402841240154
35537,1739981402841076843,1739981402841595567
35538,1739981402841501600,1739981402841941812
35539,1739981402841797503,1739981402842413652
35540,1739981402842147161,1739981402843392883
35541,1739981402842641928,1739981402844155597
35542,1739981402843611420,1739981402844557963
35543,1739981402844348557,1739981402844897071
35544,1739981402844735140,1739981402845241254
35545,1739981402845093379,1739981402845603062
35546,1739981402845422835,1739981402846042391
35547,1739981402845802366,1739981402847027120
35548,1739981402846208317,1739981402847546753
35549,1739981402847307749,1739981402847925377
35550,1739981402847718012,1739981402848465440
35551,1739981402848093493,1739981402849385042
35552,1739981402848645917,1739981402849916648
35553,1739981402849574635,1739981402850345515
35554,1739981402850137794,1739981402850702968
35555,1739981402850518986,1739981402851370672
35556,1739981402850883454,1739981402852201989
35557,1739981402851629963,1739981402852569913
35558,1739981402852435897,1739981402852951383
35559,1739981402852763038,1739981402853479033
35560,1739981402853178546,1739981402853837266
35561,1739981402853721983,1739981402854300688
35562,1739981402854036994,1739981402854628369
35563,1739981402854519875,1739981402855430465
35564,1739981402854803458,1739981402855992720
35565,1739981402855691795,1739981402856503164
35566,1739981402856335969,1739981402856899617
35567,1739981402856701751,1739981402857317947
35568,1739981402857088237,1739981402857758848
35569,1739981402857487560,1739981402858154049
35570,1739981402857938510,1739981402858782272
35571,1739981402858437948,1739981402859485527
35572,1739981402859010730,1739981402859857324
35573,1739981402859681242,1739981402860166778
35574,1739981402860041334,1739981402860928132
35575,1739981402860347819,1739981402861711482
35576,1739981402861203802,1739981402862047650
35577,1739981402861950742,1739981402862426530
35578,1739981402862256744,1739981402862784976
35579,1739981402862651087,1739981402863175285
35580,1739981402863026481,1739981402863642530
35581,1739981402863381099,1739981402864446518
35582,1739981402863841449,1739981402865203442
35583,1739981402864803290,1739981402865638202
35584,1739981402865418918,1739981402865987871
35585,1739981402865818280,1739981402866363692
35586,1739981402866163052,1739981402866692448
35587,1739981402866553422,1739981402867007148
35588,1739981402866889664,1739981402868040323
35589,1739981402867176832,1739981402868367398
35590,1739981402868251862,1739981402868731948
35591,1739981402868563599,1739981402869147901
35592,1739981402868939520,1739981402869534178
35593,1739981402869327120,1739981402870348409
35594,1739981402869717013,1739981402871016360
35595,1739981402870621646,1739981402871469028
35596,1739981402871289059,1739981402871850905
35597,1739981402871687778,1739981402872297525
35598,1739981402872064592,1739981402872588751
35599,1739981402872498142,1739981402872907315
35600,1739981402872764597,1739981402873257442
35601,1739981402873122979,1739981402874346158
35602,1739981402873500076,1739981402874836746
35603,1739981402874541824,1739981402875403947
35604,1739981402875139024,1739981402875843901
35605,1739981402875610206,1739981402876192895
35606,1739981402876021249,1739981402876590310
35607,1739981402876393689,1739981402876958143
35608,1739981402876769384,1739981402877859377
35609,1739981402877156015,1739981402878549970
35610,1739981402878245522,1739981402878996150
35611,1739981402878771699,1739981402879408845
35612,1739981402879183471,1739981402879792605
35613,1739981402879605586,1739981402880720791
35614,1739981402879981732,1739981402881370442
35615,1739981402881040051,1739981402881732065
35616,1739981402881583299,1739981402882076528
35617,1739981402881928998,1739981402882436976
35618,1739981402882211712,1739981402882756008
35619,1739981402882644141,1739981402883538577
35620,1739981402882951978,1739981402884577826
35621,1739981402883783749,1739981402885077321
35622,1739981402884820698,1739981402885540629
35623,1739981402885304081,1739981402886014159
35624,1739981402885750071,1739981402886425716
35625,1739981402886217928,1739981402886893459
35626,1739981402886637648,1739981402887695524
35627,1739981402887094441,1739981402888455217
35628,1739981402887991713,1739981402888829234
35629,1739981402888658161,1739981402889234342
35630,1739981402889028949,1739981402889713199
35631,1739981402889429409,1739981402890052450
35632,1739981402889893436,1739981402890668965
35633,1739981402890204595,1739981402891510333
35634,1739981402890866608,1739981402891899439
35635,1739981402891761303,1739981402892219533
35636,1739981402892086346,1739981402892619456
35637,1739981402892407075,1739981402893042950
35638,1739981402892815258,1739981402893392306
35639,1739981402893249971,1739981402894068293
35640,1739981402893646178,1739981402895044903
35641,1739981402894362324,1739981402895465246
35642,1739981402895250646,1739981402895964189
35643,1739981402895681349,1739981402896348649
35644,1739981402896162185,1739981402896693613
35645,1739981402896555153,1739981402897505220
35646,1739981402896908356,1739981402898245705
35647,1739981402897784039,1739981402898727348
35648,1739981402898517227,1739981402899127932
35649,1739981402898961706,1739981402899558474
35650,1739981402899350296,1739981402899929010
35651,1739981402899739364,1739981402900745320
35652,1739981402900132044,1739981402901490379
35653,1739981402901075931,1739981402901852158
35654,1739981402901739964,1739981402902199273
35655,1739981402902064857,1739981402902620153
35656,1739981402902398982,1739981402902980930
35657,1739981402902806046,1739981402903431256
35658,1739981402903147694,1739981402903815418
35659,1739981402903679631,1739981402905168933
35660,1739981402904066283,1739981402905593925
35661,1739981402905387784,1739981402906415227
35662,1739981402906155119,1739981402906816431
35663,1739981402906624675,1739981402907278234
35664,1739981402907022090,1739981402908183403
35665,1739981402907486170,1739981402908839920
35666,1739981402908428043,1739981402909370930
35667,1739981402909060085,1739981402909773360
35668,1739981402909564098,1739981402910188720
35669,1739981402909945466,1739981402911170839
35670,1739981402910386949,1739981402911734332
35671,1739981402911534890,1739981402912168026
35672,1739981402911974421,1739981402912661213
35673,1739981402912309997,1739981402913668221
35674,1739981402912843339,1739981402914333143
35675,1739981402913968633,1739981402914816479
35676,1739981402914593906,1739981402915187227
35677,1739981402915013148,1739981402915524387
35678,1739981402915389568,1739981402915952432
35679,1739981402915699815,1739981402916759510
35680,1739981402916273583,1739981402917418180
35681,1739981402916959254,1739981402917862241
35682,1739981402917644041,1739981402918263947
35683,1739981402918087628,1739981402918670188
35684,1739981402918463604,1739981402919128540
35685,1739981402918901969,1739981402919530201
35686,1739981402919317045,1739981402920451857
35687,1739981402919752701,1739981402921081308
35688,1739981402920610305,1739981402921624322
35689,1739981402921343073,1739981402922082642
35690,1739981402921821723,1739981402922494293
35691,1739981402922290408,1739981402922998850
35692,1739981402922687550,1739981402923790395
35693,1739981402923201772,1739981402924660697
35694,1739981402924062222,1739981402925096938
35695,1739981402924918025,1739981402925497590
35696,1739981402925345551,1739981402925828073
35697,1739981402925711523,1739981402926249860
35698,1739981402926019428,1739981402926775332
35699,1739981402926449709,1739981402927500341
35700,1739981402927179173,1739981402928395603
35701,1739981402927688978,1739981402928793951
35702,1739981402928655710,1739981402929193258
35703,1739981402928991606,1739981402929564133
35704,1739981402929412554,1739981402929947308
35705,1739981402929769608,1739981402930571151
35706,1739981402930147940,1739981402931522338
35707,1739981402930876052,1739981402932031585
35708,1739981402931772027,1739981402932686844
35709,1739981402932276004,1739981402933168205
35710,1739981402932892959,1739981402933570631
35711,1739981402933371652,1739981402934569243
35712,1739981402933743396,1739981402935404560
35713,1739981402934850305,1739981402935860229
35714,1739981402935643747,1739981402936281794
35715,1739981402936058409,1739981402936727909
35716,1739981402936516706,1739981402937626013
35717,1739981402936956550,1739981402938081387
35718,1739981402937983077,1739981402938525536
35719,1739981402938261327,1739981402938856240
35720,1739981402938732992,1739981402939204130
35721,1739981402939045606,1739981402939824923
35722,1739981402939413397,1739981402940832588
35723,1739981402940130411,1739981402941236026
35724,1739981402941109850,1739981402941654774
35725,1739981402941414821,1739981402942162384
35726,1739981402941852667,1739981402942556376
35727,1739981402942353307,1739981402942954658
35728,1739981402942715746,1739981402943763453
35729,1739981402943419418,1739981402944645466
35730,1739981402943962701,1739981402945127604
35731,1739981402944915855,1739981402945617756
35732,1739981402945317912,1739981402945967463
35733,1739981402945805744,1739981402946292574
35734,1739981402946159753,1739981402947306683
35735,1739981402946457861,1739981402947873875
35736,1739981402947657872,1739981402948303930
35737,1739981402948082322,1739981402948720933
35738,1739981402948483555,1739981402949046635
35739,1739981402948913600,1739981402949368949
35740,1739981402949201691,1739981402950484934
35741,1739981402949543385,1739981402950849109
35742,1739981402950786814,1739981402951216601
35743,1739981402951020086,1739981402951550610
35744,1739981402951437582,1739981402952014481
35745,1739981402951762147,1739981402952754936
35746,1739981402952195404,1739981402953679706
35747,1739981402952993387,1739981402954228996
35748,1739981402953949196,1739981402954616552
35749,1739981402954467244,1739981402955042041
35750,1739981402954810856,1739981402955401638
35751,1739981402955235710,1739981402956173458
35752,1739981402955599476,1739981402956888099
35753,1739981402956335008,1739981402957296008
35754,1739981402957092348,1739981402957770294
35755,1739981402957517640,1739981402958214938
35756,1739981402957966990,1739981402959040743
35757,1739981402958416721,1739981402959881224
35758,1739981402959357023,1739981402960326042
35759,1739981402960177729,1739981402960691201
35760,1739981402960565562,1739981402961120390
35761,1739981402960887958,1739981402961439037
35762,1739981402961345789,1739981402961778783
35763,1739981402961629484,1739981402962852247
35764,1739981402961971563,1739981402963337931
35765,1739981402963182612,1739981402963817254
35766,1739981402963565883,1739981402964336994
35767,1739981402964015133,1739981402964772017
35768,1739981402964546722,1739981402965194033
35769,1739981402964961633,1739981402965852186
35770,1739981402965427560,1739981402966667612
35771,1739981402966028885,1739981402967022867
35772,1739981402966923781,1739981402967491993
35773,1739981402967236743,1739981402968027274
35774,1739981402967723706,1739981402968373953
35775,1739981402968245735,1739981402969353201
35776,1739981402968578871,1739981402970049741
35777,1739981402969751052,1739981402970434627
35778,1739981402970240939,1739981402970926258
35779,1739981402970622174,1739981402971350468
35780,1739981402971105720,1739981402972180114
35781,1739981402971531227,1739981402972689377
35782,1739981402972540897,1739981402973109002
35783,1739981402972897344,1739981402973468790
35784,1739981402973322168,1739981402973869144
35785,1739981402973695092,1739981402974397581
35786,1739981402974092926,1739981402974854432
35787,1739981402974685891,1739981402975709461
35788,1739981402975077818,1739981402976426083
35789,1739981402975961146,1739981402976907932
35790,1739981402976665799,1739981402977259773
35791,1739981402977110899,1739981402977632298
35792,1739981402977457254,1739981402978000376
35793,1739981402977812480,1739981402978411568
35794,1739981402978204404,1739981402979271908
35795,1739981402978586121,1739981402979939835
35796,1739981402979536998,1739981402980453707
35797,1739981402980150115,1739981402980849371
35798,1739981402980643812,1739981402981285205
35799,1739981402981169308,1739981402982066317
35800,1739981402981490227,1739981402982778440
35801,1739981402982334309,1739981402983144295
35802,1739981402983025802,1739981402983612502
35803,1739981402983333371,1739981402983944034
35804,1739981402983793880,1739981402984386346
35805,1739981402984170323,1739981402984743990
35806,1739981402984600433,1739981402985220005
35807,1739981402984971186,1739981402985740089
35808,1739981402985457759,1739981402986697749
35809,1739981402986069573,1739981402987157058
35810,1739981402986968704,1739981402987546008
35811,1739981402987351484,1739981402987950904
35812,1739981402987756044,1739981402988287185
35813,1739981402988158693,1739981402988670805
35814,1739981402988494001,1739981402989521356
35815,1739981402989039409,1739981402989985278
35816,1739981402989865646,1739981402990398908
35817,1739981402990151036,1739981402990751826
35818,1739981402990634672,1739981402991458277
35819,1739981402990990937,1739981402992238172
35820,1739981402991828883,1739981402992582437
35821,1739981402992456126,1739981402992940344
35822,1739981402992843435,1739981402993360200
35823,1739981402993152219,1739981402993741359
35824,1739981402993563435,1739981402994107068
35825,1739981402993917252,1739981402994578731
35826,1739981402994353223,1739981402994943813
35827,1739981402994776779,1739981402995664297
35828,1739981402995262192,1739981402996229954
35829,1739981402995871057,1739981402996774158
35830,1739981402996594242,1739981402997190667
35831,1739981402997014005,1739981402997551863
35832,1739981402997389889,1739981402997969407
35833,1739981402997745876,1739981402998369375
35834,1739981402998167448,1739981402999093949
35835,1739981402998578665,1739981402999884204
35836,1739981402999396387,1739981403000310653
35837,1739981403000165211,1739981403000688024
35838,1739981403000580673,1739981403001019390
35839,1739981403000888406,1739981403001363358
35840,1739981403001235525,1739981403001659288
35841,1739981403001562142,1739981403002531171
35842,1739981403001840888,1739981403003195797
35843,1739981403002721049,1739981403003580128
35844,1739981403003447848,1739981403004033020
35845,1739981403003800609,1739981403004405689
35846,1739981403004293799,1739981403004794599
35847,1739981403004609317,1739981403005209860
35848,1739981403004977308,1739981403005842823
35849,1739981403005396019,1739981403006694478
35850,1739981403006107543,1739981403007097455
35851,1739981403006960599,1739981403007507567
35852,1739981403007336769,1739981403008001847
35853,1739981403007733347,1739981403008355843
35854,1739981403008218521,1739981403008675008
35855,1739981403008561254,1739981403009834693
35856,1739981403009075552,1739981403010242471
35857,1739981403010066268,1739981403010649376
35858,1739981403010480144,1739981403011018678
35859,1739981403010858205,1739981403011331231
35860,1739981403011208520,1739981403011655805
35861,1739981403011549215,1739981403012451839
35862,1739981403011957426,1739981403013169250
35863,1739981403012639846,1739981403013561816
35864,1739981403013410361,1739981403014023981
35865,1739981403013802066,1739981403014428958
35866,1739981403014311424,1739981403014825056
35867,1739981403014645158,1739981403015233190
35868,1739981403015064116,1739981403016094529
35869,1739981403015463711,1739981403016848964
35870,1739981403016376615,1739981403017177423
35871,1739981403017075862,1739981403017518205
35872,1739981403017386669,1739981403017916194
35873,1739981403017731357,1739981403018394714
35874,1739981403018146422,1739981403019264000
35875,1739981403018615992,1739981403020077757
35876,1739981403019514192,1739981403020458036
35877,1739981403020288135,1739981403020846552
35878,1739981403020659750,1739981403021337504
35879,1739981403021060248,1739981403022155972
35880,1739981403021552580,1739981403023048631
35881,1739981403022521079,1739981403023468451
35882,1739981403023244627,1739981403023782372
35883,1739981403023675367,1739981403024080407
35884,1739981403023980298,1739981403024522327
35885,1739981403024242803,1739981403024874445
35886,1739981403024742837,1739981403025242349
35887,1739981403025087231,1739981403026226341
35888,1739981403025416733,1739981403026877243
35889,1739981403026348732,1739981403027310092
35890,1739981403027143657,1739981403027731694
35891,1739981403027516070,1739981403028143347
35892,1739981403027905254,1739981403028602883
35893,1739981403028339656,1739981403029365318
35894,1739981403028813523,1739981403029884617
35895,1739981403029636666,1739981403030324853
35896,1739981403030155921,1739981403030736711
35897,1739981403030553045,1739981403031168652
35898,1739981403030938169,1739981403032034613
35899,1739981403031378197,1739981403032742391
35900,1739981403032239962,1739981403033265890
35901,1739981403033002778,1739981403033673116
35902,1739981403033472513,1739981403034092710
35903,1739981403033917219,1739981403034593395
35904,1739981403034385020,1739981403034889743
35905,1739981403034801340,1739981403035545741
35906,1739981403035076343,1739981403036371024
35907,1739981403035863764,1739981403036750406
35908,1739981403036570301,1739981403037101925
35909,1739981403036945499,1739981403037543491
35910,1739981403037262063,1739981403037892649
35911,1739981403037719412,1739981403038696199
35912,1739981403038054684,1739981403039284627
35913,1739981403038967022,1739981403039789370
35914,1739981403039626181,1739981403040162524
35915,1739981403039986680,1739981403040551133
35916,1739981403040374510,1739981403040927632
35917,1739981403040736080,1739981403041879994
35918,1739981403041108738,1739981403042584931
35919,1739981403042184231,1739981403043015892
35920,1739981403042823968,1739981403043424187
35921,1739981403043239568,1739981403043830079
35922,1739981403043629985,1739981403044860553
35923,1739981403044044870,1739981403045301079
35924,1739981403045146491,1739981403045757861
35925,1739981403045514488,1739981403046099544
35926,1739981403045951226,1739981403046404451
35927,1739981403046289858,1739981403047335656
35928,1739981403046603222,1739981403047752603
35929,1739981403047525734,1739981403048239548
35930,1739981403048093062,1739981403048676763
35931,1739981403048457527,1739981403048984747
35932,1739981403048886758,1739981403049356627
35933,1739981403049203738,1739981403049685616
35934,1739981403049547697,1739981403050642918
35935,1739981403049866087,1739981403051135807
35936,1739981403050960163,1739981403051486966
35937,1739981403051313484,1739981403051854233
35938,1739981403051668920,1739981403052254062
35939,1739981403052027351,1739981403053107354
35940,1739981403052458209,1739981403053670103
35941,1739981403053354184,1739981403054349757
35942,1739981403054018200,1739981403054831847
35943,1739981403054572188,1739981403055211919
35944,1739981403055089568,1739981403055613314
35945,1739981403055397344,1739981403056028974
35946,1739981403055839845,1739981403056809931
35947,1739981403056242150,1739981403057541534
35948,1739981403057125456,1739981403058016261
35949,1739981403057776037,1739981403058368452
35950,1739981403058219063,1739981403058687091
35951,1739981403058545570,1739981403059010772
35952,1739981403058867384,1739981403059496521
35953,1739981403059193483,1739981403060232404
35954,1739981403059713914,1739981403061023875
35955,1739981403060437076,1739981403061442938
35956,1739981403061267857,1739981403061948483
35957,1739981403061656032,1739981403062311121
35958,1739981403062155145,1739981403062670226
35959,1739981403062512651,1739981403062991393
35960,1739981403062882925,1739981403063925094
35961,1739981403063180842,1739981403064689056
35962,1739981403064145071,1739981403065067096
35963,1739981403064887744,1739981403065472007
35964,1739981403065215592,1739981403065810118
35965,1739981403065636811,1739981403066657994
35966,1739981403065991167,1739981403067324676
35967,1739981403066827923,1739981403067664646
35968,1739981403067513174,1739981403067953632
35969,1739981403067843385,1739981403068328523
35970,1739981403068141744,1739981403068621316
35971,1739981403068520462,1739981403068954566
35972,1739981403068802806,1739981403069412554
35973,1739981403069114366,1739981403070059200
35974,1739981403069603367,1739981403070830419
35975,1739981403070284536,1739981403071291982
35976,1739981403071066139,1739981403071690891
35977,1739981403071489950,1739981403072070704
35978,1739981403071864683,1739981403072393898
35979,1739981403072202402,1739981403072781786
35980,1739981403072579257,1739981403073693374
35981,1739981403072960712,1739981403074543087
35982,1739981403073880728,1739981403075008154
35983,1739981403074805883,1739981403075382800
35984,1739981403075222326,1739981403075730351
35985,1739981403075585183,1739981403076191421
35986,1739981403075929860,1739981403076892389
35987,1739981403076383569,1739981403077548020
35988,1739981403077137669,1739981403078001114
35989,1739981403077780316,1739981403078331566
35990,1739981403078190074,1739981403078657223
35991,1739981403078507337,1739981403079020503
35992,1739981403078868800,1739981403079339082
35993,1739981403079189813,1739981403080114897
35994,1739981403079539085,1739981403080700115
35995,1739981403080319459,1739981403081151645
35996,1739981403080892174,1739981403081544042
35997,1739981403081340756,1739981403081933289
35998,1739981403081722420,1739981403082300220
35999,1739981403082122761,1739981403083164184
36000,1739981403082525338,1739981403083664463
36001,1739981403083470431,1739981403084022981
36002,1739981403083899849,1739981403084509683
36003,1739981403084174056,1739981403084984866
36004,1739981403084703027,1739981403085487779
36005,1739981403085184377,1739981403086496721
36006,1739981403085700269,1739981403087130867
36007,1739981403086842554,1739981403087530789
36008,1739981403087311580,1739981403087941214
36009,1739981403087746329,1739981403088901996
36010,1739981403088106899,1739981403089501816
36011,1739981403089240342,1739981403089860991
36012,1739981403089726526,1739981403090273243
36013,1739981403089981426,1739981403090888160
36014,1739981403090455069,1739981403091622891
36015,1739981403091070396,1739981403092064790
36016,1739981403091855914,1739981403092365476
36017,1739981403092233407,1739981403092714619
36018,1739981403092553293,1739981403093142057
36019,1739981403092907634,1739981403093475187
36020,1739981403093315203,1739981403094523268
36021,1739981403093652259,1739981403094999095
36022,1739981403094710090,1739981403095369604
36023,1739981403095250998,1739981403095680137
36024,1739981403095552059,1739981403096036967
36025,1739981403095885483,1739981403096879918
36026,1739981403096265500,1739981403097705753
36027,1739981403097123754,1739981403098206035
36028,1739981403097943076,1739981403098630295
36029,1739981403098395700,1739981403099035723
36030,1739981403098840853,1739981403099497880
36031,1739981403099213322,1739981403100602501
36032,1739981403099673395,1739981403101050314
36033,1739981403100850331,1739981403101463399
36034,1739981403101221359,1739981403101842824
36035,1739981403101694552,1739981403102199544
36036,1739981403102046761,1739981403102626436
36037,1739981403102373611,1739981403103353378
36038,1739981403102801650,1739981403104075405
36039,1739981403103607668,1739981403104560466
36040,1739981403104282639,1739981403105075949
36041,1739981403104748568,1739981403105440056
36042,1739981403105307542,1739981403105869045
36043,1739981403105672166,1739981403106276334
36044,1739981403106058640,1739981403106951212
36045,1739981403106542736,1739981403107596919
36046,1739981403107180366,1739981403107996098
36047,1739981403107840929,1739981403108478086
36048,1739981403108235060,1739981403108870132
36049,1739981403108675252,1739981403109600512
36050,1739981403109081724,1739981403110539644
36051,1739981403109954245,1739981403110945189
36052,1739981403110800965,1739981403111384283
36053,1739981403111230422,1739981403111743971
36054,1739981403111600493,1739981403112085264
36055,1739981403111950268,1739981403112569784
36056,1739981403112296398,1739981403113546699
36057,1739981403113083127,1739981403113905708
36058,1739981403113817084,1739981403114386313
36059,1739981403114044910,1739981403114866669
36060,1739981403114660853,1739981403115247762
36061,1739981403115097579,1739981403115648333
36062,1739981403115499514,1739981403116399931
36063,1739981403115837489,1739981403117335054
36064,1739981403116689856,1739981403117852000
36065,1739981403117576728,1739981403118254436
36066,1739981403118036391,1739981403118649671
36067,1739981403118455705,1739981403118993677
36068,1739981403118833683,1739981403119937286
36069,1739981403119205442,1739981403120484011
36070,1739981403120266854,1739981403121002132
36071,1739981403120709331,1739981403121454039
36072,1739981403121260070,1739981403122452152
36073,1739981403121662967,1739981403122977622
36074,1739981403122760693,1739981403123500259
36075,1739981403123183148,1739981403123861854
36076,1739981403123731716,1739981403124375303
36077,1739981403124054332,1739981403125031430
36078,1739981403124555388,1739981403125690879
36079,1739981403125247852,1739981403126148250
36080,1739981403125969096,1739981403126629738
36081,1739981403126388515,1739981403127019870
36082,1739981403126888525,1739981403127349804
36083,1739981403127228613,1739981403127786239
36084,1739981403127583703,1739981403128638254
36085,1739981403128139670,1739981403129213669
36086,1739981403129016811,1739981403129610591
36087,1739981403129429886,1739981403130077120
36088,1739981403129814269,1739981403130455339
36089,1739981403130291816,1739981403131279716
36090,1739981403130640011,1739981403132009312
36091,1739981403131550364,1739981403132539118
36092,1739981403132240975,1739981403132894775
36093,1739981403132808213,1739981403133290173
36094,1739981403133098190,1739981403133808743
36095,1739981403133543487,1739981403135010243
36096,1739981403134008693,1739981403135447881
36097,1739981403135280425,1739981403135847091
36098,1739981403135706280,1739981403136192368
36099,1739981403136087780,1739981403136505343
36100,1739981403136398023,1739981403137391263
36101,1739981403136707064,1739981403137883028
36102,1739981403137781698,1739981403138236554
36103,1739981403138033764,1739981403138626420
36104,1739981403138435531,1739981403139124681
36105,1739981403138830459,1739981403139925648
36106,1739981403139304878,1739981403140822845
36107,1739981403140201227,1739981403141297023
36108,1739981403141058287,1739981403141644008
36109,1739981403141486727,1739981403142011013
36110,1739981403141832534,1739981403142347797
36111,1739981403142210988,1739981403143231991
36112,1739981403142527393,1739981403143922251
36113,1739981403143717008,1739981403144453603
36114,1739981403144133317,1739981403144917239
36115,1739981403144652739,1739981403145654855
36116,1739981403145092081,1739981403146390135
36117,1739981403145859382,1739981403146814803
36118,1739981403146627995,1739981403147172798
36119,1739981403147043857,1739981403147493660
36120,1739981403147405083,1739981403147846042
36121,1739981403147634634,1739981403148148154
36122,1739981403148046924,1739981403148908500
36123,1739981403148350372,1739981403149630825
36124,1739981403149186313,1739981403150091763
36125,1739981403149840584,1739981403150486309
36126,1739981403150304517,1739981403150924660
36127,1739981403150733654,1739981403151394338
36128,1739981403151156596,1739981403152208550
36129,1739981403151628506,1739981403153089267
36130,1739981403152495928,1739981403153576981
36131,1739981403153287671,1739981403153992623
36132,1739981403153866079,1739981403154515262
36133,1739981403154219370,1739981403154944756
36134,1739981403154766986,1739981403155906910
36135,1739981403155160028,1739981403156577787
36136,1739981403156106996,1739981403156964399
36137,1739981403156790606,1739981403157409286
36138,1739981403157167665,1739981403157767069
36139,1739981403157604512,1739981403158699687
36140,1739981403157979741,1739981403159291986
36141,1739981403159069207,1739981403159651297
36142,1739981403159453359,1739981403159991133
36143,1739981403159831151,1739981403160394089
36144,1739981403160174897,1739981403161259899
36145,1739981403160594124,1739981403161772815
36146,1739981403161648971,1739981403162182745
36147,1739981403162025696,1739981403162623706
36148,1739981403162375471,1739981403162949705
36149,1739981403162839114,1739981403163719875
36150,1739981403163130482,1739981403164581492
36151,1739981403163906179,1739981403164978998
36152,1739981403164867593,1739981403165362090
36153,1739981403165211002,1739981403165837389
36154,1739981403165567219,1739981403166317627
36155,1739981403166048218,1739981403167278279
36156,1739981403166524802,1739981403167904677
36157,1739981403167647529,1739981403168332280
36158,1739981403168138241,1739981403168742877
36159,1739981403168528185,1739981403169691548
36160,1739981403168966279,1739981403170258309
36161,1739981403170077655,1739981403170716711
36162,1739981403170484144,1739981403171106963
36163,1739981403170947426,1739981403171758342
36164,1739981403171328772,1739981403172423873
36165,1739981403172036226,1739981403173033217
36166,1739981403172784761,1739981403173381179
36167,1739981403173235436,1739981403173708727
36168,1739981403173568139,1739981403174041892
36169,1739981403173954485,1739981403174706109
36170,1739981403174197613,1739981403175113215
36171,1739981403174907296,1739981403176276896
36172,1739981403175331132,1739981403176783649
36173,1739981403176562745,1739981403177134863
36174,1739981403177013841,1739981403177476873
36175,1739981403177349333,1739981403177803303
36176,1739981403177678887,1739981403178209781
36177,1739981403177997986,1739981403178973088
36178,1739981403178394092,1739981403179667779
36179,1739981403179161958,1739981403180202450
36180,1739981403179899088,1739981403180581993
36181,1739981403180382246,1739981403180963151
36182,1739981403180788574,1739981403181289353
36183,1739981403181166194,1739981403182133440
36184,1739981403181492606,1739981403182614105
36185,1739981403182421231,1739981403183204306
36186,1739981403182971505,1739981403183530743
36187,1739981403183457434,1739981403183854993
36188,1739981403183678565,1739981403184424512
36189,1739981403184060803,1739981403184763106
36190,1739981403184640896,1739981403185202045
36191,1739981403184963805,1739981403186075753
36192,1739981403185389025,1739981403186645493
36193,1739981403186428130,1739981403187084364
36194,1739981403186837271,1739981403187457695
36195,1739981403187269535,1739981403187845868
36196,1739981403187653074,1739981403188709758
36197,1739981403188035960,1739981403189521060
36198,1739981403188916045,1739981403190016467
36199,1739981403189757215,1739981403190585038
36200,1739981403190217191,1739981403191030989
36201,1739981403190773516,1739981403192028961
36202,1739981403191231385,1739981403192587251
36203,1739981403192420091,1739981403193079397
36204,1739981403192781509,1739981403193413825
36205,1739981403193282119,1739981403194124228
36206,1739981403193606163,1739981403195034180
36207,1739981403194623075,1739981403195397608
36208,1739981403195272498,1739981403195722136
36209,1739981403195617773,1739981403196147020
36210,1739981403195927622,1739981403196502885
36211,1739981403196347056,1739981403196812186
36212,1739981403196695841,1739981403197675069
36213,1739981403196996988,1739981403198315230
36214,1739981403197916627,1739981403198711028
36215,1739981403198534872,1739981403199163544
36216,1739981403199010048,1739981403199620793
36217,1739981403199349121,1739981403200486602
36218,1739981403199845968,1739981403201135600
36219,1739981403200766510,1739981403201644476
36220,1739981403201390807,1739981403202086050
36221,1739981403201898894,1739981403202499356
36222,1739981403202293945,1739981403203006856
36223,1739981403202704722,1739981403204211814
36224,1739981403203195423,1739981403204615788
36225,1739981403204441586,1739981403205075137
36226,1739981403204845388,1739981403205575543
36227,1739981403205333694,1739981403206201291
36228,1739981403205773609,1739981403207040059
36229,1739981403206521509,1739981403207457104
36230,1739981403207229034,1739981403207822865
36231,1739981403207673865,1739981403208187527
36232,1739981403208014740,1739981403208621665
36233,1739981403208380427,1739981403208958247
36234,1739981403208784777,1739981403209853196
36235,1739981403209228067,1739981403210730229
36236,1739981403210098415,1739981403211164952
36237,1739981403210973895,1739981403211597002
36238,1739981403211382017,1739981403212009187
36239,1739981403211801038,1739981403212382860
36240,1739981403212188577,1739981403213172062
36241,1739981403212553762,1739981403213876180
36242,1739981403213351537,1739981403214416882
36243,1739981403214127915,1739981403214987071
36244,1739981403214688922,1739981403215367144
36245,1739981403215190399,1739981403215730118
36246,1739981403215555678,1739981403216561567
36247,1739981403215925901,1739981403217274193
36248,1739981403216791097,1739981403217625335
36249,1739981403217497596,1739981403218069416
36250,1739981403217817526,1739981403218327625
36251,1739981403218227784,1739981403219052196
36252,1739981403218524304,1739981403219872710
36253,1739981403219277182,1739981403220232357
36254,1739981403220123319,1739981403220633449
36255,1739981403220444316,1739981403221056999
36256,1739981403220863270,1739981403221547736
36257,1739981403221280560,1739981403222286826
36258,1739981403221792350,1739981403223129133
36259,1739981403222498462,1739981403223596118
36260,1739981403223343408,1739981403223983899
36261,1739981403223849644,1739981403224443017
36262,1739981403224202710,1739981403224838085
36263,1739981403224648037,1739981403225286916
36264,1739981403225101828,1739981403226219405
36265,1739981403225505291,1739981403226818890
36266,1739981403226469139,1739981403227356723
36267,1739981403227050005,1739981403227718713
36268,1739981403227570431,1739981403228127894
36269,1739981403227945913,1739981403228489720
36270,1739981403228367302,1739981403229231357
36271,1739981403228714410,1739981403229878614
36272,1739981403229411589,1739981403230290345
36273,1739981403230069281,1739981403230671863
36274,1739981403230524604,1739981403230996152
36275,1739981403230919144,1739981403231274052
36276,1739981403231206973,1739981403231712042
36277,1739981403231477974,1739981403232605447
36278,1739981403231905263,1739981403233298540
36279,1739981403232876717,1739981403233710479
36280,1739981403233514164,1739981403234076636
36281,1739981403233909643,1739981403234464961
36282,1739981403234302070,1739981403234885128
36283,1739981403234675466,1739981403235364196
36284,1739981403235141766,1739981403236330476
36285,1739981403235593922,1739981403236963008
36286,1739981403236688630,1739981403237458232
36287,1739981403237237878,1739981403237944965
36288,1739981403237667446,1739981403238852743
36289,1739981403238229458,1739981403239501796
36290,1739981403239046464,1739981403239919768
36291,1739981403239778809,1739981403240247420
36292,1739981403240127066,1739981403240565225
36293,1739981403240477572,1739981403240952377
36294,1739981403240684988,1739981403241696897
36295,1739981403241153105,1739981403242442259
36296,1739981403241987959,1739981403242819260
36297,1739981403242707297,1739981403243304842
36298,1739981403243073197,1739981403243648053
36299,1739981403243529458,1739981403244013708
36300,1739981403243840543,1739981403244502459
36301,1739981403244193877,1739981403244857902
36302,1739981403244654329,1739981403245720267
36303,1739981403245025828,1739981403246330511
36304,1739981403245935322,1739981403246775241
36305,1739981403246544976,1739981403247106818
36306,1739981403246961947,1739981403247431118
36307,1739981403247313020,1739981403247850168
36308,1739981403247605129,1739981403248640138
36309,1739981403248030894,1739981403249158293
36310,1739981403248879690,1739981403249701424
36311,1739981403249499554,1739981403250021473
36312,1739981403249899463,1739981403250347443
36313,1739981403250240780,1739981403250766746
36314,1739981403250550210,1739981403251107368
36315,1739981403250971098,1739981403251936516
36316,1739981403251360077,1739981403252657770
36317,1739981403252235111,1739981403253136737
36318,1739981403252892326,1739981403253533414
36319,1739981403253366713,1739981403253947529
36320,1739981403253722794,1739981403254447317
36321,1739981403254174225,1739981403254957272
36322,1739981403254657719,1739981403255911767
36323,1739981403255195149,1739981403256712226
36324,1739981403256101627,1739981403257119098
36325,1739981403256919837,1739981403257514587
36326,1739981403257304371,1739981403257972619
36327,1739981403257686326,1739981403258628679
36328,1739981403258159068,1739981403259178661
36329,1739981403258798322,1739981403259838013
36330,1739981403259601902,1739981403260274493
36331,1739981403260113419,1739981403260694722
36332,1739981403260510915,1739981403261543959
36333,1739981403260889234,1739981403262033377
36334,1739981403261736836,1739981403262529577
36335,1739981403262410724,1739981403262951301
36336,1739981403262778836,1739981403263302438
36337,1739981403263178639,1739981403263644510
36338,1739981403263408774,1739981403264353610
36339,1739981403263859602,1739981403264927293
36340,1739981403264563975,1739981403265442446
36341,1739981403265159956,1739981403265853598
36342,1739981403265668909,1739981403266234106
36343,1739981403266050300,1739981403266575797
36344,1739981403266444255,1739981403267481843
36345,1739981403266763205,1739981403268127450
36346,1739981403267624649,1739981403268654064
36347,1739981403268360260,1739981403269051001
36348,1739981403268926625,1739981403269388871
36349,1739981403269223868,1739981403269807163
36350,1739981403269578719,1739981403270640488
36351,1739981403270001780,1739981403271201505
36352,1739981403270898252,1739981403271740911
36353,1739981403271539049,1739981403272054443
36354,1739981403271936929,1739981403272315494
36355,1739981403272233213,1739981403272677050
36356,1739981403272417995,1739981403273050403
36357,1739981403272891364,1739981403273704533
36358,1739981403273223509,1739981403274492138
36359,1739981403273964017,1739981403274986879
36360,1739981403274718257,1739981403275380369
36361,1739981403275233792,1739981403275790014
36362,1739981403275604312,1739981403276211524
36363,1739981403275982395,1739981403276904953
36364,1739981403276415279,1739981403277696591
36365,1739981403277170023,1739981403278101695
36366,1739981403277953932,1739981403278502215
36367,1739981403278335011,1739981403278929294
36368,1739981403278699890,1739981403279357238
36369,1739981403279112949,1739981403280383027
36370,1739981403279550399,1739981403281028176
36371,1739981403280587653,1739981403281521369
36372,1739981403281262023,1739981403281900948
36373,1739981403281736005,1739981403282244749
36374,1739981403282092555,1739981403282580324
36375,1739981403282432154,1739981403282869981
36376,1739981403282769100,1739981403283689958
36377,1739981403283051981,1739981403284475507
36378,1739981403283838262,1739981403284797223
36379,1739981403284673173,1739981403285130508
36380,1739981403285003721,1739981403285476950
36381,1739981403285335249,1739981403285881665
36382,1739981403285673729,1739981403286268494
36383,1739981403286112308,1739981403287131621
36384,1739981403286492072,1739981403287680777
36385,1739981403287376678,1739981403288155704
36386,1739981403288026176,1739981403288562359
36387,1739981403288377593,1739981403288966248
36388,1739981403288784664,1739981403289414154
36389,1739981403289195927,1739981403289857267
36390,1739981403289629627,1739981403290689441
36391,1739981403290054686,1739981403291425112
36392,1739981403290864438,1739981403291931888
36393,1739981403291696437,1739981403292337482
36394,1739981403292191889,1739981403292733738
36395,1739981403292566350,1739981403293099975
36396,1739981403292954261,1739981403293435401
36397,1739981403293330030,1739981403294527356
36398,1739981403293639941,1739981403295268646
36399,1739981403294731266,1739981403295622178
36400,1739981403295522248,1739981403295988188
36401,1739981403295770073,1739981403296361150
36402,1739981403296235284,1739981403296790879
36403,1739981403296626823,1739981403297174217
36404,1739981403297012270,1739981403298011962
36405,1739981403297380825,1739981403298770190
36406,1739981403298263079,1739981403299157275
36407,1739981403299010053,1739981403299507160
36408,1739981403299387421,1739981403299852295
36409,1739981403299719441,1739981403300260927
36410,1739981403300054543,1739981403301184319
36411,1739981403300473823,1739981403301873007
36412,1739981403301476536,1739981403302270028
36413,1739981403302142948,1739981403302746357
36414,1739981403302403392,1739981403303560275
36415,1739981403302995368,1739981403304445785
36416,1739981403303766751,1739981403304870206
36417,1739981403304658068,1739981403305177110
36418,1739981403305082031,1739981403305490532
36419,1739981403305364565,1739981403305917501
36420,1739981403305663689,1739981403306229355
36421,1739981403306130659,1739981403306751644
36422,1739981403306450655,1739981403307874167
36423,1739981403307311386,1739981403308303859
36424,1739981403308128909,1739981403308773370
36425,1739981403308520893,1739981403309212477
36426,1739981403308978921,1739981403309683813
36427,1739981403309475902,1739981403310763153
36428,1739981403309889564,1739981403311461200
36429,1739981403310963984,1739981403311877998
36430,1739981403311708861,1739981403312292579
36431,1739981403312137544,1739981403312661334
36432,1739981403312511359,1739981403313875173
36433,1739981403312861434,1739981403314544096
36434,1739981403314083295,1739981403314898462
36435,1739981403314806008,1739981403315291211
36436,1739981403315162350,1739981403316113494
36437,1739981403315521914,1739981403316917586
36438,1739981403316410182,1739981403317435972
36439,1739981403317199069,1739981403317877950
36440,1739981403317692777,1739981403318228080
36441,1739981403318098924,1739981403318554221
36442,1739981403318419407,1739981403319335772
36443,1739981403318762999,1739981403320119916
36444,1739981403319668018,1739981403320471247
36445,1739981403320358613,1739981403320775282
36446,1739981403320695103,1739981403321225765
36447,1739981403320913815,1739981403321538104
36448,1739981403321406050,1739981403321915723
36449,1739981403321720974,1739981403322711530
36450,1739981403322206319,1739981403323331473
36451,1739981403323155992,1739981403323756483
36452,1739981403323540121,1739981403324121853
36453,1739981403323940869,1739981403324570259
36454,1739981403324330915,1739981403325010838
36455,1739981403324747438,1739981403326024583
36456,1739981403325256613,1739981403326615448
36457,1739981403326380420,1739981403327061098
36458,1739981403326819477,1739981403327451300
36459,1739981403327216408,1739981403328554824
36460,1739981403327639731,1739981403329042802
36461,1739981403328776312,1739981403329463337
36462,1739981403329208894,1739981403329865717
36463,1739981403329642599,1739981403330171335
36464,1739981403330064644,1739981403330817009
36465,1739981403330359531,1739981403331549732
36466,1739981403331049894,1739981403331925509
36467,1739981403331777392,1739981403332239180
36468,1739981403332129764,1739981403332629835
36469,1739981403332454299,1739981403333052226
36470,1739981403332820037,1739981403333338683
36471,1739981403333219405,1739981403334563887
36472,1739981403333538456,1739981403335150802
36473,1739981403334794207,1739981403335565074
36474,1739981403335351352,1739981403335928075
36475,1739981403335798833,1739981403336297223
36476,1739981403336115213,1739981403337113773
36477,1739981403336505941,1739981403337866761
36478,1739981403337336379,1739981403338288016
36479,1739981403338139592,1739981403338675514
36480,1739981403338479560,1739981403339133195
36481,1739981403338902096,1739981403340029618
36482,1739981403339507815,1739981403340923545
36483,1739981403340255237,1739981403341334598
36484,1739981403341159002,1739981403341711499
36485,1739981403341562456,1739981403342018470
36486,1739981403341918776,1739981403342397872
36487,1739981403342232037,1739981403342737415
36488,1739981403342566410,1739981403343356829
36489,1739981403342927232,1739981403343974295
36490,1739981403343643253,1739981403344636356
36491,1739981403344244183,1739981403345035828
36492,1739981403344862239,1739981403345468312
36493,1739981403345230153,1739981403345920929
36494,1739981403345663741,1739981403346707498
36495,1739981403346134088,1739981403347339346
36496,1739981403346980188,1739981403347738261
36497,1739981403347607055,1739981403348213933
36498,1739981403347973829,1739981403348634795
36499,1739981403348395470,1739981403349795926
36500,1739981403348883521,1739981403350321854
36501,1739981403350074624,1739981403350669042
36502,1739981403350519933,1739981403351031776
36503,1739981403350867130,1739981403351700018
36504,1739981403351238581,1739981403352286689
36505,1739981403351923630,1739981403352759847
36506,1739981403352668702,1739981403353194368
36507,1739981403352907559,1739981403353513620
36508,1739981403353401343,1739981403353777513
36509,1739981403353683337,1739981403354194885
36510,1739981403353954992,1739981403354552410
36511,1739981403354399857,1739981403355465541
36512,1739981403354737380,1739981403356170810
36513,1739981403355643719,1739981403356643344
36514,1739981403356356954,1739981403357057920
36515,1739981403356900575,1739981403357399773
36516,1739981403357261066,1739981403357867686
36517,1739981403357585863,1739981403358766858
36518,1739981403358081989,1739981403359553345
36519,1739981403359003261,1739981403359955931
36520,1739981403359793659,1739981403360495015
36521,1739981403360180601,1739981403360847032
36522,1739981403360713284,1739981403361231393
36523,1739981403361029461,1739981403362437264
36524,1739981403361415715,1739981403362893123
36525,1739981403362702285,1739981403363310460
36526,1739981403363074421,1739981403363712980
36527,1739981403363558014,1739981403364384368
36528,1739981403363917020,1739981403365123510
36529,1739981403364875773,1739981403365626775
36530,1739981403365368097,1739981403366006206
36531,1739981403365895637,1739981403366326711
36532,1739981403366156783,1739981403366800498
36533,1739981403366551068,1739981403367245933
36534,1739981403366989180,1739981403368055581
36535,1739981403367454566,1739981403368808288
36536,1739981403368245832,1739981403369267885
36537,1739981403369036803,1739981403369757336
36538,1739981403369462810,1739981403370147410
36539,1739981403369992356,1739981403370468074
36540,1739981403370323878,1739981403371172806
36541,1739981403370635369,1739981403372078209
36542,1739981403371461258,1739981403372583401
36543,1739981403372327170,1739981403373162044
36544,1739981403372807372,1739981403373597797
36545,1739981403373357404,1739981403374658822
36546,1739981403373813603,1739981403375503544
36547,1739981403375011589,1739981403376012627
36548,1739981403375746124,1739981403376483900
36549,1739981403376197061,1739981403376921392
36550,1739981403376659155,1739981403377831897
36551,1739981403377107502,1739981403378554676
36552,1739981403378088350,1739981403378902267
36553,1739981403378763978,1739981403379212224
36554,1739981403379126264,1739981403379590116
36555,1739981403379392289,1739981403379902909
36556,1739981403379798441,1739981403380189478
36557,1739981403380100537,1739981403380518159
36558,1739981403380401462,1739981403381436401
36559,1739981403380692251,1739981403382191940
36560,1739981403381648621,1739981403382695656
36561,1739981403382420122,1739981403383049919
36562,1739981403382870853,1739981403383400564
36563,1739981403383229101,1739981403383753687
36564,1739981403383598968,1739981403384148570
36565,1739981403383936429,1739981403384654626
36566,1739981403384365038,1739981403385607980
36567,1739981403384850979,1739981403386219098
36568,1739981403385960280,1739981403386683220
36569,1739981403386484528,1739981403387100092
36570,1739981403386903603,1739981403387944603
36571,1739981403387284209,1739981403388818018
36572,1739981403388120981,1739981403389266807
36573,1739981403389044612,1739981403389677585
36574,1739981403389473538,1739981403390083837
36575,1739981403389851261,1739981403390421612
36576,1739981403390286502,1739981403391311991
36577,1739981403390606824,1739981403392070005
36578,1739981403391526900,1739981403392417535
36579,1739981403392334021,1739981403392758478
36580,1739981403392588126,1739981403393187378
36581,1739981403393016476,1739981403393539850
36582,1739981403393384473,1739981403394474359
36583,1739981403393733181,1739981403395259338
36584,1739981403394773981,1739981403395706505
36585,1739981403395539597,1739981403396072042
36586,1739981403395905598,1739981403396400256
36587,1739981403396254264,1739981403397229957
36588,1739981403396587565,1739981403397987379
36589,1739981403397548326,1739981403398383764
36590,1739981403398286340,1739981403398770195
36591,1739981403398525072,1739981403399098963
36592,1739981403398958878,1739981403399679432
36593,1739981403399332153,1739981403400539313
36594,1739981403400073322,1739981403400896427
36595,1739981403400775008,1739981403401203731
36596,1739981403401079117,1739981403401614250
36597,1739981403401378659,1739981403401960046
36598,1739981403401814102,1739981403402280811
36599,1739981403402139905,1739981403403246100
36600,1739981403402446613,1739981403403716949
36601,1739981403403613892,1739981403404299228
36602,1739981403403957311,1739981403404692807
36603,1739981403404519281,1739981403405131884
36604,1739981403404895978,1739981403405757373
36605,1739981403405343530,1739981403406359699
36606,1739981403405971356,1739981403406851360
36607,1739981403406694391,1739981403407218340
36608,1739981403407077199,1739981403407618660
36609,1739981403407374784,1739981403408200917
36610,1739981403407836050,1739981403408840577
36611,1739981403408404066,1739981403409431596
36612,1739981403409031576,1739981403409811662
36613,1739981403409663211,1739981403410149288
36614,1739981403410018133,1739981403410947880
36615,1739981403410347024,1739981403411442744
36616,1739981403411194640,1739981403411926372
36617,1739981403411814940,1739981403412327485
36618,1739981403412172778,1739981403412646637
36619,1739981403412511589,1739981403412947535
36620,1739981403412838843,1739981403413267326
36621,1739981403413147232,1739981403414495259
36622,1739981403413439747,1739981403414938495
36623,1739981403414754700,1739981403415487211
36624,1739981403415146478,1739981403415867234
36625,1739981403415785813,1739981403416187069
36626,1739981403416005640,1739981403416888120
36627,1739981403416413284,1739981403417721242
36628,1739981403417125776,1739981403418194709
36629,1739981403417954691,1739981403418585634
36630,1739981403418457837,1739981403418919075
36631,1739981403418788220,1739981403419343177
36632,1739981403419143140,1739981403420287985
36633,1739981403419520492,1739981403420811859
36634,1739981403420625009,1739981403421221498
36635,1739981403421020590,1739981403421542477
36636,1739981403421425005,1739981403421866056
36637,1739981403421744223,1739981403422797089
36638,1739981403422047652,1739981403423316897
36639,1739981403423177349,1739981403423646868
36640,1739981403423576640,1739981403424045008
36641,1739981403423780374,1739981403424632892
36642,1739981403424235974,1739981403425033459
36643,1739981403424853312,1739981403425924254
36644,1739981403425211455,1739981403426537931
36645,1739981403426104598,1739981403426906268
36646,1739981403426801023,1739981403427257332
36647,1739981403427040107,1739981403427720017
36648,1739981403427464083,1739981403428106519
36649,1739981403427900983,1739981403428964365
36650,1739981403428284857,1739981403429695673
36651,1739981403429152727,1739981403430170043
36652,1739981403429964837,1739981403430579279
36653,1739981403430367097,1739981403431010863
36654,1739981403430777493,1739981403432220130
36655,1739981403431312860,1739981403432643665
36656,1739981403432454483,1739981403433066011
36657,1739981403432848474,1739981403433447711
36658,1739981403433197354,1739981403433791599
36659,1739981403433621563,1739981403434714451
36660,1739981403433990917,1739981403435266309
36661,1739981403435000652,1739981403435651744
36662,1739981403435533228,1739981403436021466
36663,1739981403435945495,1739981403436427614
36664,1739981403436234274,1739981403436788591
36665,1739981403436655943,1739981403437624870
36666,1739981403436980819,1739981403438325739
36667,1739981403437786840,1739981403438651173
36668,1739981403438516163,1739981403439055244
36669,1739981403438848570,1739981403439347290
36670,1739981403439212407,1739981403439748133
36671,1739981403439523896,1739981403440081345
36672,1739981403439931808,1739981403440796429
36673,1739981403440247778,1739981403441572302
36674,1739981403440998532,1739981403441958505
36675,1739981403441786785,1739981403442306934
36676,1739981403442183620,1739981403442639432
36677,1739981403442504091,1739981403442980735
36678,1739981403442841375,1739981403443740543
36679,1739981403443169639,1739981403444297958
36680,1739981403443990536,1739981403444858828
36681,1739981403444689677,1739981403445168280
36682,1739981403445080153,1739981403445519035
36683,1739981403445354745,1739981403445945020
36684,1739981403445717074,1739981403446273247
36685,1739981403446145214,1739981403447167937
36686,1739981403446549354,1739981403447637538
36687,1739981403447483141,1739981403448006438
36688,1739981403447860819,1739981403448336494
36689,1739981403448193569,1739981403449345664
36690,1739981403448538510,1739981403449859766
36691,1739981403449725094,1739981403450210119
36692,1739981403450121603,1739981403450723981
36693,1739981403450426607,1739981403451584023
36694,1739981403450920946,1739981403452348623
36695,1739981403451846313,1739981403452800369
36696,1739981403452616431,1739981403453188640
36697,1739981403453016902,1739981403453517598
36698,1739981403453397633,1739981403454535875
36699,1739981403453727167,1739981403455217819
36700,1739981403454851178,1739981403455602216
36701,1739981403455432582,1739981403456112807
36702,1739981403455843816,1739981403456508042
36703,1739981403456341563,1739981403456933333
36704,1739981403456724266,1739981403457690264
36705,1739981403457103154,1739981403458353455
36706,1739981403457922475,1739981403458753122
36707,1739981403458571171,1739981403459123592
36708,1739981403458954810,1739981403459447313
36709,1739981403459295705,1739981403459863691
36710,1739981403459634434,1739981403460622813
36711,1739981403460036881,1739981403461419855
36712,1739981403460989781,1739981403461880955
36713,1739981403461648085,1739981403462291927
36714,1739981403462086923,1739981403462642883
36715,1739981403462485870,1739981403463292686
36716,1739981403462819439,1739981403463791011
36717,1739981403463506704,1739981403464522048
36718,1739981403464046568,1739981403464936226
36719,1739981403464740036,1739981403465272804
36720,1739981403465174849,1739981403465632410
36721,1739981403465483879,1739981403466113248
36722,1739981403465855014,1739981403466456209
36723,1739981403466345069,1739981403467305702
36724,1739981403466666840,1739981403468049508
36725,1739981403467588555,1739981403468511160
36726,1739981403468229835,1739981403468890017
36727,1739981403468760436,1739981403469276986
36728,1739981403469106495,1739981403469624464
36729,1739981403469482282,1739981403470478142
36730,1739981403469788062,1739981403471221050
36731,1739981403470729407,1739981403471698949
36732,1739981403471439877,1739981403472187656
36733,1739981403471900553,1739981403472597026
36734,1739981403472425909,1739981403472964862
36735,1739981403472782107,1739981403473731708
36736,1739981403473144553,1739981403474556905
36737,1739981403473899376,1739981403474884236
36738,1739981403474709122,1739981403475282240
36739,1739981403475068575,1739981403475681827
36740,1739981403475490493,1739981403475957283
36741,1739981403475861748,1739981403476664267
36742,1739981403476151058,1739981403477446160
36743,1739981403476915933,1739981403477860337
36744,1739981403477721524,1739981403478255574
36745,1739981403478125217,1739981403478669406
36746,1739981403478447754,1739981403479027678
36747,1739981403478871187,1739981403479489869
36748,1739981403479223495,1739981403480062260
36749,1739981403479903420,1739981403480882859
36750,1739981403480569871,1739981403481266389
36751,1739981403481110969,1739981403481614262
36752,1739981403481527793,1739981403482089907
36753,1739981403481807906,1739981403482483174
36754,1739981403482281647,1739981403483482997
36755,1739981403482695548,1739981403484058872
36756,1739981403483769766,1739981403484509158
36757,1739981403484283356,1739981403484889627
36758,1739981403484707271,1739981403485267733
36759,1739981403485102608,1739981403485999354
36760,1739981403485506089,1739981403486649701
36761,1739981403486200840,1739981403487081773
36762,1739981403486882019,1739981403487427146
36763,1739981403487309164,1739981403487768143
36764,1739981403487626898,1739981403488064885
36765,1739981403487996299,1739981403488533920
36766,1739981403488222893,1739981403489390405
36767,1739981403488742289,1739981403490241938
36768,1739981403489590229,1739981403490762060
36769,1739981403490512051,1739981403491184064
36770,1739981403491037026,1739981403491641862
36771,1739981403491412815,1739981403492080706
36772,1739981403491867305,1739981403492947258
36773,1739981403492325380,1739981403493679482
36774,1739981403493227262,1739981403494081537
36775,1739981403493845317,1739981403494595340
36776,1739981403494317073,1739981403495141086
36777,1739981403494785998,1739981403495607619
36778,1739981403495333974,1739981403496474191
36779,1739981403495830695,1739981403497075702
36780,1739981403496660818,1739981403497751696
36781,1739981403497417179,1739981403498170250
36782,1739981403497947514,1739981403498594599
36783,1739981403498382181,1739981403499476424
36784,1739981403498837698,1739981403500245183
36785,1739981403499746410,1739981403500576329
36786,1739981403500429659,1739981403500977015
36787,1739981403500776996,1739981403501347341
36788,1739981403501188896,1739981403501689563
36789,1739981403501556097,1739981403502030918
36790,1739981403501868877,1739981403503125520
36791,1739981403502245991,1739981403503598483
36792,1739981403503460540,1739981403504047229
36793,1739981403503820499,1739981403504614376
36794,1739981403504436655,1739981403504978290
36795,1739981403504818713,1739981403505329225
36796,1739981403505200118,1739981403506301008
36797,1739981403505555761,1739981403506909944
36798,1739981403506619283,1739981403507312597
36799,1739981403507101175,1739981403507658989
36800,1739981403507527127,1739981403508562685
36801,1739981403507876460,1739981403509387208
36802,1739981403508899563,1739981403509825262
36803,1739981403509612078,1739981403510219194
36804,1739981403510028329,1739981403510549278
36805,1739981403510406440,1739981403510894540
36806,1739981403510743659,1739981403511912679
36807,1739981403511065608,1739981403512422258
36808,1739981403512294492,1739981403512867396
36809,1739981403512653836,1739981403513336964
36810,1739981403513079271,1739981403513917315
36811,1739981403513550139,1739981403514933276
36812,1739981403514195086,1739981403515416410
36813,1739981403515203295,1739981403515909102
36814,1739981403515714726,1739981403516261400
36815,1739981403516132388,1739981403517227438
36816,1739981403516466983,1739981403517993199
36817,1739981403517397621,1739981403518409726
36818,1739981403518252715,1739981403518852308
36819,1739981403518614424,1739981403519323035
36820,1739981403519054721,1739981403519783868
36821,1739981403519535409,1739981403520616570
36822,1739981403520105568,1739981403521281912
36823,1739981403520991662,1739981403521758299
36824,1739981403521518116,1739981403522136671
36825,1739981403521971277,1739981403522928437
36826,1739981403522337295,1739981403523671433
36827,1739981403523188821,1739981403523990777
36828,1739981403523892278,1739981403524439475
36829,1739981403524191782,1739981403524893073
36830,1739981403524628425,1739981403525237597
36831,1739981403525074944,1739981403525528489
36832,1739981403525417192,1739981403526254623
36833,1739981403525635311,1739981403527036820
36834,1739981403526440579,1739981403527357915
36835,1739981403527260102,1739981403527813019
36836,1739981403527585783,1739981403528176958
36837,1739981403528005661,1739981403528578418
36838,1739981403528380472,1739981403529391082
36839,1739981403528794150,1739981403530163321
36840,1739981403529729194,1739981403530597385
36841,1739981403530417312,1739981403530977815
36842,1739981403530789383,1739981403531432281
36843,1739981403531175095,1739981403531768578
36844,1739981403531623225,1739981403532626063
36845,1739981403531942084,1739981403533379784
36846,1739981403532844094,1739981403533814425
36847,1739981403533635516,1739981403534321981
36848,1739981403534055805,1739981403534712715
36849,1739981403534532910,1739981403535027993
36850,1739981403534923420,1739981403535323165
36851,1739981403535125174,1739981403535775478
36852,1739981403535551047,1739981403536388867
36853,1739981403535983010,1739981403536955484
36854,1739981403536568928,1739981403537295074
36855,1739981403537174491,1739981403537812643
36856,1739981403537538432,1739981403538211721
36857,1739981403538021823,1739981403538677394
36858,1739981403538397711,1739981403539599246
36859,1739981403538858276,1739981403540310872
36860,1739981403539787541,1739981403540824863
36861,1739981403540525869,1739981403541261007
36862,1739981403541014237,1739981403541649522
36863,1739981403541472686,1739981403542025682
36864,1739981403541856783,1739981403542897679
36865,1739981403542218212,1739981403543520839
36866,1739981403543229311,1739981403544014015
36867,1739981403543757989,1739981403544458239
36868,1739981403544222477,1739981403544872944
36869,1739981403544661904,1739981403545916255
36870,1739981403545065732,1739981403546655055
36871,1739981403546119889,1739981403547070781
36872,1739981403546870820,1739981403547439990
36873,1739981403547228338,1739981403547751480
36874,1739981403547645224,1739981403548077562
36875,1739981403547943591,1739981403548858271
36876,1739981403548188866,1739981403549531129
36877,1739981403549107733,1739981403549893888
36878,1739981403549747751,1739981403550251792
36879,1739981403550087024,1739981403550735805
36880,1739981403550464025,1739981403551082148
36881,1739981403550973744,1739981403552016495
36882,1739981403551275459,1739981403552663880
36883,1739981403552182469,1739981403553052248
36884,1739981403552879885,1739981403553395709
36885,1739981403553224707,1739981403553755870
36886,1739981403553576379,1739981403554198858
36887,1739981403553925065,1739981403554517440
36888,1739981403554385732,1739981403555318322
36889,1739981403554690037,1739981403556183690
36890,1739981403555543550,1739981403556622540
36891,1739981403556418708,1739981403557043374
36892,1739981403556834859,1739981403557410848
36893,1739981403557223792,1739981403557740992
36894,1739981403557618573,1739981403558514364
36895,1739981403557953994,1739981403559227615
36896,1739981403558759379,1739981403559571025
36897,1739981403559447591,1739981403559888970
36898,1739981403559801804,1739981403560360632
36899,1739981403560119384,1739981403560717398
36900,1739981403560605789,1739981403561602148
36901,1739981403560912933,1739981403562197320
36902,1739981403562058990,1739981403562583467
36903,1739981403562392506,1739981403563034667
36904,1739981403562821948,1739981403563350804
36905,1739981403563203400,1739981403564314628
36906,1739981403563537717,1739981403564961152
36907,1739981403564494081,1739981403565305750
36908,1739981403565175664,1739981403565696173
36909,1739981403565543383,1739981403566110414
36910,1739981403565897371,1739981403566429022
36911,1739981403566303270,1739981403567062341
36912,1739981403566602865,1739981403567884884
36913,1739981403567366570,1739981403568239733
36914,1739981403568145607,1739981403568572794
36915,1739981403568437762,1739981403569018085
36916,1739981403568815435,1739981403569322891
36917,1739981403569223850,1739981403569615996
36918,1739981403569559568,1739981403570277730
36919,1739981403569739314,1739981403571115090
36920,1739981403570550418,1739981403571569367
36921,1739981403571404797,1739981403572045477
36922,1739981403571796825,1739981403572507471
36923,1739981403572214966,1739981403572890084
36924,1739981403572735272,1739981403573629754
36925,1739981403573080159,1739981403574493343
36926,1739981403573907199,1739981403574968621
36927,1739981403574777735,1739981403575373168
36928,1739981403575226641,1739981403575762134
36929,1739981403575593367,1739981403576265837
36930,1739981403576011274,1739981403577145016
36931,1739981403576839045,1739981403577679494
36932,1739981403577483578,1739981403578109218
36933,1739981403577884444,1739981403578458056
36934,1739981403578298871,1739981403579091151
36935,1739981403578662143,1739981403579982549
36936,1739981403579344424,1739981403580341062
36937,1739981403580231278,1739981403580687346
36938,1739981403580550956,1739981403581100706
36939,1739981403580862330,1739981403581448028
36940,1739981403581313966,1739981403582267076
36941,1739981403581648572,1739981403583016422
36942,1739981403582571439,1739981403583431257
36943,1739981403583253815,1739981403583847272
36944,1739981403583626963,1739981403584283615
36945,1739981403584008488,1739981403584658199
36946,1739981403584476463,1739981403584980107
36947,1739981403584844726,1739981403585884714
36948,1739981403585173026,1739981403586403084
36949,1739981403586179450,1739981403586867769
36950,1739981403586621879,1739981403587346447
36951,1739981403587072299,1739981403588253695
36952,1739981403587540591,1739981403588790669
36953,1739981403588494480,1739981403589356463
36954,1739981403589160067,1739981403589714719
36955,1739981403589617903,1739981403590021084
36956,1739981403589896671,1739981403590408161
36957,1739981403590215963,1739981403590684286
36958,1739981403590583439,1739981403591368454
36959,1739981403590880023,1739981403592268219
36960,1739981403591563090,1739981403592666260
36961,1739981403592473486,1739981403593064521
36962,1739981403592911411,1739981403593395460
36963,1739981403593247307,1739981403593878107
36964,1739981403593594523,1739981403594790835
36965,1739981403594076267,1739981403595475894
36966,1739981403595045393,1739981403595837549
36967,1739981403595725207,1739981403596393688
36968,1739981403596084779,1739981403596806666
36969,1739981403596655518,1739981403597482158
36970,1739981403597030937,1739981403598356829
36971,1739981403597667566,1739981403598756524
36972,1739981403598595523,1739981403599097529
36973,1739981403598992983,1739981403599415361
36974,1739981403599277862,1739981403599748893
36975,1739981403599639771,1739981403600148740
36976,1739981403599982603,1739981403600815741
36977,1739981403600345493,1739981403601348323
36978,1739981403601192370,1739981403601711705
36979,1739981403601550235,1739981403602046878
36980,1739981403601879677,1739981403602468733
36981,1739981403602206905,1739981403603212556
36982,1739981403602661055,1739981403604054162
36983,1739981403603446085,1739981403604489321
36984,1739981403604299029,1739981403604924059
36985,1739981403604712610,1739981403605239017
36986,1739981403605100092,1739981403605564847
36987,1739981403605437274,1739981403605895768
36988,1739981403605745733,1739981403606961232
36989,1739981403606255394,1739981403607384469
36990,1739981403607172415,1739981403607783825
36991,1739981403607600833,1739981403608203561
36992,1739981403607974619,1739981403609061115
36993,1739981403608376435,1739981403609750733
36994,1739981403609385291,1739981403610157961
36995,1739981403610007277,1739981403610487778
36996,1739981403610358000,1739981403610824362
36997,1739981403610706199,1739981403611219660
36998,1739981403611029611,1739981403612040681
36999,1739981403611403988,1739981403612662694
37000,1739981403612273107,1739981403613025727
37001,1739981403612897086,1739981403613559066
37002,1739981403613245095,1739981403613950181
37003,1739981403613778498,1739981403614441208
37004,1739981403614142064,1739981403614802792
37005,1739981403614624515,1739981403615668880
37006,1739981403614991195,1739981403616391461
37007,1739981403615846024,1739981403616853516
37008,1739981403616635298,1739981403617331943
37009,1739981403617045571,1739981403617722271
37010,1739981403617536622,1739981403618040182
37011,1739981403617933591,1739981403618958751
37012,1739981403618220893,1739981403619605623
37013,1739981403619291334,1739981403620026892
37014,1739981403619865286,1739981403620443115
37015,1739981403620294761,1739981403621078911
37016,1739981403620657832,1739981403621648560
37017,1739981403621366546,1739981403622202586
37018,1739981403621996100,1739981403622612787
37019,1739981403622436436,1739981403622999845
37020,1739981403622827618,1739981403623476266
37021,1739981403623217334,1739981403624103964
37022,1739981403623698505,1739981403625045149
37023,1739981403624482227,1739981403625445769
37024,1739981403625245179,1739981403625838099
37025,1739981403625707071,1739981403626194783
37026,1739981403626069590,1739981403626543396
37027,1739981403626395801,1739981403627391059
37028,1739981403626749505,1739981403628149875
37029,1739981403627663814,1739981403628534524
37030,1739981403628391915,1739981403628854743
37031,1739981403628729869,1739981403629257691
37032,1739981403629073210,1739981403629639486
37033,1739981403629448311,1739981403630404294
37034,1739981403629858991,1739981403631107486
37035,1739981403630641904,1739981403631462299
37036,1739981403631335303,1739981403631786879
37037,1739981403631697933,1739981403632182747
37038,1739981403631917283,1739981403632516702
37039,1739981403632370781,1739981403632845875
37040,1739981403632715789,1739981403633716473
37041,1739981403633019331,1739981403634448781
37042,1739981403633956319,1739981403634909235
37043,1739981403634714731,1739981403635249538
37044,1739981403635106612,1739981403635708990
37045,1739981403635456503,1739981403636096253
37046,1739981403635909351,1739981403637006217
37047,1739981403636310850,1739981403637658561
37048,1739981403637259392,1739981403638080551
37049,1739981403637911642,1739981403638532076
37050,1739981403638260475,1739981403638980932
37051,1739981403638770855,1739981403639766791
37052,1739981403639260595,1739981403640431859
37053,1739981403640050748,1739981403640996277
37054,1739981403640632710,1739981403641382632
37055,1739981403641197848,1739981403642144645
37056,1739981403641590514,1739981403642940921
37057,1739981403642348896,1739981403643336580
37058,1739981403643195082,1739981403643758417
37059,1739981403643526732,1739981403644123870
37060,1739981403643952192,1739981403644430603
37061,1739981403644305544,1739981403645051477
37062,1739981403644609176,1739981403645810323
37063,1739981403645203130,1739981403646165251
37064,1739981403646028130,1739981403646494541
37065,1739981403646345537,1739981403646834567
37066,1739981403646682030,1739981403647262110
37067,1739981403647021665,1739981403647624483
37068,1739981403647447376,1739981403648467503
37069,1739981403647804061,1739981403648961886
37070,1739981403648669877,1739981403649419672
37071,1739981403649241889,1739981403649776170
37072,1739981403649627781,1739981403650149262
37073,1739981403649975791,1739981403650555108
37074,1739981403650339928,1739981403651394438
37075,1739981403650737581,1739981403652100228
37076,1739981403651577914,1739981403652610620
37077,1739981403652341756,1739981403653140465
37078,1739981403652832364,1739981403654106106
37079,1739981403653346879,1739981403655067001
37080,1739981403654281403,1739981403655523490
37081,1739981403655252397,1739981403655885304
37082,1739981403655692816,1739981403656375820
37083,1739981403656138517,1739981403657159506
37084,1739981403656553444,1739981403657662900
37085,1739981403657562174,1739981403658033896
37086,1739981403657882431,1739981403658445387
37087,1739981403658226036,1739981403658790682
37088,1739981403658647793,1739981403659122045
37089,1739981403658965306,1739981403660442301
37090,1739981403659372610,1739981403660827372
37091,1739981403660703224,1739981403661289530
37092,1739981403661061602,1739981403661718208
37093,1739981403661520837,1739981403662122197
37094,1739981403661905406,1739981403663020096
37095,1739981403662307968,1739981403663841531
37096,1739981403663284457,1739981403664410711
37097,1739981403664081989,1739981403664802421
37098,1739981403664885520,1739981403665324386
37099,1739981403665126640,1739981403665832017
37100,1739981403665582556,1739981403666529300
37101,1739981403666055731,1739981403667072327
37102,1739981403666756972,1739981403667672910
37103,1739981403667471286,1739981403668064976
37104,1739981403667893755,1739981403668464503
37105,1739981403668275377,1739981403668849531
37106,1739981403668652470,1739981403669574645
37107,1739981403669052114,1739981403670323962
37108,1739981403669947412,1739981403670739724
37109,1739981403670623206,1739981403671147500
37110,1739981403670964091,1739981403671552944
37111,1739981403671436001,1739981403671959450
37112,1739981403671677212,1739981403673021410
37113,1739981403672216153,1739981403673565585
37114,1739981403673399143,1739981403674010793
37115,1739981403673919076,1739981403674625230
37116,1739981403674164617,1739981403675107918
37117,1739981403674847833,1739981403675477092
37118,1739981403675365060,1739981403676431527
37119,1739981403675759148,1739981403676883221
37120,1739981403676689685,1739981403677390937
37121,1739981403677128621,1739981403677799401
37122,1739981403677594409,1739981403678134819
37123,1739981403677984457,1739981403679266969
37124,1739981403678459638,1739981403679735917
37125,1739981403679536537,1739981403680125468
37126,1739981403679956501,1739981403680485304
37127,1739981403680344050,1739981403680805497
37128,1739981403680680003,1739981403681127743
37129,1739981403680989844,1739981403682059201
37130,1739981403681314610,1739981403682523037
37131,1739981403682441472,1739981403682914819
37132,1739981403682726331,1739981403683393888
37133,1739981403683174752,1739981403683776183
37134,1739981403683642958,1739981403684887901
37135,1739981403684004268,1739981403685565177
37136,1739981403685121790,1739981403685956706
37137,1739981403685853297,1739981403686333312
37138,1739981403686184147,1739981403686704825
37139,1739981403686520454,1739981403687134353
37140,1739981403686899445,1739981403687964880
37141,1739981403687341505,1739981403688609959
37142,1739981403688245124,1739981403689077690
37143,1739981403688823880,1739981403689480899
37144,1739981403689303567,1739981403689867251
37145,1739981403689703017,1739981403690262569
37146,1739981403690053255,1739981403691110410
37147,1739981403690462279,1739981403691554802
37148,1739981403691305181,1739981403692153048
37149,1739981403691944126,1739981403692472576
37150,1739981403692371665,1739981403692781800
37151,1739981403692692875,1739981403693141190
37152,1739981403692975558,1739981403693621964
37153,1739981403693353067,1739981403694542962
37154,1739981403693814601,1739981403695358591
37155,1739981403694715113,1739981403695759408
37156,1739981403695586710,1739981403696126879
37157,1739981403695943957,1739981403696492345
37158,1739981403696340055,1739981403696924891
37159,1739981403696782322,1739981403697631908
37160,1739981403697135533,1739981403698449221
37161,1739981403697884785,1739981403698904948
37162,1739981403698712672,1739981403699267468
37163,1739981403699122823,1739981403699615305
37164,1739981403699477197,1739981403699985484
37165,1739981403699845461,1739981403700776496
37166,1739981403700204327,1739981403701459762
37167,1739981403701057026,1739981403701896143
37168,1739981403701663859,1739981403702235728
37169,1739981403702119897,1739981403702539977
37170,1739981403702444319,1739981403702936389
37171,1739981403702717331,1739981403703622418
37172,1739981403703131331,1739981403704600834
37173,1739981403703845595,1739981403704978455
37174,1739981403704875251,1739981403705501836
37175,1739981403705138309,1739981403705899348
37176,1739981403705700850,1739981403706254171
37177,1739981403706138082,1739981403707168920
37178,1739981403706483689,1739981403707610806
37179,1739981403707398200,1739981403708244667
37180,1739981403707956309,1739981403708656669
37181,1739981403708456212,1739981403709047789
37182,1739981403708844509,1739981403709423713
37183,1739981403709203606,1739981403710337423
37184,1739981403709616227,1739981403710938645
37185,1739981403710723581,1739981403711397023
37186,1739981403711185056,1739981403711721741
37187,1739981403711608348,1739981403712031832
37188,1739981403711955399,1739981403712863080
37189,1739981403712143275,1739981403713476387
37190,1739981403713063051,1739981403713860634
37191,1739981403713733722,1739981403714301233
37192,1739981403714089279,1739981403714728600
37193,1739981403714492701,1739981403715052304
37194,1739981403714934015,1739981403715508305
37195,1739981403715230505,1739981403716281804
37196,1739981403715701236,1739981403717004153
37197,1739981403716456054,1739981403717391734
37198,1739981403717300038,1739981403717691969
37199,1739981403717540693,1739981403718041374
37200,1739981403717909185,1739981403718797121
37201,1739981403718230824,1739981403719625813
37202,1739981403719094294,1739981403720058243
37203,1739981403719857814,1739981403720405628
37204,1739981403720233953,1739981403720870080
37205,1739981403720611235,1739981403721888581
37206,1739981403721103731,1739981403722634006
37207,1739981403722065688,1739981403723033276
37208,1739981403722880639,1739981403723327209
37209,1739981403723236144,1739981403723628682
37210,1739981403723557062,1739981403723999254
37211,1739981403723788228,1739981403724410105
37212,1739981403724203963,1739981403725204237
37213,1739981403724605052,1739981403725900235
37214,1739981403725529558,1739981403726410240
37215,1739981403726135961,1739981403726752530
37216,1739981403726597122,1739981403727152243
37217,1739981403726931961,1739981403727508045
37218,1739981403727336340,1739981403728168455
37219,1739981403727675224,1739981403729073176
37220,1739981403728338125,1739981403729590897
37221,1739981403729309622,1739981403730051800
37222,1739981403729794895,1739981403730413217
37223,1739981403730232752,1739981403731039374
37224,1739981403730599109,1739981403731886464
37225,1739981403731306925,1739981403732430321
37226,1739981403732146620,1739981403732920871
37227,1739981403732704820,1739981403733392140
37228,1739981403733150641,1739981403734452111
37229,1739981403733596723,1739981403735089511
37230,1739981403734721429,1739981403735530627
37231,1739981403735353201,1739981403736471539
37232,1739981403735764677,1739981403737351286
37233,1739981403736793827,1739981403737760053
37234,1739981403737508812,1739981403738213375
37235,1739981403737985927,1739981403738518566
37236,1739981403738402116,1739981403738817993
37237,1739981403738717056,1739981403739804110
37238,1739981403738948398,1739981403740476950
37239,1739981403739982097,1739981403740793885
37240,1739981403740712579,1739981403741092710
37241,1739981403741000189,1739981403741568321
37242,1739981403741297820,1739981403741937510
37243,1739981403741813567,1739981403742326750
37244,1739981403742139208,1739981403743075774
37245,1739981403742530181,1739981403743767840
37246,1739981403743308685,1739981403744105668
37247,1739981403743997541,1739981403744495497
37248,1739981403744277057,1739981403744971568
37249,1739981403744711308,1739981403745348947
37250,1739981403745188479,1739981403745693800
37251,1739981403745577075,1739981403746613316
37252,1739981403746173808,1739981403747129266
37253,1739981403746998460,1739981403747503705
37254,1739981403747335411,1739981403747893267
37255,1739981403747734397,1739981403748217734
37256,1739981403748102143,1739981403749056040
37257,1739981403748628421,1739981403749721151
37258,1739981403749480691,1739981403750102831
37259,1739981403749940210,1739981403750403469
37260,1739981403750289868,1739981403750703233
37261,1739981403750577500,1739981403751096971
37262,1739981403750890409,1739981403751923863
37263,1739981403751270722,1739981403752476613
37264,1739981403752263806,1739981403752939868
37265,1739981403752690093,1739981403753353526
37266,1739981403753138716,1739981403753756793
37267,1739981403753596131,1739981403754715006
37268,1739981403754040512,1739981403755380350
37269,1739981403754945718,1739981403755850358
37270,1739981403755609010,1739981403756314289
37271,1739981403756061490,1739981403756690320
37272,1739981403756536915,1739981403757043030
37273,1739981403756902222,1739981403757991369
37274,1739981403757223670,1739981403758581764
37275,1739981403758366058,1739981403758971367
37276,1739981403758828994,1739981403759390438
37277,1739981403759201269,1739981403759765387
37278,1739981403759615529,1739981403760403782
37279,1739981403759970212,1739981403761217545
37280,1739981403760618455,1739981403761569132
37281,1739981403761474177,1739981403761880815
37282,1739981403761767101,1739981403762243996
37283,1739981403762063766,1739981403762699367
37284,1739981403762435498,1739981403763364489
37285,1739981403762880942,1739981403764318430
37286,1739981403763650198,1739981403764703651
37287,1739981403764576885,1739981403765069506
37288,1739981403764877395,1739981403765405545
37289,1739981403765201099,1739981403765798735
37290,1739981403765587237,1739981403766789357
37291,1739981403765981860,1739981403767615772
37292,1739981403766983255,1739981403768009490
37293,1739981403767872874,1739981403768384705
37294,1739981403768233370,1739981403768876530
37295,1739981403768578251,1739981403769531030
37296,1739981403769099738,1739981403770313806
37297,1739981403769805839,1739981403770737480
37298,1739981403770512277,1739981403771085264
37299,1739981403770921662,1739981403771420878
37300,1739981403771281995,1739981403771826516
37301,1739981403771606222,1739981403772187206
37302,1739981403772003899,1739981403773023839
37303,1739981403772375399,1739981403773649634
37304,1739981403773226845,1739981403774257165
37305,1739981403773909842,1739981403774651200
37306,1739981403774464202,1739981403775055455
37307,1739981403774843320,1739981403775390084
37308,1739981403775253754,1739981403775981998
37309,1739981403775619130,1739981403776707022
37310,1739981403776235488,1739981403777242093
37311,1739981403776956405,1739981403777663837
37312,1739981403777481858,1739981403778054672
37313,1739981403777886824,1739981403778415604
37314,1739981403778246835,1739981403779589952
37315,1739981403778682453,1739981403780030791
37316,1739981403779845236,1739981403780401197
37317,1739981403780217046,1739981403780819258
37318,1739981403780631420,1739981403781209867
37319,1739981403781071203,1739981403782035018
37320,1739981403781416465,1739981403782765524
37321,1739981403782257911,1739981403783114264
37322,1739981403783014011,1739981403783452227
37323,1739981403783320393,1739981403783784202
37324,1739981403783651114,1739981403784299547
37325,1739981403784029941,1739981403784735386
37326,1739981403784523355,1739981403785135493
37327,1739981403784940122,1739981403785950476
37328,1739981403785318706,1739981403786709755
37329,1739981403786171945,1739981403787074648
37330,1739981403786979924,1739981403787421861
37331,1739981403787287314,1739981403787801680
37332,1739981403787635640,1739981403788184879
37333,1739981403788003597,1739981403788514321
37334,1739981403788368359,1739981403789266325
37335,1739981403788817734,1739981403790087633
37336,1739981403789584860,1739981403790490610
37337,1739981403790313225,1739981403790851949
37338,1739981403790719577,1739981403791203577
37339,1739981403791035158,1739981403791504988
37340,1739981403791402134,1739981403791761410
37341,1739981403791675767,1739981403792904565
37342,1739981403791942523,1739981403793289212
37343,1739981403793122810,1739981403793618452
37344,1739981403793492989,1739981403794064903
37345,1739981403793828892,1739981403794449493
37346,1739981403794207028,1739981403794873705
37347,1739981403794618957,1739981403795597501
37348,1739981403795047205,1739981403796311493
37349,1739981403795915939,1739981403796704855
37350,1739981403796535350,1739981403797128524
37351,1739981403796928000,1739981403797507990
37352,1739981403797339653,1739981403797917450
37353,1739981403797711288,1739981403798610929
37354,1739981403798108239,1739981403799348112
37355,1739981403798845568,1739981403799830577
37356,1739981403799656695,1739981403800242602
37357,1739981403800062956,1739981403800621984
37358,1739981403800466813,1739981403800954618
37359,1739981403800854955,1739981403801277796
37360,1739981403801183790,1739981403802060891
37361,1739981403801476693,1739981403802653541
37362,1739981403802394827,1739981403803013371
37363,1739981403802860465,1739981403803333255
37364,1739981403803246148,1739981403803671046
37365,1739981403803608510,1739981403804813244
37366,1739981403803816023,1739981403805325104
37367,1739981403805094205,1739981403805782783
37368,1739981403805559271,1739981403806109353
37369,1739981403806012690,1739981403806460128
37370,1739981403806329929,1739981403807243385
37371,1739981403806665434,1739981403808026446
37372,1739981403807485061,1739981403808383515
37373,1739981403808234057,1739981403808761926
37374,1739981403808584581,1739981403809253543
37375,1739981403808947856,1739981403809626795
37376,1739981403809444374,1739981403810441446
37377,1739981403809830232,1739981403810942869
37378,1739981403810657715,1739981403811420138
37379,1739981403811242149,1739981403811748801
37380,1739981403811693472,1739981403812179841
37381,1739981403811881083,1739981403812546496
37382,1739981403812397162,1739981403812895070
37383,1739981403812772329,1739981403813358484
37384,1739981403813086404,1739981403814066238
37385,1739981403813734240,1739981403814875534
37386,1739981403814299409,1739981403815237421
37387,1739981403815091365,1739981403815586725
37388,1739981403815449664,1739981403815999272
37389,1739981403815791887,1739981403816348726
37390,1739981403816203539,1739981403816705924
37391,1739981403816549684,1739981403817610471
37392,1739981403816928323,1739981403818480016
37393,1739981403818083604,1739981403818923068
37394,1739981403818719743,1739981403819343909
37395,1739981403819134934,1739981403819834469
37396,1739981403819536755,1739981403820215967
37397,1739981403820019126,1739981403820925341
37398,1739981403820425008,1739981403821768665
37399,1739981403821231461,1739981403822129440
37400,1739981403822030606,1739981403822425091
37401,1739981403822344408,1739981403822792539
37402,1739981403822560002,1739981403823119986
37403,1739981403822998479,1739981403823449007
37404,1739981403823302464,1739981403824184288
37405,1739981403823664405,1739981403825112923
37406,1739981403824554080,1739981403825529905
37407,1739981403825343513,1739981403825968181
37408,1739981403825765983,1739981403826408302
37409,1739981403826201356,1739981403826819629
37410,1739981403826595188,1739981403827426857
37411,1739981403827014111,1739981403828039605
37412,1739981403827681846,1739981403828573823
37413,1739981403828406004,1739981403829047843
37414,1739981403828812499,1739981403829537806
37415,1739981403829233041,1739981403830444844
37416,1739981403829738814,1739981403831292448
37417,1739981403830764247,1739981403831710586
37418,1739981403831541564,1739981403832085581
37419,1739981403831947255,1739981403832963699
37420,1739981403832344840,1739981403833795611
37421,1739981403833151635,1739981403834288247
37422,1739981403833994989,1739981403834719496
37423,1739981403834480235,1739981403835070870
37424,1739981403834999580,1739981403835433695
37425,1739981403835222384,1739981403835870651
37426,1739981403835651480,1739981403836738212
37427,1739981403836051118,1739981403837274167
37428,1739981403837134977,1739981403837682841
37429,1739981403837536227,1739981403838109216
37430,1739981403837882724,1739981403838471597
37431,1739981403838355788,1739981403839261841
37432,1739981403838687477,1739981403840120292
37433,1739981403839438215,1739981403840550988
37434,1739981403840318826,1739981403841125048
37435,1739981403840749624,1739981403841502119
37436,1739981403841320779,1739981403841831961
37437,1739981403841661371,1739981403842812835
37438,1739981403842008730,1739981403843468352
37439,1739981403842985879,1739981403843972261
37440,1739981403843732118,1739981403844578433
37441,1739981403844199710,1739981403844976436
37442,1739981403844801660,1739981403845868517
37443,1739981403845176188,1739981403846666633
37444,1739981403846090545,1739981403847070328
37445,1739981403846856677,1739981403847481239
37446,1739981403847199195,1739981403847920379
37447,1739981403847688540,1739981403848239023
37448,1739981403848104478,1739981403848882887
37449,1739981403848412400,1739981403849641529
37450,1739981403849085071,1739981403850008491
37451,1739981403849784497,1739981403850322388
37452,1739981403850189318,1739981403850755917
37453,1739981403850505188,1739981403851077080
37454,1739981403850923521,1739981403851450119
37455,1739981403851212428,1739981403852243458
37456,1739981403851628418,1739981403852706270
37457,1739981403852486096,1739981403853223918
37458,1739981403853065451,1739981403853573319
37459,1739981403853461332,1739981403853894941
37460,1739981403853804809,1739981403854452037
37461,1739981403854005531,1739981403854853593
37462,1739981403854644629,1739981403855295225
37463,1739981403855045310,1739981403856262806
37464,1739981403855684820,1739981403856719261
37465,1739981403856535815,1739981403857114469
37466,1739981403856994747,1739981403857503810
37467,1739981403857357898,1739981403857778567
37468,1739981403857691967,1739981403858589975
37469,1739981403857968668,1739981403859352556
37470,1739981403858868388,1739981403859712693
37471,1739981403859612640,1739981403860028274
37472,1739981403859952568,1739981403860485731
37473,1739981403860216989,1739981403861224773
37474,1739981403860674210,1739981403861908519
37475,1739981403861364584,1739981403862298188
37476,1739981403862156176,1739981403862667102
37477,1739981403862515555,1739981403863084585
37478,1739981403862900581,1739981403863438364
37479,1739981403863281525,1739981403863755805
37480,1739981403863652510,1739981403864824896
37481,1739981403863954712,1739981403865417165
37482,1739981403865155996,1739981403865793304
37483,1739981403865654891,1739981403866167101
37484,1739981403866018125,1739981403867458137
37485,1739981403866389756,1739981403867919937
37486,1739981403867740589,1739981403868348725
37487,1739981403868134744,1739981403868759559
37488,1739981403868555192,1739981403869097537
37489,1739981403868942920,1739981403869811830
37490,1739981403869305167,1739981403870509398
37491,1739981403870013118,1739981403870863242
37492,1739981403870744990,1739981403871199846
37493,1739981403871127853,1739981403871676508
37494,1739981403871330683,1739981403871993783
37495,1739981403871946056,1739981403872417643
37496,1739981403872156829,1739981403873331585
37497,1739981403872647404,1739981403873883912
37498,1739981403873581624,1739981403874378561
37499,1739981403874100513,1739981403874726194
37500,1739981403874592492,1739981403875124253
37501,1739981403874918109,1739981403875526047
37502,1739981403875309184,1739981403876333817
37503,1739981403875844515,1739981403876945560
37504,1739981403876591400,1739981403877457904
37505,1739981403877183554,1739981403877893588
37506,1739981403877677154,1739981403878290988
37507,1739981403878126702,1739981403879157730
37508,1739981403878621861,1739981403879641533
37509,1739981403879496462,1739981403879971536
37510,1739981403879847763,1739981403880397683
37511,1739981403880176066,1739981403880729390
37512,1739981403880571671,1739981403881074501
37513,1739981403880914940,1739981403881878160
37514,1739981403881268811,1739981403882554844
37515,1739981403882093990,1739981403883037471
37516,1739981403882792077,1739981403883575296
37517,1739981403883226409,1739981403883942075
37518,1739981403883774024,1739981403884464496
37519,1739981403884120789,1739981403884856301
37520,1739981403884679257,1739981403885291966
37521,1739981403885053330,1739981403886148290
37522,1739981403885716885,1739981403886735753
37523,1739981403886305598,1739981403887199029
37524,1739981403886964534,1739981403887666503
37525,1739981403887408612,1739981403888049988
37526,1739981403887878645,1739981403888792007
37527,1739981403888254826,1739981403889608460
37528,1739981403888947494,1739981403889934723
37529,1739981403889854148,1739981403890266118
37530,1739981403890083332,1739981403890685701
37531,1739981403890481636,1739981403891047463
37532,1739981403890863907,1739981403891335178
37533,1739981403891215368,1739981403892186510
37534,1739981403891508188,1739981403892689967
37535,1739981403892344987,1739981403893306869
37536,1739981403892985965,1739981403893735254
37537,1739981403893510510,1739981403894284288
37538,1739981403894025333,1739981403894601605
37539,1739981403894482786,1739981403894973199
37540,1739981403894806220,1739981403895841015
37541,1739981403895163473,1739981403896607667
37542,1739981403896097324,1739981403897082360
37543,1739981403896842694,1739981403897549765
37544,1739981403897346181,1739981403897955175
37545,1739981403897791754,1739981403898638959
37546,1739981403898195778,1739981403899681361
37547,1739981403898994944,1739981403900131118
37548,1739981403899919485,1739981403900560059
37549,1739981403900311638,1739981403900944965
37550,1739981403900754499,1739981403901813214
37551,1739981403901131921,1739981403902420120
37552,1739981403901976680,1739981403902863236
37553,1739981403902626772,1739981403903218324
37554,1739981403903048988,1739981403903546287
37555,1739981403903412549,1739981403903998748
37556,1739981403903728615,1739981403904469717
37557,1739981403904187813,1739981403904879339
37558,1739981403904661759,1739981403905734671
37559,1739981403905067432,1739981403906397710
37560,1739981403905979919,1739981403906751166
37561,1739981403906580511,1739981403907119388
37562,1739981403906940662,1739981403907550558
37563,1739981403907314954,1739981403907998657
37564,1739981403907740000,1739981403908863085
37565,1739981403908200690,1739981403909573038
37566,1739981403909050838,1739981403909930737
37567,1739981403909807999,1739981403910373792
37568,1739981403910114704,1739981403910731508
37569,1739981403910596009,1739981403911138896
37570,1739981403910934289,1739981403912032629
37571,1739981403911329890,1739981403912599305
37572,1739981403912185396,1739981403912923970
37573,1739981403912816893,1739981403913424502
37574,1739981403913131857,1739981403913789394
37575,1739981403913662496,1739981403914165625
37576,1739981403914002483,1739981403914570787
37577,1739981403914376311,1739981403915531310
37578,1739981403914766343,1739981403915970666
37579,1739981403915798768,1739981403916428759
37580,1739981403916209398,1739981403916861475
37581,1739981403916676286,1739981403917460059
37582,1739981403917101773,1739981403917807461
37583,1739981403917686899,1739981403918531189
37584,1739981403918017015,1739981403919268927
37585,1739981403918747300,1739981403919768434
37586,1739981403919549238,1739981403920170793
37587,1739981403919998344,1739981403920582482
37588,1739981403920383326,1739981403921111144
37589,1739981403920784306,1739981403922180072
37590,1739981403921555213,1739981403922562137
37591,1739981403922412630,1739981403922889301
37592,1739981403922741488,1739981403923204709
37593,1739981403923083980,1739981403923508020
37594,1739981403923428341,1739981403924568253
37595,1739981403923631785,1739981403925016417
37596,1739981403924778453,1739981403925382547
37597,1739981403925215026,1739981403925688172
37598,1739981403925598392,1739981403926193299
37599,1739981403925809444,1739981403927047210
37600,1739981403926363216,1739981403927737530
37601,1739981403927194952,1739981403928186469
37602,1739981403927954117,1739981403928537121
37603,1739981403928362865,1739981403928898403
37604,1739981403928717025,1739981403929344030
37605,1739981403929090175,1739981403929682961
37606,1739981403929533953,1739981403930539722
37607,1739981403929863709,1739981403931315997
37608,1739981403930785021,1739981403931683516
37609,1739981403931552372,1739981403932121256
37610,1739981403931887846,1739981403932529162
37611,1739981403932333016,1739981403932841706
37612,1739981403932724101,1739981403933185988
37613,1739981403933050813,1739981403934138696
37614,1739981403933379993,1739981403934702848
37615,1739981403934432492,1739981403935128575
37616,1739981403934909713,1739981403935597339
37617,1739981403935341759,1739981403935958476
37618,1739981403935803098,1739981403936410718
37619,1739981403936151592,1739981403936788327
37620,1739981403936604740,1739981403937555356
37621,1739981403936960630,1739981403938259258
37622,1739981403937880397,1739981403938664034
37623,1739981403938545319,1739981403939066471
37624,1739981403938856192,1739981403939479584
37625,1739981403939190650,1739981403940386834
37626,1739981403939673447,1739981403941016035
37627,1739981403940624122,1739981403941503434
37628,1739981403941251766,1739981403941855268
37629,1739981403941716016,1739981403942534279
37630,1739981403942075026,1739981403943323570
37631,1739981403942707241,1739981403943650911
37632,1739981403943535703,1739981403944008019
37633,1739981403943885596,1739981403944458175
37634,1739981403944287551,1739981403944781158
37635,1739981403944685846,1739981403945078671
37636,1739981403944982897,1739981403945501642
37637,1739981403945281798,1739981403946233173
37638,1739981403945741909,1739981403947065045
37639,1739981403946575247,1739981403947516865
37640,1739981403947314478,1739981403948022630
37641,1739981403947726618,1739981403948392045
37642,1739981403948206052,1739981403948766613
37643,1739981403948581210,1739981403949379784
37644,1739981403948938511,1739981403950310384
37645,1739981403949578461,1739981403950689687
37646,1739981403950527193,1739981403951034922
37647,1739981403950887057,1739981403951517547
37648,1739981403951214067,1739981403952248394
37649,1739981403951741118,1739981403952857843
37650,1739981403952491897,1739981403953355301
37651,1739981403953194055,1739981403953695604
37652,1739981403953540888,1739981403953986460
37653,1739981403953938892,1739981403954520568
37654,1739981403954212157,1739981403954840282
37655,1739981403954735106,1739981403955260123
37656,1739981403955016263,1739981403956318109
37657,1739981403955422252,1739981403956722400
37658,1739981403956607609,1739981403957165891
37659,1739981403956929051,1739981403957556448
37660,1739981403957388324,1739981403957938104
37661,1739981403957734914,1739981403958735548
37662,1739981403958126187,1739981403959243706
37663,1739981403959058949,1739981403959683448
37664,1739981403959461339,1739981403960075329
37665,1739981403959880063,1739981403960468336
37666,1739981403960290834,1739981403961790684
37667,1739981403960667807,1739981403962179299
37668,1739981403962042967,1739981403962604196
37669,1739981403962376836,1739981403962983844
37670,1739981403962797487,1739981403963308608
37671,1739981403963166755,1739981403964070445
37672,1739981403963465407,1739981403964917088
37673,1739981403964271744,1739981403965294809
37674,1739981403965130837,1739981403965626171
37675,1739981403965520446,1739981403966096110
37676,1739981403965771311,1739981403966419795
37677,1739981403966284312,1739981403967206977
37678,1739981403966599167,1739981403967982364
37679,1739981403967522202,1739981403968534607
37680,1739981403968247698,1739981403968919000
37681,1739981403968762638,1739981403969280345
37682,1739981403969136308,1739981403969636648
37683,1739981403969495339,1739981403970646444
37684,1739981403969826270,1739981403971304895
37685,1739981403971004184,1739981403971774521
37686,1739981403971528931,1739981403972232012
37687,1739981403971991667,1739981403972997543
37688,1739981403972410161,1739981403973839817
37689,1739981403973329243,1739981403974352653
37690,1739981403974084232,1739981403974855989
37691,1739981403974805769,1739981403975341120
37692,1739981403975040534,1739981403976212504
37693,1739981403975564243,1739981403977049007
37694,1739981403976483027,1739981403977416050
37695,1739981403977352287,1739981403977825553
37696,1739981403977670982,1739981403978225263
37697,1739981403978055353,1739981403978539251
37698,1739981403978417603,1739981403978880034
37699,1739981403978741568,1739981403979177265
37700,1739981403979087581,1739981403980145951
37701,1739981403979371238,1739981403980644041
37702,1739981403980459220,1739981403981101172
37703,1739981403980847764,1739981403981482358
37704,1739981403981322753,1739981403981910544
37705,1739981403981694999,1739981403982874332
37706,1739981403982103446,1739981403983672771
37707,1739981403983090404,1739981403984212982
37708,1739981403983935394,1739981403984623187
37709,1739981403984420832,1739981403985007824
37710,1739981403984841559,1739981403985355751
37711,1739981403985184105,1739981403986337132
37712,1739981403985532271,1739981403986896510
37713,1739981403986593533,1739981403987384157
37714,1739981403987212714,1739981403987854772
37715,1739981403987614638,1739981403988200299
37716,1739981403988042712,1739981403989044165
37717,1739981403988383793,1739981403989751523
37718,1739981403989206267,1739981403990099660
37719,1739981403989967063,1739981403990444331
37720,1739981403990346344,1739981403990888953
37721,1739981403990632519,1739981403991194569
37722,1739981403991102212,1739981403991504324
37723,1739981403991392919,1739981403992470383
37724,1739981403991730767,1739981403992995289
37725,1739981403992861656,1739981403993462788
37726,1739981403993244611,1739981403993915507
37727,1739981403993690372,1739981403994526076
37728,1739981403994129648,1739981403994958251
37729,1739981403994746121,1739981403995727335
37730,1739981403995194905,1739981403996499028
37731,1739981403995937060,1739981403996961031
37732,1739981403996723649,1739981403997469557
37733,1739981403997187433,1739981403997907611
37734,1739981403997729287,1739981403998336370
37735,1739981403998136965,1739981403999376104
37736,1739981403998547384,1739981403999936002
37737,1739981403999744926,1739981404000357175
37738,1739981404000203669,1739981404000798456
37739,1739981404000590675,1739981404001119397
37740,1739981404000993155,1739981404001443240
37741,1739981404001345425,1739981404002315307
37742,1739981404001792001,1739981404002851331
37743,1739981404002519135,1739981404003178161
37744,1739981404003092286,1739981404003671506
37745,1739981404003343183,1739981404004013306
37746,1739981404003916236,1739981404004496860
37747,1739981404004310864,1739981404004945035
37748,1739981404004716955,1739981404006103811
37749,1739981404005246162,1739981404006624235
37750,1739981404006338678,1739981404007131742
37751,1739981404006864912,1739981404007490015
37752,1739981404007312877,1739981404008217927
37753,1739981404007664165,1739981404009035609
37754,1739981404008484363,1739981404009557537
37755,1739981404009284562,1739981404010121859
37756,1739981404009755056,1739981404010536449
37757,1739981404010348542,1739981404011277114
37758,1739981404010774818,1739981404012097866
37759,1739981404011485081,1739981404012560204
37760,1739981404012361047,1739981404012976112
37761,1739981404012782402,1739981404013384348
37762,1739981404013176908,1739981404013714602
37763,1739981404013595174,1739981404014612889
37764,1739981404013920230,1739981404015341876
37765,1739981404014850470,1739981404015686147
37766,1739981404015583030,1739981404016015763
37767,1739981404015803145,1739981404016395579
37768,1739981404016239933,1739981404016827435
37769,1739981404016626549,1739981404017173654
37770,1739981404017048783,1739981404018336408
37771,1739981404017603004,1739981404018836555
37772,1739981404018621245,1739981404019228677
37773,1739981404019077924,1739981404019614172
37774,1739981404019442683,1739981404019921659
37775,1739981404019822554,1739981404020823705
37776,1739981404020104503,1739981404021548113
37777,1739981404021034067,1739981404022020837
37778,1739981404021802968,1739981404022397417
37779,1739981404022162318,1739981404022809888
37780,1739981404022583014,1739981404023634055
37781,1739981404023030833,1739981404024573506
37782,1739981404024030405,1739981404024958354
37783,1739981404024843806,1739981404025364158
37784,1739981404025193839,1739981404025840937
37785,1739981404025580221,1739981404026369858
37786,1739981404026048760,1739981404026833740
37787,1739981404026604416,1739981404027457290
37788,1739981404027199416,1739981404027836218
37789,1739981404027681428,1739981404028143921
37790,1739981404028005775,1739981404028469223
37791,1739981404028340034,1739981404028905969
37792,1739981404028667950,1739981404029598019
37793,1739981404029085789,1739981404030397722
37794,1739981404029814447,1739981404030794305
37795,1739981404030664599,1739981404031298116
37796,1739981404030997189,1739981404031776721
37797,1739981404031513718,1739981404032099623
37798,1739981404031979659,1739981404032864475
37799,1739981404032289681,1739981404033496918
37800,1739981404033075526,1739981404034126896
37801,1739981404033811486,1739981404034685506
37802,1739981404034300803,1739981404035077293
37803,1739981404034895673,1739981404035493457
37804,1739981404035194945,1739981404036394832
37805,1739981404035682129,1739981404036880756
37806,1739981404036619543,1739981404037439856
37807,1739981404037130634,1739981404037797243
37808,1739981404037659723,1739981404038126314
37809,1739981404037988372,1739981404038559382
37810,1739981404038345684,1739981404038876831
37811,1739981404038769010,1739981404039460247
37812,1739981404039065812,1739981404040330309
37813,1739981404039640956,1739981404040700102
37814,1739981404040602954,1739981404041102277
37815,1739981404040831475,1739981404041442106
37816,1739981404041288780,1739981404041752864
37817,1739981404041688414,1739981404042520044
37818,1739981404041903371,1739981404043230719
37819,1739981404042790926,1739981404043585280
37820,1739981404043433763,1739981404043980765
37821,1739981404043762450,1739981404044504881
37822,1739981404044207216,1739981404044848896
37823,1739981404044728252,1739981404045559107
37824,1739981404045028793,1739981404046444855
37825,1739981404045700215,1739981404046870834
37826,1739981404046656807,1739981404047254455
37827,1739981404047031853,1739981404047596331
37828,1739981404047446480,1739981404047879902
37829,1739981404047813042,1739981404048610455
37830,1739981404048001360,1739981404049358174
37831,1739981404048794566,1739981404049718277
37832,1739981404049556070,1739981404050031168
37833,1739981404049900549,1739981404050521023
37834,1739981404050279308,1739981404050969778
37835,1739981404050770375,1739981404051847652
37836,1739981404051179115,1739981404052520095
37837,1739981404052001247,1739981404052911709
37838,1739981404052728463,1739981404053282538
37839,1739981404053104563,1739981404053630649
37840,1739981404053455220,1739981404054046585
37841,1739981404053834906,1739981404054417803
37842,1739981404054280565,1739981404055036265
37843,1739981404054620074,1739981404055839614
37844,1739981404055270053,1739981404056228088
37845,1739981404056109335,1739981404056598715
37846,1739981404056429896,1739981404056979029
37847,1739981404056822399,1739981404057269649
37848,1739981404057167487,1739981404057954926
37849,1739981404057440226,1739981404058777593
37850,1739981404058242219,1739981404059189121
37851,1739981404059015945,1739981404059556177
37852,1739981404059414938,1739981404059890297
37853,1739981404059773081,1739981404060392863
37854,1739981404060102551,1739981404060765293
37855,1739981404060599491,1739981404061653538
37856,1739981404060965902,1739981404062345206
37857,1739981404061821549,1739981404062730001
37858,1739981404062522141,1739981404063076480
37859,1739981404062970401,1739981404063483888
37860,1739981404063275662,1739981404063882044
37861,1739981404063665570,1739981404064362439
37862,1739981404064071892,1739981404064814258
37863,1739981404064544231,1739981404065814654
37864,1739981404064993739,1739981404066267022
37865,1739981404066054401,1739981404066633309
37866,1739981404066499517,1739981404066959055
37867,1739981404066855730,1739981404067318645
37868,1739981404067175899,1739981404068445876
37869,1739981404067531507,1739981404068789170
37870,1739981404068716991,1739981404069087962
37871,1739981404068952138,1739981404069526851
37872,1739981404069294168,1739981404069912338
37873,1739981404069731075,1739981404070277024
37874,1739981404070107061,1739981404071072795
37875,1739981404070587809,1739981404071851518
37876,1739981404071250213,1739981404072209295
37877,1739981404072105220,1739981404072728139
37878,1739981404072392337,1739981404073199848
37879,1739981404072921579,1739981404073586444
37880,1739981404073391782,1739981404074478012
37881,1739981404073777067,1739981404075153549
37882,1739981404074698547,1739981404075608977
37883,1739981404075374029,1739981404076163219
37884,1739981404075803279,1739981404076600356
37885,1739981404076343692,1739981404077396755
37886,1739981404076788443,1739981404078171057
37887,1739981404077648691,1739981404078639506
37888,1739981404078309910,1739981404079020746
37889,1739981404078830813,1739981404079379063
37890,1739981404079219535,1739981404080046185
37891,1739981404079572038,1739981404080526566
37892,1739981404080211666,1739981404081154368
37893,1739981404080774905,1739981404081594773
37894,1739981404081380164,1739981404081957581
37895,1739981404081816363,1739981404082262111
37896,1739981404082150963,1739981404082584078
37897,1739981404082507428,1739981404083574082
37898,1739981404082756916,1739981404084086876
37899,1739981404083965908,1739981404084547927
37900,1739981404084267323,1739981404084940913
37901,1739981404084735351,1739981404085375236
37902,1739981404085178350,1739981404086272387
37903,1739981404085580960,1739981404086984742
37904,1739981404086538006,1739981404087434458
37905,1739981404087219534,1739981404087821728
37906,1739981404087634516,1739981404088244418
37907,1739981404088043630,1739981404088862556
37908,1739981404088445793,1739981404089880932
37909,1739981404089372990,1739981404090274582
37910,1739981404090110231,1739981404090643832
37911,1739981404090514484,1739981404091226352
37912,1739981404090850898,1739981404091907209
37913,1739981404091430804,1739981404092616445
37914,1739981404092130853,1739981404093171104
37915,1739981404092995439,1739981404093522248
37916,1739981404093395973,1739981404093830849
37917,1739981404093722710,1739981404094343820
37918,1739981404094014359,1739981404094657584
37919,1739981404094523462,1739981404094974092
37920,1739981404094849177,1739981404095782166
37921,1739981404095195038,1739981404096661684
37922,1739981404096078686,1739981404097063696
37923,1739981404096918469,1739981404097438957
37924,1739981404097197549,1739981404097835560
37925,1739981404097676560,1739981404098244631
37926,1739981404098044099,1739981404099028518
37927,1739981404098476813,1739981404099815165
37928,1739981404099186872,1739981404100255649
37929,1739981404100031633,1739981404100732240
37930,1739981404100429326,1739981404101122625
37931,1739981404100956125,1739981404101879172
37932,1739981404101320382,1739981404102697541
37933,1739981404102144100,1739981404103071033
37934,1739981404102978255,1739981404103357497
37935,1739981404103207196,1739981404103695004
37936,1739981404103549968,1739981404103980374
37937,1739981404103880876,1739981404104807330
37938,1739981404104154094,1739981404105549386
37939,1739981404105121391,1739981404105903465
37940,1739981404105799794,1739981404106245087
37941,1739981404106128510,1739981404106678632
37942,1739981404106438058,1739981404107020812
37943,1739981404106845814,1739981404107935318
37944,1739981404107184763,1739981404108670382
37945,1739981404108107323,1739981404109156798
37946,1739981404108922578,1739981404109523418
37947,1739981404109365029,1739981404109970913
37948,1739981404109710188,1739981404110823344
37949,1739981404110164856,1739981404111835345
37950,1739981404111136022,1739981404112308645
37951,1739981404112099042,1739981404112714097
37952,1739981404112525227,1739981404113091836
37953,1739981404112932319,1739981404114013441
37954,1739981404113283279,1739981404114977388
37955,1739981404114282805,1739981404115460929
37956,1739981404115219962,1739981404115863038
37957,1739981404115676398,1739981404116226052
37958,1739981404116059664,1739981404117274364
37959,1739981404116434448,1739981404117825779
37960,1739981404117629895,1739981404118251467
37961,1739981404118085906,1739981404118647755
37962,1739981404118472215,1739981404118957353
37963,1739981404118850609,1739981404119687452
37964,1739981404119144000,1739981404120456571
37965,1739981404119985677,1739981404120824329
37966,1739981404120695580,1739981404121169261
37967,1739981404121013397,1739981404121502313
37968,1739981404121390467,1739981404121922831
37969,1739981404121725642,1739981404122301378
37970,1739981404122113348,1739981404123172457
37971,1739981404122473204,1739981404123743375
37972,1739981404123466702,1739981404124358546
37973,1739981404124123970,1739981404124748711
37974,1739981404124585822,1739981404125111383
37975,1739981404124941550,1739981404125521288
37976,1739981404125304421,1739981404125908340
37977,1739981404125689701,1739981404127149409
37978,1739981404126089555,1739981404127714231
37979,1739981404127397513,1739981404128094425
37980,1739981404127916425,1739981404128471443
37981,1739981404128292729,1739981404129308185
37982,1739981404128658771,1739981404129912033
37983,1739981404129516894,1739981404130370416
37984,1739981404130250327,1739981404130746340
37985,1739981404130582470,1739981404131037643
37986,1739981404130919718,1739981404131334162
37987,1739981404131222588,1739981404132119607
37988,1739981404131534338,1739981404132940194
37989,1739981404132354904,1739981404133320599
37990,1739981404133204453,1739981404133824332
37991,1739981404133533111,1739981404134153009
37992,1739981404134007908,1739981404134538007
37993,1739981404134351238,1739981404134900250
37994,1739981404134750605,1739981404135699090
37995,1739981404135109459,1739981404136504593
37996,1739981404136026987,1739981404136974168
37997,1739981404136721083,1739981404137347367
37998,1739981404137170183,1739981404137739858
37999,1739981404137538701,1739981404138083160
38000,1739981404137936510,1739981404139014612
38001,1739981404138369472,1739981404139710978
38002,1739981404139237581,1739981404140113722
38003,1739981404139980927,1739981404140597590
38004,1739981404140313183,1739981404141335791
38005,1739981404140823835,1739981404141836328
38006,1739981404141711888,1739981404142260773
38007,1739981404142057192,1739981404142634872
38008,1739981404142472368,1739981404143421219
38009,1739981404142856250,1739981404144038148
38010,1739981404143668061,1739981404144555873
38011,1739981404144272313,1739981404144878561
38012,1739981404144758609,1739981404145224508
38013,1739981404145103761,1739981404145673587
38014,1739981404145429846,1739981404146043432
38015,1739981404145877759,1739981404146830268
38016,1739981404146241920,1739981404147490988
38017,1739981404147078011,1739981404147866519
38018,1739981404147687689,1739981404148240431
38019,1739981404148063866,1739981404148578249
38020,1739981404148422982,1739981404148914236
38021,1739981404148791687,1739981404149796709
38022,1739981404149090040,1739981404150457736
38023,1739981404149996128,1739981404150887160
38024,1739981404150684494,1739981404151419993
38025,1739981404151104491,1739981404152469312
38026,1739981404151611196,1739981404153061467
38027,1739981404152839357,1739981404153454917
38028,1739981404153220415,1739981404153986239
38029,1739981404153696285,1739981404154480057
38030,1739981404154210763,1739981404155419604
38031,1739981404154700638,1739981404155989542
38032,1739981404155778501,1739981404156374303
38033,1739981404156223651,1739981404156696550
38034,1739981404156587624,1739981404157100458
38035,1739981404156897706,1739981404157789400
38036,1739981404157289297,1739981404158646660
38037,1739981404157989624,1739981404159108878
38038,1739981404158905540,1739981404159513727
38039,1739981404159325241,1739981404159881995
38040,1739981404159729728,1739981404160226702
38041,1739981404160059796,1739981404160982034
38042,1739981404160404316,1739981404161797398
38043,1739981404161214461,1739981404162334456
38044,1739981404162005335,1739981404162849649
38045,1739981404162509845,1739981404163235225
38046,1739981404163028327,1739981404163594048
38047,1739981404163397580,1739981404164515350
38048,1739981404163758531,1739981404165296905
38049,1739981404164686596,1739981404165715154
38050,1739981404165514769,1739981404166146953
38051,1739981404165907485,1739981404166637217
38052,1739981404166338700,1739981404167250975
38053,1739981404166833602,1739981404168156334
38054,1739981404167397785,1739981404168611956
38055,1739981404168430598,1739981404168964320
38056,1739981404168832618,1739981404169298484
38057,1739981404169199827,1739981404169673485
38058,1739981404169491650,1739981404169994051
38059,1739981404169898858,1739981404170767924
38060,1739981404170198574,1739981404171393202
38061,1739981404170947441,1739981404171932304
38062,1739981404171599045,1739981404172318345
38063,1739981404172123192,1739981404172741455
38064,1739981404172485727,1739981404173084030
38065,1739981404172951170,1739981404173975593
38066,1739981404173254153,1739981404175204405
38067,1739981404174186850,1739981404175719387
38068,1739981404175380889,1739981404176097412
38069,1739981404175914824,1739981404176509276
38070,1739981404176273998,1739981404176893085
38071,1739981404176706668,1739981404177981910
38072,1739981404177079344,1739981404178418274
38073,1739981404178248949,1739981404178828814
38074,1739981404178667435,1739981404179342106
38075,1739981404179038962,1739981404180061502
38076,1739981404179537925,1739981404180870401
38077,1739981404180269347,1739981404181318679
38078,1739981404181122766,1739981404181655090
38079,1739981404181505529,1739981404182013393
38080,1739981404181850602,1739981404182463697
38081,1739981404182220564,1739981404182803086
38082,1739981404182674464,1739981404183619521
38083,1739981404182990685,1739981404184178868
38084,1739981404183963985,1739981404184641043
38085,1739981404184421542,1739981404184987486
38086,1739981404184839157,1739981404185456880
38087,1739981404185236790,1739981404186180341
38088,1739981404185660017,1739981404186977314
38089,1739981404186446374,1739981404187470779
38090,1739981404187194130,1739981404187854589
38091,1739981404187664400,1739981404188269159
38092,1739981404188061769,1739981404188870279
38093,1739981404188457116,1739981404189767645
38094,1739981404189203276,1739981404190316294
38095,1739981404190022321,1739981404190693797
38096,1739981404190589585,1739981404191013685
38097,1739981404190898103,1739981404191944358
38098,1739981404191230041,1739981404192794765
38099,1739981404192173514,1739981404193255976
38100,1739981404193028187,1739981404193682011
38101,1739981404193437536,1739981404194018682
38102,1739981404193854411,1739981404194405591
38103,1739981404194212616,1739981404194877391
38104,1739981404194590719,1739981404195177409
38105,1739981404195087505,1739981404196023561
38106,1739981404195340961,1739981404196583747
38107,1739981404196396783,1739981404196935383
38108,1739981404196819416,1739981404197297675
38109,1739981404197126653,1739981404197642209
38110,1739981404197488491,1739981404198435374
38111,1739981404197837395,1739981404199164139
38112,1739981404198764041,1739981404199579571
38113,1739981404199393602,1739981404199962399
38114,1739981404199767010,1739981404200363940
38115,1739981404200151099,1739981404200828132
38116,1739981404200556269,1739981404201791741
38117,1739981404201009877,1739981404202345682
38118,1739981404202155307,1739981404202792208
38119,1739981404202537326,1739981404203269361
38120,1739981404202966265,1739981404204142069
38121,1739981404203465289,1739981404204933357
38122,1739981404204430312,1739981404205368913
38123,1739981404205123720,1739981404205696044
38124,1739981404205585430,1739981404206011902
38125,1739981404205899718,1739981404206419567
38126,1739981404206201643,1739981404206773799
38127,1739981404206586551,1739981404207073269
38128,1739981404206949230,1739981404208008014
38129,1739981404207188470,1739981404208463567
38130,1739981404208359275,1739981404208928545
38131,1739981404208601219,1739981404209280213
38132,1739981404209138889,1739981404209652746
38133,1739981404209485098,1739981404210442359
38134,1739981404209844949,1739981404211070277
38135,1739981404210690318,1739981404211575361
38136,1739981404211425676,1739981404211944815
38137,1739981404211803025,1739981404212311241
38138,1739981404212137164,1739981404212805604
38139,1739981404212504159,1739981404213822626
38140,1739981404213001222,1739981404214470453
38141,1739981404214153291,1739981404214877183
38142,1739981404214657037,1739981404215326815
38143,1739981404215068033,1739981404215687802
38144,1739981404215510772,1739981404216481758
38145,1739981404215874480,1739981404217286116
38146,1739981404216667405,1739981404217658073
38147,1739981404217508610,1739981404218017925
38148,1739981404217837806,1739981404218390869
38149,1739981404218194497,1739981404218720595
38150,1739981404218558041,1739981404219055800
38151,1739981404218964420,1739981404219361268
38152,1739981404219204869,1739981404220289274
38153,1739981404219565641,1739981404220839960
38154,1739981404220658390,1739981404221329693
38155,1739981404221096477,1739981404221816666
38156,1739981404221523728,1739981404222154382
38157,1739981404221993412,1739981404222995188
38158,1739981404222382485,1739981404223633159
38159,1739981404223252795,1739981404224083808
38160,1739981404223849082,1739981404224626976
38161,1739981404224284728,1739981404224960881
38162,1739981404224809762,1739981404225322926
38163,1739981404225143604,1739981404226276702
38164,1739981404225505580,1739981404226970965
38165,1739981404226462702,1739981404227399110
38166,1739981404227218661,1739981404227795578
38167,1739981404227639629,1739981404228134993
38168,1739981404228019868,1739981404228452767
38169,1739981404228340167,1739981404228902027
38170,1739981404228663370,1739981404229580452
38171,1739981404229084697,1739981404230268432
38172,1739981404229805969,1739981404230766768
38173,1739981404230459939,1739981404231159402
38174,1739981404230971364,1739981404231566200
38175,1739981404231343379,1739981404231911306
38176,1739981404231780547,1739981404232638587
38177,1739981404232131906,1739981404233300853
38178,1739981404232848043,1739981404233677838
38179,1739981404233509369,1739981404234135824
38180,1739981404233904856,1739981404234538336
38181,1739981404234306846,1739981404234889621
38182,1739981404234731441,1739981404235812189
38183,1739981404235077937,1739981404236408479
38184,1739981404235983323,1739981404236851643
38185,1739981404236641295,1739981404237266800
38186,1739981404237130155,1739981404237590581
38187,1739981404237483035,1739981404237896860
38188,1739981404237842582,1739981404238429613
38189,1739981404238057745,1739981404239326010
38190,1739981404238665785,1739981404239910652
38191,1739981404239700288,1739981404240379306
38192,1739981404240127793,1739981404240712794
38193,1739981404240588006,1739981404241124606
38194,1739981404240889026,1739981404241820121
38195,1739981404241282692,1739981404242666869
38196,1739981404241993915,1739981404243008615
38197,1739981404242866658,1739981404243369162
38198,1739981404243233192,1739981404243682904
38199,1739981404243567645,1739981404244068767
38200,1739981404243881994,1739981404244593961
38201,1739981404244218471,1739981404245305007
38202,1739981404244775136,1739981404246063509
38203,1739981404245489019,1739981404246539311
38204,1739981404246236037,1739981404246943315
38205,1739981404246711004,1739981404247336108
38206,1739981404247143872,1739981404247707330
38207,1739981404247526591,1739981404248532224
38208,1739981404247884306,1739981404249163447
38209,1739981404248686085,1739981404249611557
38210,1739981404249374010,1739981404249931710
38211,1739981404249785790,1739981404250271450
38212,1739981404250140392,1739981404250574166
38213,1739981404250467938,1739981404250992775
38214,1739981404250766777,1739981404251723507
38215,1739981404251181139,1739981404252514395
38216,1739981404251956745,1739981404252900393
38217,1739981404252707504,1739981404253334995
38218,1739981404253092017,1739981404253767423
38219,1739981404253553573,1739981404254138568
38220,1739981404253952817,1739981404254478870
38221,1739981404254413290,1739981404255609135
38222,1739981404254692630,1739981404256036886
38223,1739981404255842818,1739981404256437340
38224,1739981404256238870,1739981404256755890
38225,1739981404256619547,1739981404257683201
38226,1739981404256944126,1739981404258443165
38227,1739981404257883398,1739981404258852391
38228,1739981404258697597,1739981404259252208
38229,1739981404259094017,1739981404259549409
38230,1739981404259454723,1739981404259881848
38231,1739981404259766181,1739981404260791844
38232,1739981404260075849,1739981404261371934
38233,1739981404261028472,1739981404261706460
38234,1739981404261594090,1739981404262100833
38235,1739981404261885289,1739981404262510445
38236,1739981404262283875,1739981404263324447
38237,1739981404262710985,1739981404264042659
38238,1739981404263572349,1739981404264482759
38239,1739981404264230171,1739981404264825552
38240,1739981404264691337,1739981404265178590
38241,1739981404265012097,1739981404265565191
38242,1739981404265358017,1739981404265906492
38243,1739981404265736870,1739981404266739621
38244,1739981404266094618,1739981404267501108
38245,1739981404266947397,1739981404267902189
38246,1739981404267719285,1739981404268302265
38247,1739981404268125397,1739981404268687963
38248,1739981404268492603,1739981404269019431
38249,1739981404268877631,1739981404269329216
38250,1739981404269185000,1739981404270317543
38251,1739981404269497977,1739981404270841695
38252,1739981404270689496,1739981404271197218
38253,1739981404271037394,1739981404271679920
38254,1739981404271391656,1739981404272075955
38255,1739981404271861426,1739981404272869917
38256,1739981404272194150,1739981404273653496
38257,1739981404273177744,1739981404274069015
38258,1739981404273924139,1739981404274465512
38259,1739981404274196859,1739981404274848524
38260,1739981404274717873,1739981404275316771
38261,1739981404275044081,1739981404275784277
38262,1739981404275498499,1739981404276387659
38263,1739981404276001027,1739981404277202896
38264,1739981404276638276,1739981404277603723
38265,1739981404277428912,1739981404277995541
38266,1739981404277865842,1739981404278338696
38267,1739981404278211133,1739981404278666600
38268,1739981404278715659,1739981404279612197
38269,1739981404278996908,1739981404280411137
38270,1739981404279875772,1739981404280814854
38271,1739981404280639989,1739981404281157983
38272,1739981404280996569,1739981404281482401
38273,1739981404281345978,1739981404281960950
38274,1739981404281669050,1739981404282472424
38275,1739981404282166013,1739981404283350523
38276,1739981404282639610,1739981404283782223
38277,1739981404283606191,1739981404284146346
38278,1739981404284047870,1739981404284549920
38279,1739981404284327544,1739981404284906848
38280,1739981404284750636,1739981404285308055
38281,1739981404285132982,1739981404286251819
38282,1739981404285495670,1739981404286711973
38283,1739981404286442333,1739981404287295231
38284,1739981404287039081,1739981404287637604
38285,1739981404287494720,1739981404288016785
38286,1739981404287827914,1739981404288356699
38287,1739981404288253234,1739981404289133553
38288,1739981404288572781,1739981404289910914
38289,1739981404289410468,1739981404290337175
38290,1739981404290143824,1739981404290670714
38291,1739981404290528990,1739981404291015600
38292,1739981404290877164,1739981404291378878
38293,1739981404291216155,1739981404292230494
38294,1739981404291552715,1739981404293036012
38295,1739981404292487034,1739981404293462931
38296,1739981404293246636,1739981404293829284
38297,1739981404293672780,1739981404294316280
38298,1739981404294046636,1739981404294662169
38299,1739981404294521621,1739981404295058272
38300,1739981404294863522,1739981404295854384
38301,1739981404295244921,1739981404296525252
38302,1739981404296101702,1739981404296983868
38303,1739981404296734090,1739981404297321047
38304,1739981404297173592,1739981404297715789
38305,1739981404297515057,1739981404298530321
38306,1739981404297900997,1739981404299177484
38307,1739981404298705749,1739981404299532961
38308,1739981404299424003,1739981404299921114
38309,1739981404299747838,1739981404300268305
38310,1739981404300136819,1739981404300601414
38311,1739981404300455934,1739981404300962981
38312,1739981404300781483,1739981404302058044
38313,1739981404301146769,1739981404302413491
38314,1739981404302253218,1739981404302891180
38315,1739981404302656332,1739981404303304821
38316,1739981404303129679,1739981404303667075
38317,1739981404303518245,1739981404304583866
38318,1739981404303861183,1739981404305144517
38319,1739981404304822283,1739981404305631881
38320,1739981404305328447,1739981404306002975
38321,1739981404305819309,1739981404306342764
38322,1739981404306193023,1739981404307710447
38323,1739981404306519095,1739981404308062036
38324,1739981404307908972,1739981404308420210
38325,1739981404308226852,1739981404308799529
38326,1739981404308633046,1739981404309592851
38327,1739981404308980209,1739981404310291232
38328,1739981404309798677,1739981404310763491
38329,1739981404310557216,1739981404311125652
38330,1739981404310982041,1739981404311473856
38331,1739981404311348334,1739981404311831117
38332,1739981404311696600,1739981404312896997
38333,1739981404312017651,1739981404313420905
38334,1739981404313232052,1739981404313870652
38335,1739981404313703560,1739981404314409144
38336,1739981404314085710,1739981404314839704
38337,1739981404314621634,1739981404315297235
38338,1739981404315046385,1739981404316130295
38339,1739981404315504189,1739981404316617206
38340,1739981404316372265,1739981404317161434
38341,1739981404316966447,1739981404317647537
38342,1739981404317382399,1739981404318083734
38343,1739981404317879600,1739981404318511878
38344,1739981404318272759,1739981404319627868
38345,1739981404318894996,1739981404320191745
38346,1739981404320072671,1739981404320618770
38347,1739981404320365328,1739981404321037988
38348,1739981404320869429,1739981404321352250
38349,1739981404321227615,1739981404322174312
38350,1739981404321766314,1739981404322889762
38351,1739981404322376304,1739981404323241459
38352,1739981404323161617,1739981404323623673
38353,1739981404323482373,1739981404324003683
38354,1739981404323840478,1739981404324664665
38355,1739981404324218999,1739981404325098431
38356,1739981404324886814,1739981404325570214
38357,1739981404325290189,1739981404326729556
38358,1739981404326063497,1739981404327124442
38359,1739981404327013307,1739981404327530974
38360,1739981404327335063,1739981404327886179
38361,1739981404327749090,1739981404328387389
38362,1739981404328113262,1739981404329294265
38363,1739981404328603631,1739981404329863660
38364,1739981404329482450,1739981404330306638
38365,1739981404330078116,1739981404330719075
38366,1739981404330527795,1739981404331711815
38367,1739981404330916318,1739981404332263025
38368,1739981404332085083,1739981404332576299
38369,1739981404332488717,1739981404332896197
38370,1739981404332759356,1739981404333297136
38371,1739981404333083884,1739981404334167004
38372,1739981404333472766,1739981404334783387
38373,1739981404334575833,1739981404335214232
38374,1739981404335069148,1739981404335875403
38375,1739981404335435431,1739981404336285258
38376,1739981404336108657,1739981404336735427
38377,1739981404336533751,1739981404337648054
38378,1739981404336953711,1739981404338382129
38379,1739981404337875015,1739981404338827969
38380,1739981404338630474,1739981404339238892
38381,1739981404339080360,1739981404339715406
38382,1739981404339503456,1739981404340154026
38383,1739981404339962357,1739981404340919859
38384,1739981404340376442,1739981404341649018
38385,1739981404341111180,1739981404342152436
38386,1739981404341864246,1739981404342608898
38387,1739981404342389857,1739981404342990442
38388,1739981404342779629,1739981404343918679
38389,1739981404343197645,1739981404344657923
38390,1739981404344146941,1739981404344979391
38391,1739981404344833948,1739981404345408416
38392,1739981404345179784,1739981404345739985
38393,1739981404345604021,1739981404346041523
38394,1739981404345920682,1739981404346981176
38395,1739981404346206629,1739981404347714263
38396,1739981404347151494,1739981404348218128
38397,1739981404347928991,1739981404348689939
38398,1739981404348422151,1739981404349078404
38399,1739981404348892313,1739981404349353324
38400,1739981404349207462,1739981404350137468
38401,1739981404349552357,1739981404350909488
38402,1739981404350399412,1739981404351419166
38403,1739981404351261503,1739981404351769717
38404,1739981404351626712,1739981404352223890
38405,1739981404351971285,1739981404352545498
38406,1739981404352479023,1739981404353323126
38407,1739981404352719735,1739981404354036632
38408,1739981404353524276,1739981404354400060
38409,1739981404354295602,1739981404354703896
38410,1739981404354651001,1739981404355122063
38411,1739981404354861766,1739981404355490580
38412,1739981404355303595,1739981404355863244
38413,1739981404355710770,1739981404356818719
38414,1739981404356101677,1739981404357548535
38415,1739981404357056752,1739981404357946147
38416,1739981404357778208,1739981404358344307
38417,1739981404358164882,1739981404358691004
38418,1739981404358564621,1739981404359471544
38419,1739981404358913494,1739981404360164300
38420,1739981404359702015,1739981404360624105
38421,1739981404360402627,1739981404361003413
38422,1739981404360812241,1739981404361343542
38423,1739981404361220768,1739981404361765709
38424,1739981404361547359,1739981404362555031
38425,1739981404362012741,1739981404363309015
38426,1739981404362776166,1739981404363768336
38427,1739981404363569250,1739981404364082033
38428,1739981404363974424,1739981404364450530
38429,1739981404364279311,1739981404364871024
38430,1739981404364647961,1739981404365223923
38431,1739981404365052818,1739981404365535691
38432,1739981404365396342,1739981404366761716
38433,1739981404365800720,1739981404367188603
38434,1739981404367033210,1739981404367661087
38435,1739981404367445478,1739981404368024098
38436,1739981404367865164,1739981404368449372
38437,1739981404368258668,1739981404369183377
38438,1739981404368671770,1739981404369935450
38439,1739981404369383408,1739981404370349092
38440,1739981404370171491,1739981404370730521
38441,1739981404370562682,1739981404371202051
38442,1739981404370958281,1739981404371575843
38443,1739981404371400476,1739981404372362720
38444,1739981404371785087,1739981404373137751
38445,1739981404372569473,1739981404373567150
38446,1739981404373376963,1739981404373998427
38447,1739981404373743457,1739981404374440392
38448,1739981404374174755,1739981404374770719
38449,1739981404374629280,1739981404375162695
38450,1739981404375004633,1739981404376152459
38451,1739981404375345247,1739981404376821779
38452,1739981404376421386,1739981404377166909
38453,1739981404377088608,1739981404377692865
38454,1739981404377306399,1739981404378048087
38455,1739981404377908050,1739981404378472118
38456,1739981404378211724,1739981404378823501
38457,1739981404378660912,1739981404379732465
38458,1739981404379009745,1739981404380360977
38459,1739981404380141254,1739981404380785256
38460,1739981404380595370,1739981404381103888
38461,1739981404381001724,1739981404381519499
38462,1739981404381313173,1739981404382421846
38463,1739981404381725223,1739981404383354177
38464,1739981404382650798,1739981404383798390
38465,1739981404383568583,1739981404384322683
38466,1739981404383987677,1739981404384724679
38467,1739981404384521147,1739981404385474512
38468,1739981404384915551,1739981404386344733
38469,1739981404385630663,1739981404386818330
38470,1739981404386591979,1739981404387270324
38471,1739981404387006017,1739981404387736106
38472,1739981404387448484,1739981404388050762
38473,1739981404387915015,1739981404388877668
38474,1739981404388198078,1739981404389479108
38475,1739981404389267943,1739981404389835166
38476,1739981404389747161,1739981404390176126
38477,1739981404390048720,1739981404390619007
38478,1739981404390379673,1739981404391325673
38479,1739981404390849523,1739981404392135517
38480,1739981404391592582,1739981404392518224
38481,1739981404392385322,1739981404392914925
38482,1739981404392731774,1739981404393331326
38483,1739981404393113950,1739981404393804626
38484,1739981404393534108,1739981404394732282
38485,1739981404394005511,1739981404395477402
38486,1739981404395009259,1739981404395895640
38487,1739981404395706360,1739981404396394767
38488,1739981404396121678,1739981404396790984
38489,1739981404396576653,1739981404397572782
38490,1739981404396967733,1739981404398368095
38491,1739981404397747511,1739981404398818935
38492,1739981404398674103,1739981404399246188
38493,1739981404399074818,1739981404399674234
38494,1739981404399496194,1739981404399997492
38495,1739981404399901852,1739981404400362326
38496,1739981404400220516,1739981404401262675
38497,1739981404400599910,1739981404401873120
38498,1739981404401480360,1739981404402362595
38499,1739981404402184518,1739981404402717190
38500,1739981404402634757,1739981404403266548
38501,1739981404402885525,1739981404403643858
38502,1739981404403511384,1739981404404701735
38503,1739981404403836711,1739981404405401940
38504,1739981404405040785,1739981404405890882
38505,1739981404405619932,1739981404406338250
38506,1739981404406074681,1739981404406748370
38507,1739981404406524303,1739981404407599938
38508,1739981404407037453,1739981404408212594
38509,1739981404407966202,1739981404408581946
38510,1739981404408437642,1739981404408987056
38511,1739981404408789499,1739981404409881779
38512,1739981404409160725,1739981404410759474
38513,1739981404410100941,1739981404411197508
38514,1739981404410957201,1739981404411642365
38515,1739981404411405250,1739981404412064611
38516,1739981404411833759,1739981404412903981
38517,1739981404412210565,1739981404413562216
38518,1739981404413089169,1739981404413944804
38519,1739981404413808512,1739981404414509918
38520,1739981404414162465,1739981404414877582
38521,1739981404414740827,1739981404415239373
38522,1739981404415077086,1739981404415587888
38523,1739981404415422128,1739981404416387793
38524,1739981404415782844,1739981404417190322
38525,1739981404416772515,1739981404417595922
38526,1739981404417429653,1739981404417987507
38527,1739981404417800399,1739981404418365578
38528,1739981404418184365,1739981404418741155
38529,1739981404418616284,1739981404419729029
38530,1739981404419172155,1739981404420354458
38531,1739981404420028178,1739981404420903465
38532,1739981404420569173,1739981404421292315
38533,1739981404421090789,1739981404422230188
38534,1739981404421472853,1739981404423016086
38535,1739981404422453321,1739981404423393648
38536,1739981404423270753,1739981404423809939
38537,1739981404423638702,1739981404424303425
38538,1739981404424045387,1739981404424663832
38539,1739981404424504704,1739981404424994523
38540,1739981404424858983,1739981404425454098
38541,1739981404425178819,1739981404426270931
38542,1739981404425821394,1739981404426757727
38543,1739981404426608518,1739981404427175375
38544,1739981404426980949,1739981404427683825
38545,1739981404427400431,1739981404428085803
38546,1739981404427916534,1739981404429048939
38547,1739981404428301021,1739981404429559439
38548,1739981404429257933,1739981404430085773
38549,1739981404429892388,1739981404430440448
38550,1739981404430324648,1739981404430896838
38551,1739981404430637670,1739981404431316775
38552,1739981404431104169,1739981404432043525
38553,1739981404431817427,1739981404432887072
38554,1739981404432651144,1739981404433370450
38555,1739981404433105870,1739981404433779139
38556,1739981404433604299,1739981404434251024
38557,1739981404433978998,1739981404434685987
38558,1739981404434474854,1739981404435024841
38559,1739981404434887521,1739981404435858797
38560,1739981404435205464,1739981404436702102
38561,1739981404436060105,1739981404437088743
38562,1739981404436928354,1739981404437412137
38563,1739981404437283320,1739981404437928512
38564,1739981404437609859,1739981404438300867
38565,1739981404438128753,1739981404438737736
38566,1739981404438499012,1739981404439676597
38567,1739981404438934569,1739981404440374220
38568,1739981404439869892,1739981404440758910
38569,1739981404440606035,1739981404441134914
38570,1739981404440986459,1739981404441537622
38571,1739981404441336611,1739981404441928001
38572,1739981404441721261,1739981404442239530
38573,1739981404442120422,1739981404443437170
38574,1739981404442543226,1739981404443850406
38575,1739981404443674304,1739981404444359368
38576,1739981404444053470,1739981404444758796
38577,1739981404444545698,1739981404445079777
38578,1739981404444946250,1739981404445778012
38579,1739981404445213962,1739981404446586389
38580,1739981404445949698,1739981404447003489
38581,1739981404446828050,1739981404447388502
38582,1739981404447221005,1739981404447735961
38583,1739981404447581476,1739981404448350343
38584,1739981404447910072,1739981404448697581
38585,1739981404448538855,1739981404449619723
38586,1739981404448871055,1739981404450287585
38587,1739981404449833858,1739981404450792750
38588,1739981404450572386,1739981404451221580
38589,1739981404451002611,1739981404451713874
38590,1739981404451427629,1739981404452297446
38591,1739981404451906467,1739981404453261808
38592,1739981404452478353,1739981404454073058
38593,1739981404453438513,1739981404454641620
38594,1739981404454300253,1739981404455124122
38595,1739981404454847970,1739981404455462566
38596,1739981404455296649,1739981404456352305
38597,1739981404455641264,1739981404457179899
38598,1739981404456669646,1739981404457630705
38599,1739981404457436575,1739981404458015483
38600,1739981404457865933,1739981404458435049
38601,1739981404458220907,1739981404458765698
38602,1739981404458659714,1739981404459517168
38603,1739981404458945700,1739981404460354998
38604,1739981404459829790,1739981404460700603
38605,1739981404460572296,1739981404461022818
38606,1739981404460883397,1739981404461396797
38607,1739981404461228853,1739981404461846983
38608,1739981404461605071,1739981404462210993
38609,1739981404462026874,1739981404463301587
38610,1739981404462460802,1739981404463733111
38611,1739981404463558897,1739981404464119367
38612,1739981404463923332,1739981404464576898
38613,1739981404464302249,1739981404465000300
38614,1739981404464826126,1739981404465387094
38615,1739981404465190694,1739981404466599639
38616,1739981404465584094,1739981404467012445
38617,1739981404466845540,1739981404467504275
38618,1739981404467245994,1739981404467899100
38619,1739981404467730298,1739981404468242665
38620,1739981404468136486,1739981404469354039
38621,1739981404468442804,1739981404469766428
38622,1739981404469646822,1739981404470145920
38623,1739981404469991443,1739981404470583923
38624,1739981404470395937,1739981404470930325
38625,1739981404470770442,1739981404471275001
38626,1739981404471140251,1739981404472300624
38627,1739981404471490508,1739981404472953691
38628,1739981404472469057,1739981404473463069
38629,1739981404473169815,1739981404473850337
38630,1739981404473676047,1739981404474392887
38631,1739981404474018592,1739981404474779833
38632,1739981404474607958,1739981404475224673
38633,1739981404474959212,1739981404476000235
38634,1739981404475423179,1739981404476885513
38635,1739981404476287972,1739981404477366797
38636,1739981404477173326,1739981404477771697
38637,1739981404477553399,1739981404478271604
38638,1739981404477984208,1739981404478966949
38639,1739981404478467548,1739981404479790775
38640,1739981404479255418,1739981404480301295
38641,1739981404480102718,1739981404480669972
38642,1739981404480560220,1739981404481002512
38643,1739981404480897024,1739981404481399580
38644,1739981404481190406,1739981404481749536
38645,1739981404481612720,1739981404482418722
38646,1739981404482016711,1739981404482898360
38647,1739981404482660930,1739981404483548912
38648,1739981404483256493,1739981404483961757
38649,1739981404483750830,1739981404484518128
38650,1739981404484173421,1739981404484910106
38651,1739981404484772549,1739981404485412018
38652,1739981404485132644,1739981404486022969
38653,1739981404485628400,1739981404486642525
38654,1739981404486249158,1739981404487260717
38655,1739981404486918518,1739981404487766667
38656,1739981404487464971,1739981404488305368
38657,1739981404488022388,1739981404489250819
38658,1739981404488563846,1739981404489892036
38659,1739981404489616048,1739981404490328988
38660,1739981404490103167,1739981404490744929
38661,1739981404490566929,1739981404491676062
38662,1739981404490947385,1739981404492312907
38663,1739981404491857509,1739981404492725838
38664,1739981404492578135,1739981404493107492
38665,1739981404492962598,1739981404493754509
38666,1739981404493358303,1739981404494445030
38667,1739981404493986729,1739981404495093993
38668,1739981404494669915,1739981404495450815
38669,1739981404495281827,1739981404495811276
38670,1739981404495669273,1739981404496179103
38671,1739981404496026784,1739981404497036638
38672,1739981404496372698,1739981404497828262
38673,1739981404497267356,1739981404498417805
38674,1739981404498094057,1739981404498782964
38675,1739981404498655088,1739981404499152025
38676,1739981404498996253,1739981404499485971
38677,1739981404499359298,1739981404500221774
38678,1739981404499690961,1739981404501057291
38679,1739981404500495426,1739981404501510652
38680,1739981404501209798,1739981404501909106
38681,1739981404501709204,1739981404502277608
38682,1739981404502089006,1739981404503372451
38683,1739981404502452061,1739981404503909782
38684,1739981404503526947,1739981404504519294
38685,1739981404504274971,1739981404504951197
38686,1739981404504754137,1739981404505336958
38687,1739981404505232215,1739981404505636540
38688,1739981404505560413,1739981404506461738
38689,1739981404505845007,1739981404507265494
38690,1739981404506809959,1739981404507704659
38691,1739981404507537632,1739981404508129861
38692,1739981404507924795,1739981404508568946
38693,1739981404508367288,1739981404508954199
38694,1739981404508764221,1739981404509517690
38695,1739981404509155928,1739981404510371985
38696,1739981404509697819,1739981404511048072
38697,1739981404510568455,1739981404511385532
38698,1739981404511230516,1739981404511784365
38699,1739981404511590199,1739981404512286459
38700,1739981404511988934,1739981404512711815
38701,1739981404512489517,1739981404513508226
38702,1739981404512898929,1739981404514185017
38703,1739981404513779057,1739981404514817817
38704,1739981404514558196,1739981404515217746
38705,1739981404515023121,1739981404515610198
38706,1739981404515423665,1739981404515981216
38707,1739981404515789188,1739981404516837153
38708,1739981404516164142,1739981404517320294
38709,1739981404517076201,1739981404517929203
38710,1739981404517627133,1739981404518395761
38711,1739981404518183708,1739981404518780834
38712,1739981404518679050,1739981404519284751
38713,1739981404518989958,1739981404519959901
38714,1739981404519469955,1739981404520815690
38715,1739981404520255831,1739981404521244182
38716,1739981404521067062,1739981404521588554
38717,1739981404521449982,1739981404521941348
38718,1739981404521765035,1739981404522298975
38719,1739981404522147453,1739981404523165762
38720,1739981404522489843,1739981404523982098
38721,1739981404523472754,1739981404524569959
38722,1739981404524226373,1739981404524936642
38723,1739981404524816342,1739981404525374895
38724,1739981404525152015,1739981404525807431
38725,1739981404525603916,1739981404526646668
38726,1739981404525988188,1739981404527591928
38727,1739981404526907090,1739981404527965471
38728,1739981404527823579,1739981404528316713
38729,1739981404528167364,1739981404528711300
38730,1739981404528542528,1739981404529566478
38731,1739981404528929844,1739981404530253438
38732,1739981404529749199,1739981404530677893
38733,1739981404530499220,1739981404531091710
38734,1739981404530924718,1739981404531479314
38735,1739981404531305141,1739981404531853319
38736,1739981404531686435,1739981404532556115
38737,1739981404532059583,1739981404533441506
38738,1739981404532795790,1739981404533884761
38739,1739981404533671580,1739981404534358235
38740,1739981404534079628,1739981404534680086
38741,1739981404534569564,1739981404535106880
38742,1739981404534854959,1739981404535474070
38743,1739981404535282778,1739981404536512968
38744,1739981404535791196,1739981404537047740
38745,1739981404536791836,1739981404537469397
38746,1739981404537241654,1739981404537872109
38747,1739981404537662976,1739981404538614253
38748,1739981404538059236,1739981404539437406
38749,1739981404538863168,1739981404539831527
38750,1739981404539692880,1739981404540268948
38751,1739981404540036262,1739981404540629692
38752,1739981404540467680,1739981404540958398
38753,1739981404540836835,1739981404541282702
38754,1739981404541160760,1739981404542199023
38755,1739981404541478576,1739981404542725687
38756,1739981404542540213,1739981404543213046
38757,1739981404542929744,1739981404543599333
38758,1739981404543442169,1739981404543914018
38759,1739981404543771422,1739981404544695546
38760,1739981404544091026,1739981404545446201
38761,1739981404544947973,1739981404545807171
38762,1739981404545704777,1739981404546179718
38763,1739981404546039675,1739981404546637704
38764,1739981404546427919,1739981404547003685
38765,1739981404546833514,1739981404548015094
38766,1739981404547197789,1739981404548547966
38767,1739981404548373437,1739981404548885341
38768,1739981404548777369,1739981404549204820
38769,1739981404548992701,1739981404549573259
38770,1739981404549420896,1739981404550306799
38771,1739981404549792646,1739981404550969513
38772,1739981404550504542,1739981404551474169
38773,1739981404551182086,1739981404551771211
38774,1739981404551673474,1739981404552203042
38775,1739981404551991561,1739981404552605764
38776,1739981404552424872,1739981404553063965
38777,1739981404552791620,1739981404553890462
38778,1739981404553212517,1739981404554521685
38779,1739981404554172061,1739981404554901889
38780,1739981404554770619,1739981404555236061
38781,1739981404555106363,1739981404555662069
38782,1739981404555434072,1739981404556092222
38783,1739981404555844515,1739981404556402947
38784,1739981404556277989,1739981404557178805
38785,1739981404556570233,1739981404557959209
38786,1739981404557394381,1739981404558392794
38787,1739981404558202670,1739981404558791819
38788,1739981404558591838,1739981404559149631
38789,1739981404558959325,1739981404559479751
38790,1739981404559322656,1739981404559788478
38791,1739981404559657808,1739981404560660346
38792,1739981404559975264,1739981404561103245
38793,1739981404560885253,1739981404561602035
38794,1739981404561545808,1739981404561989669
38795,1739981404561779115,1739981404562476469
38796,1739981404562265553,1739981404562843962
38797,1739981404562703125,1739981404563350471
38798,1739981404563069501,1739981404564006313
38799,1739981404563620814,1739981404564809809
38800,1739981404564223402,1739981404565184122
38801,1739981404565040283,1739981404565631765
38802,1739981404565394982,1739981404566007947
38803,1739981404565860917,1739981404566375580
38804,1739981404566202380,1739981404566771153
38805,1739981404566565814,1739981404567739624
38806,1739981404566976456,1739981404568411568
38807,1739981404567971681,1739981404568814477
38808,1739981404568629506,1739981404569105728
38809,1739981404569004801,1739981404569403226
38810,1739981404569292268,1739981404569851278
38811,1739981404569526511,1739981404570190396
38812,1739981404570063614,1739981404570986815
38813,1739981404570378934,1739981404571755977
38814,1739981404571307227,1739981404572268300
38815,1739981404572020490,1739981404572585177
38816,1739981404572512368,1739981404572958292
38817,1739981404572714834,1739981404573391461
38818,1739981404573158058,1739981404574567313
38819,1739981404573599936,1739981404574950593
38820,1739981404574860663,1739981404575341120
38821,1739981404575127127,1739981404575744756
38822,1739981404575541902,1739981404576253948
38823,1739981404576143412,1739981404577075067
38824,1739981404576526809,1739981404577813561
38825,1739981404577287452,1739981404578320679
38826,1739981404578056692,1739981404578691259
38827,1739981404578561947,1739981404579070711
38828,1739981404578885680,1739981404579430153
38829,1739981404579271654,1739981404579749500
38830,1739981404579603981,1739981404580584904
38831,1739981404579953165,1739981404581281034
38832,1739981404580827534,1739981404581657838
38833,1739981404581528315,1739981404581966504
38834,1739981404581896580,1739981404582470113
38835,1739981404582086916,1739981404582837363
38836,1739981404582707537,1739981404583263597
38837,1739981404583019755,1739981404584032212
38838,1739981404583445723,1739981404584806935
38839,1739981404584223369,1739981404585262256
38840,1739981404585094433,1739981404585619203
38841,1739981404585451758,1739981404585973683
38842,1739981404585804078,1739981404586429170
38843,1739981404586150699,1739981404586818570
38844,1739981404586643867,1739981404587777627
38845,1739981404586998503,1739981404588352596
38846,1739981404588114220,1739981404588727471
38847,1739981404588541225,1739981404589125113
38848,1739981404588910536,1739981404589835727
38849,1739981404589291168,1739981404590428276
38850,1739981404590009696,1739981404590882483
38851,1739981404590738312,1739981404591375215
38852,1739981404591156910,1739981404591686398
38853,1739981404591580464,1739981404592006024
38854,1739981404591865862,1739981404592842252
38855,1739981404592196162,1739981404593574015
38856,1739981404593167885,1739981404593987976
38857,1739981404593780992,1739981404594446310
38858,1739981404594199932,1739981404594819291
38859,1739981404594634672,1739981404595194835
38860,1739981404595009724,1739981404596058326
38861,1739981404595389110,1739981404596585303
38862,1739981404596300308,1739981404597173532
38863,1739981404596935719,1739981404597580598
38864,1739981404597363989,1739981404598062370
38865,1739981404597799123,1739981404598367564
38866,1739981404598243311,1739981404599131886
38867,1739981404598597283,1739981404599949711
38868,1739981404599298481,1739981404600404513
38869,1739981404600224167,1739981404600831732
38870,1739981404600669525,1739981404601236234
38871,1739981404601035945,1739981404601577999
38872,1739981404601464752,1739981404602130991
38873,1739981404601796558,1739981404602919940
38874,1739981404602352264,1739981404603294219
38875,1739981404603131842,1739981404603682296
38876,1739981404603537648,1739981404603993380
38877,1739981404603896492,1739981404604481612
38878,1739981404604179777,1739981404604853333
38879,1739981404604667581,1739981404605721448
38880,1739981404605039527,1739981404606465565
38881,1739981404605876686,1739981404606856980
38882,1739981404606685199,1739981404607196060
38883,1739981404607051936,1739981404607655861
38884,1739981404607389413,1739981404608007160
38885,1739981404607846857,1739981404608892063
38886,1739981404608254395,1739981404609557343
38887,1739981404609107373,1739981404609985710
38888,1739981404609775005,1739981404610410556
38889,1739981404610191326,1739981404610761250
38890,1739981404610649821,1739981404611439865
38891,1739981404611142189,1739981404612087995
38892,1739981404611614574,1739981404612551925
38893,1739981404612340508,1739981404612889541
38894,1739981404612787076,1739981404613229122
38895,1739981404613105453,1739981404613693423
38896,1739981404613465978,1739981404614008354
38897,1739981404613950998,1739981404614484607
38898,1739981404614130900,1739981404615152640
38899,1739981404614745694,1739981404615728298
38900,1739981404615415193,1739981404616408060
38901,1739981404615996685,1739981404616795561
38902,1739981404616661484,1739981404617132123
38903,1739981404617028801,1739981404617553973
38904,1739981404617262005,1739981404618390276
38905,1739981404617763588,1739981404619151699
38906,1739981404618668534,1739981404619539906
38907,1739981404619377315,1739981404619884533
38908,1739981404619799219,1739981404620949264
38909,1739981404620051151,1739981404621675748
38910,1739981404621178142,1739981404622070127
38911,1739981404621879544,1739981404622421563
38912,1739981404622286741,1739981404622824017
38913,1739981404622645474,1739981404623155898
38914,1739981404623075046,1739981404623906322
38915,1739981404623341855,1739981404624683659
38916,1739981404624114470,1739981404625016889
38917,1739981404624906140,1739981404625406615
38918,1739981404625219744,1739981404625896058
38919,1739981404625612080,1739981404626278784
38920,1739981404626097711,1739981404626710245
38921,1739981404626459895,1739981404627490871
38922,1739981404627019693,1739981404628222392
38923,1739981404627721914,1739981404628566774
38924,1739981404628463862,1739981404628977660
38925,1739981404628775420,1739981404629397903
38926,1739981404629173100,1739981404629858451
38927,1739981404629592702,1739981404630798601
38928,1739981404630045718,1739981404631345472
38929,1739981404631105168,1739981404631773317
38930,1739981404631539134,1739981404632249264
38931,1739981404631985248,1739981404633010822
38932,1739981404632441877,1739981404633688827
38933,1739981404633247430,1739981404634101395
38934,1739981404633892789,1739981404634567844
38935,1739981404634303514,1739981404634877484
38936,1739981404634764591,1739981404635259377
38937,1739981404635082876,1739981404636087281
38938,1739981404635488510,1739981404636670173
38939,1739981404636329298,1739981404637013651
38940,1739981404636870165,1739981404637442210
38941,1739981404637231089,1739981404637781865
38942,1739981404637635945,1739981404638161951
38943,1739981404637975048,1739981404638905088
38944,1739981404638353876,1739981404639701171
38945,1739981404639104220,1739981404640103861
38946,1739981404639909541,1739981404640498790
38947,1739981404640274921,1739981404640899659
38948,1739981404640775827,1739981404641400726
38949,1739981404641159413,1739981404641769140
38950,1739981404641645219,1739981404642527391
38951,1739981404642208033,1739981404643317317
38952,1739981404642742671,1739981404643748757
38953,1739981404643583196,1739981404644127376
38954,1739981404643968473,1739981404644564362
38955,1739981404644378651,1739981404644866307
38956,1739981404644770756,1739981404645181213
38957,1739981404645051786,1739981404646122362
38958,1739981404645392269,1739981404646835965
38959,1739981404646405672,1739981404647147488
38960,1739981404647023613,1739981404647493035
38961,1739981404647376994,1739981404647923386
38962,1739981404647680567,1739981404648260666
38963,1739981404648134730,1739981404648625599
38964,1739981404648455840,1739981404649461851
38965,1739981404648835530,1739981404650110886
38966,1739981404649728297,1739981404650462918
38967,1739981404650309504,1739981404650903226
38968,1739981404650703594,1739981404651403106
38969,1739981404651100555,1739981404652321180
38970,1739981404651648890,1739981404653068233
38971,1739981404652569704,1739981404653448141
38972,1739981404653309759,1739981404653895695
38973,1739981404653653981,1739981404654385885
38974,1739981404654072567,1739981404654729686
38975,1739981404654600869,1739981404655587413
38976,1739981404654926934,1739981404656209348
38977,1739981404655847773,1739981404656566383
38978,1739981404656431637,1739981404656985103
38979,1739981404656782149,1739981404657287286
38980,1739981404657214173,1739981404657585490
38981,1739981404657418455,1739981404658053034
38982,1739981404657766217,1739981404658953255
38983,1739981404658213184,1739981404659671858
38984,1739981404659130623,1739981404660086226
38985,1739981404659896511,1739981404660436937
38986,1739981404660307759,1739981404660853990
38987,1739981404660648347,1739981404661240428
38988,1739981404661058390,1739981404662065003
38989,1739981404661547849,1739981404662618298
38990,1739981404662459043,1739981404663147381
38991,1739981404662894083,1739981404663622398
38992,1739981404663361353,1739981404664936231
38993,1739981404663830403,1739981404665642539
38994,1739981404665125470,1739981404666070781
38995,1739981404665875576,1739981404666546294
38996,1739981404666282387,1739981404666924768
38997,1739981404666755061,1739981404667402998
38998,1739981404667136363,1739981404668080022
38999,1739981404667604942,1739981404668466576
39000,1739981404668290626,1739981404668908460
39001,1739981404668848495,1739981404669392733
39002,1739981404669090389,1739981404669737497
39003,1739981404669589446,1739981404670089066
39004,1739981404669939820,1739981404670551498
39005,1739981404670291448,1739981404670894036
39006,1739981404670743803,1739981404671895149
39007,1739981404671081022,1739981404672421181
39008,1739981404672244177,1739981404672898830
39009,1739981404672618574,1739981404673319758
39010,1739981404673086917,1739981404673841275
39011,1739981404673508031,1739981404675141071
39012,1739981404674006469,1739981404675943530
39013,1739981404675400494,1739981404676383443
39014,1739981404676138501,1739981404676908741
39015,1739981404676592153,1739981404677398950
39016,1739981404677119229,1739981404678252640
39017,1739981404677578062,1739981404678817543
39018,1739981404678478209,1739981404679407027
39019,1739981404679109425,1739981404679801331
39020,1739981404679598673,1739981404680229887
39021,1739981404680029094,1739981404680676312
39022,1739981404680442234,1739981404681562394
39023,1739981404680919375,1739981404681976661
39024,1739981404681798530,1739981404682565128
39025,1739981404682364514,1739981404682930605
39026,1739981404682788036,1739981404683292682
39027,1739981404683175155,1739981404683762864
39028,1739981404683527671,1739981404684108081
39029,1739981404683994920,1739981404684594060
39030,1739981404684347799,1739981404685473207
39031,1739981404684799342,1739981404685996975
39032,1739981404685692393,1739981404686536868
39033,1739981404686308984,1739981404686943283
39034,1739981404686780101,1739981404687345137
39035,1739981404687170979,1739981404687732716
39036,1739981404687569007,1739981404688657577
39037,1739981404687922562,1739981404689273894
39038,1739981404688817557,1739981404689609153
39039,1739981404689516905,1739981404689949563
39040,1739981404689742248,1739981404690300905
39041,1739981404690161500,1739981404691152648
39042,1739981404690504272,1739981404691778361
39043,1739981404691408577,1739981404692250164
39044,1739981404691991084,1739981404692570071
39045,1739981404692427704,1739981404692849855
39046,1739981404692730098,1739981404693657210
39047,1739981404693034580,1739981404694427048
39048,1739981404693919027,1739981404694916751
39049,1739981404694637890,1739981404695301570
39050,1739981404695126726,1739981404695761757
39051,1739981404695518100,1739981404696096589
39052,1739981404695962599,1739981404696799930
39053,1739981404696269354,1739981404697595410
39054,1739981404697036905,1739981404698007906
39055,1739981404697817251,1739981404698469606
39056,1739981404698210938,1739981404699000616
39057,1739981404698658605,1739981404699439638
39058,1739981404699203018,1739981404700423538
39059,1739981404699619776,1739981404700951619
39060,1739981404700680353,1739981404701438793
39061,1739981404701195307,1739981404701845506
39062,1739981404701638513,1739981404702642142
39063,1739981404702037165,1739981404703263448
39064,1739981404702859092,1739981404703735526
39065,1739981404703565453,1739981404704126255
39066,1739981404703920959,1739981404704729503
39067,1739981404704514418,1739981404705065115
39068,1739981404704967077,1739981404705308020
39069,1739981404705225426,1739981404705647531
39070,1739981404705487428,1739981404706511523
39071,1739981404705824555,1739981404707227111
39072,1739981404706656282,1739981404707651476
39073,1739981404707403299,1739981404708013506
39074,1739981404707832716,1739981404708342147
39075,1739981404708176352,1739981404708728555
39076,1739981404708510966,1739981404709432796
39077,1739981404708939475,1739981404710300853
39078,1739981404709694784,1739981404710677215
39079,1739981404710546937,1739981404711049468
39080,1739981404710871838,1739981404711498412
39081,1739981404711244436,1739981404711870465
39082,1739981404711696487,1739981404712751120
39083,1739981404712095543,1739981404713344349
39084,1739981404713200528,1739981404713709511
39085,1739981404713620246,1739981404714037332
39086,1739981404713989003,1739981404714511938
39087,1739981404714180165,1739981404714846412
39088,1739981404714715671,1739981404715588202
39089,1739981404715042248,1739981404716457951
39090,1739981404715872481,1739981404716832001
39091,1739981404716688152,1739981404717231688
39092,1739981404717038844,1739981404717569362
39093,1739981404717451455,1739981404717885161
39094,1739981404717762605,1739981404718804911
39095,1739981404718241006,1739981404719584040
39096,1739981404719059559,1739981404720048001
39097,1739981404719844152,1739981404720439188
39098,1739981404720250749,1739981404720897954
39099,1739981404720664607,1739981404721375468
39100,1739981404721185445,1739981404722314044
39101,1739981404721612852,1739981404723106143
39102,1739981404722594056,1739981404723543888
39103,1739981404723334256,1739981404723954608
39104,1739981404723770610,1739981404724426967
39105,1739981404724156239,1739981404724760490
39106,1739981404724635237,1739981404725103210
39107,1739981404724960624,1739981404725846681
39108,1739981404725305736,1739981404726634264
39109,1739981404726157432,1739981404726994419
39110,1739981404726867635,1739981404727504775
39111,1739981404727191389,1739981404727859360
39112,1739981404727710354,1739981404728223389
39113,1739981404728030870,1739981404729040211
39114,1739981404728406243,1739981404729787721
39115,1739981404729265678,1739981404730211746
39116,1739981404730035500,1739981404730685553
39117,1739981404730415767,1739981404731086792
39118,1739981404730940467,1739981404731730703
39119,1739981404731296611,1739981404732350588
39120,1739981404731960456,1739981404732967445
39121,1739981404732714145,1739981404733387893
39122,1739981404733218031,1739981404733747633
39123,1739981404733579036,1739981404734512254
39124,1739981404733943940,1739981404735201799
39125,1739981404734691559,1739981404735740741
39126,1739981404735507897,1739981404736138321
39127,1739981404735955479,1739981404736472091
39128,1739981404736347786,1739981404736787572
39129,1739981404736687628,1739981404737735447
39130,1739981404736980818,1739981404738271229
39131,1739981404738077091,1739981404738589823
39132,1739981404738502445,1739981404739056769
39133,1739981404738718398,1739981404739351883
39134,1739981404739248399,1739981404740191443
39135,1739981404739552900,1739981404740953375
39136,1739981404740507174,1739981404741397477
39137,1739981404741204929,1739981404741781602
39138,1739981404741614556,1739981404742282613
39139,1739981404741963603,1739981404742881887
39140,1739981404742473402,1739981404743501917
39141,1739981404743129328,1739981404744011885
39142,1739981404743846105,1739981404744653457
39143,1739981404744221802,1739981404745136767
39144,1739981404744913942,1739981404745571622
39145,1739981404745371393,1739981404746438668
39146,1739981404745801591,1739981404747225158
39147,1739981404746713977,1739981404747633328
39148,1739981404747437890,1739981404748038798
39149,1739981404747858969,1739981404748761923
39150,1739981404748277849,1739981404749566638
39151,1739981404748955607,1739981404749938710
39152,1739981404749793027,1739981404750386798
39153,1739981404750175050,1739981404750745068
39154,1739981404750624319,1739981404751090913
39155,1739981404750940923,1739981404751467062
39156,1739981404751293061,1739981404752388688
39157,1739981404751676418,1739981404752944686
39158,1739981404752763676,1739981404753434587
39159,1739981404753171934,1739981404753799917
39160,1739981404753656920,1739981404754148165
39161,1739981404754001788,1739981404754501148
39162,1739981404754383019,1739981404755500653
39163,1739981404754712011,1739981404756049873
39164,1739981404755824700,1739981404756440520
39165,1739981404756241482,1739981404756943475
39166,1739981404756667666,1739981404757686368
39167,1739981404757127232,1739981404758484516
39168,1739981404757890745,1739981404758864560
39169,1739981404758699279,1739981404759218779
39170,1739981404759105219,1739981404759536155
39171,1739981404759407492,1739981404759933594
39172,1739981404759716484,1739981404760568658
39173,1739981404760151985,1739981404761136731
39174,1739981404760724382,1739981404761801271
39175,1739981404761463932,1739981404762185412
39176,1739981404762064762,1739981404762626961
39177,1739981404762387087,1739981404763004339
39178,1739981404762827475,1739981404763935006
39179,1739981404763200817,1739981404764570252
39180,1739981404764374283,1739981404764972781
39181,1739981404764774808,1739981404765445460
39182,1739981404765156307,1739981404765808590
39183,1739981404765663313,1739981404766562508
39184,1739981404766024873,1739981404767302171
39185,1739981404766801008,1739981404767690691
39186,1739981404767508006,1739981404768137806
39187,1739981404767918260,1739981404768489922
39188,1739981404768380989,1739981404769283721
39189,1739981404768715875,1739981404769969819
39190,1739981404769486937,1739981404770423488
39191,1739981404770192820,1739981404770734990
39192,1739981404770636877,1739981404770994405
39193,1739981404770935742,1739981404771295736
39194,1739981404771140613,1739981404771749659
39195,1739981404771481957,1739981404772626594
39196,1739981404771921749,1739981404773388570
39197,1739981404772780648,1739981404773733306
39198,1739981404773642347,1739981404774174878
39199,1739981404773874809,1739981404774535469
39200,1739981404774401886,1739981404774864887
39201,1739981404774732979,1739981404775213476
39202,1739981404775058525,1739981404776143956
39203,1739981404775424493,1739981404776820906
39204,1739981404776526511,1739981404777271244
39205,1739981404777053336,1739981404777655587
39206,1739981404777515114,1739981404778664248
39207,1739981404777855419,1739981404779305183
39208,1739981404779067683,1739981404779714654
39209,1739981404779522790,1739981404780099063
39210,1739981404779938895,1739981404781066021
39211,1739981404780313386,1739981404781831324
39212,1739981404781236607,1739981404782198718
39213,1739981404782052803,1739981404782587554
39214,1739981404782403982,1739981404782944232
39215,1739981404782797871,1739981404783228439
39216,1739981404783187325,1739981404784068692
39217,1739981404783398692,1739981404784850557
39218,1739981404784375125,1739981404785263418
39219,1739981404785148195,1739981404785733219
39220,1739981404785484024,1739981404786055812
39221,1739981404785974201,1739981404786420684
39222,1739981404786171509,1739981404786733739
39223,1739981404786616391,1739981404787575191
39224,1739981404786913942,1739981404788303805
39225,1739981404787747761,1739981404788713618
39226,1739981404788518420,1739981404789169016
39227,1739981404788911074,1739981404789514356
39228,1739981404789336772,1739981404789887452
39229,1739981404789698646,1739981404790556043
39230,1739981404790066744,1739981404791378408
39231,1739981404790929169,1739981404791683586
39232,1739981404791572734,1739981404792095940
39233,1739981404791829989,1739981404792435569
39234,1739981404792316814,1739981404792750344
39235,1739981404792621778,1739981404793061306
39236,1739981404792932401,1739981404794001881
39237,1739981404793197974,1739981404794641321
39238,1739981404794324164,1739981404795121911
39239,1739981404794907802,1739981404795597367
39240,1739981404795321703,1739981404795991149
39241,1739981404795773810,1739981404796770966
39242,1739981404796181026,1739981404797613216
39243,1739981404797055565,1739981404797983787
39244,1739981404797817334,1739981404798449066
39245,1739981404798205956,1739981404798889576
39246,1739981404798630019,1739981404799778568
39247,1739981404799083183,1739981404800669665
39248,1739981404800066959,1739981404801170154
39249,1739981404800906915,1739981404801635976
39250,1739981404801426275,1739981404801980765
39251,1739981404801843693,1739981404803251727
39252,1739981404802178867,1739981404803738123
39253,1739981404803481631,1739981404804278935
39254,1739981404803967688,1739981404804703642
39255,1739981404804458662,1739981404805032449
39256,1739981404804876430,1739981404805883334
39257,1739981404805214410,1739981404806615715
39258,1739981404806145291,1739981404806942947
39259,1739981404806843385,1739981404807269797
39260,1739981404807170343,1739981404807588997
39261,1739981404807498473,1739981404808062422
39262,1739981404807769530,1739981404808373910
39263,1739981404808217377,1739981404809183395
39264,1739981404808557253,1739981404809970379
39265,1739981404809314143,1739981404810389564
39266,1739981404810176118,1739981404810758258
39267,1739981404810576980,1739981404811135030
39268,1739981404810954253,1739981404811533918
39269,1739981404811314457,1739981404811865656
39270,1739981404811713378,1739981404812772909
39271,1739981404812054112,1739981404813459064
39272,1739981404813143583,1739981404813879765
39273,1739981404813723329,1739981404814410076
39274,1739981404814109440,1739981404814819454
39275,1739981404814600890,1739981404815388270
39276,1739981404815017115,1739981404815894269
39277,1739981404815590841,1739981404816541261
39278,1739981404816027945,1739981404816918574
39279,1739981404816763207,1739981404817260428
39280,1739981404817103258,1739981404817706682
39281,1739981404817447227,1739981404818073261
39282,1739981404817899938,1739981404818466880
39283,1739981404818224205,1739981404819334543
39284,1739981404818642938,1739981404820020932
39285,1739981404819574219,1739981404820401008
39286,1739981404820229312,1739981404820785688
39287,1739981404820654620,1739981404821207242
39288,1739981404820985468,1739981404821608065
39289,1739981404821442764,1739981404822151174
39290,1739981404821817196,1739981404822776086
39291,1739981404822372680,1739981404823372537
39292,1739981404823152066,1739981404823754462
39293,1739981404823586881,1739981404824112321
39294,1739981404823928928,1739981404824434931
39295,1739981404824286643,1739981404824750529
39296,1739981404824634070,1739981404825641137
39297,1739981404824939507,1739981404826294033
39298,1739981404825917521,1739981404826632111
39299,1739981404826471254,1739981404827077202
39300,1739981404826835371,1739981404827427284
39301,1739981404827271653,1739981404827837767
39302,1739981404827609112,1739981404828160583
39303,1739981404828011207,1739981404829045352
39304,1739981404828332272,1739981404829828797
39305,1739981404829308184,1739981404830243065
39306,1739981404830107665,1739981404830696958
39307,1739981404830475146,1739981404831118764
39308,1739981404830945531,1739981404831719427
39309,1739981404831324425,1739981404832503474
39310,1739981404831931662,1739981404832992266
39311,1739981404832739992,1739981404833355303
39312,1739981404833186186,1739981404833680788
39313,1739981404833541201,1739981404834011298
39314,1739981404833868150,1739981404834418568
39315,1739981404834247726,1739981404835192319
39316,1739981404834612021,1739981404835945282
39317,1739981404835487935,1739981404836322719
39318,1739981404836168565,1739981404836636964
39319,1739981404836531121,1739981404836996710
39320,1739981404836866343,1739981404837496728
39321,1739981404837281181,1739981404838158551
39322,1739981404837722521,1739981404838955081
39323,1739981404838432842,1739981404839394372
39324,1739981404839223178,1739981404839743678
39325,1739981404839602200,1739981404840099640
39326,1739981404839960084,1739981404840533695
39327,1739981404840329060,1739981404841456082
39328,1739981404840757605,1739981404842205040
39329,1739981404841692705,1739981404842656490
39330,1739981404842452627,1739981404843016031
39331,1739981404842852898,1739981404843430877
39332,1739981404843225840,1739981404844800209
39333,1739981404843645978,1739981404845241896
39334,1739981404845078943,1739981404845631021
39335,1739981404845473535,1739981404846350306
39336,1739981404845858383,1739981404847087557
39337,1739981404846628889,1739981404847452747
39338,1739981404847307050,1739981404847911600
39339,1739981404847679579,1739981404848231387
39340,1739981404848108588,1739981404848520732
39341,1739981404848407729,1739981404848883135
39342,1739981404848702704,1739981404849829272
39343,1739981404849061564,1739981404850321248
39344,1739981404850186775,1739981404850781112
39345,1739981404850552064,1739981404851221112
39346,1739981404850998312,1739981404851656171
39347,1739981404851445453,1739981404852561895
39348,1739981404851852727,1739981404853292810
39349,1739981404852777292,1739981404853725824
39350,1739981404853512095,1739981404854186647
39351,1739981404853972232,1739981404854584311
39352,1739981404854459903,1739981404854972751
39353,1739981404854798089,1739981404855950793
39354,1739981404855177911,1739981404856576889
39355,1739981404856199645,1739981404856978431
39356,1739981404856776477,1739981404857418679
39357,1739981404857227622,1739981404857753743
39358,1739981404857637538,1739981404858424867
39359,1739981404857958759,1739981404859266423
39360,1739981404858599477,1739981404859641554
39361,1739981404859493891,1739981404859956874
39362,1739981404859830450,1739981404860441171
39363,1739981404860137701,1739981404860794729
39364,1739981404860634948,1739981404861514237
39365,1739981404860974635,1739981404862239184
39366,1739981404861801945,1739981404862694689
39367,1739981404862476903,1739981404863106372
39368,1739981404862900072,1739981404863483269
39369,1739981404863310139,1739981404863962540
39370,1739981404863762434,1739981404865010460
39371,1739981404864211404,1739981404865532726
39372,1739981404865265202,1739981404865951497
39373,1739981404865759082,1739981404866357542
39374,1739981404866217941,1739981404867220409
39375,1739981404866611533,1739981404867803758
39376,1739981404867457167,1739981404868248647
39377,1739981404868095182,1739981404868645715
39378,1739981404868474096,1739981404868965661
39379,1739981404868840605,1739981404869272112
39380,1739981404869171520,1739981404869655493
39381,1739981404869456747,1739981404870443676
39382,1739981404869852670,1739981404871093673
39383,1739981404870690635,1739981404871600595
39384,1739981404871310918,1739981404871969620
39385,1739981404871808313,1739981404872359000
39386,1739981404872165693,1739981404872723988
39387,1739981404872546319,1739981404873873367
39388,1739981404872931332,1739981404874474101
39389,1739981404874089939,1739981404874819852
39390,1739981404874643292,1739981404875202128
39391,1739981404875021199,1739981404875538458
39392,1739981404875389860,1739981404876415865
39393,1739981404875727243,1739981404877217786
39394,1739981404876659635,1739981404877702516
39395,1739981404877479077,1739981404878075363
39396,1739981404877884075,1739981404878424442
39397,1739981404878219054,1739981404879382325
39398,1739981404878616056,1739981404880056860
39399,1739981404879639278,1739981404880616445
39400,1739981404880360472,1739981404880995303
39401,1739981404880804703,1739981404881343713
39402,1739981404881189992,1739981404881692607
39403,1739981404881536284,1739981404882695628
39404,1739981404881910341,1739981404883249046
39405,1739981404883114831,1739981404883614491
39406,1739981404883478237,1739981404884040333
39407,1739981404883841425,1739981404884473870
39408,1739981404884273862,1739981404884905858
39409,1739981404884668157,1739981404885713996
39410,1739981404885080715,1739981404886456509
39411,1739981404886020625,1739981404887039253
39412,1739981404886722654,1739981404887402758
39413,1739981404887237747,1739981404887834179
39414,1739981404887631855,1739981404888200621
39415,1739981404888006645,1739981404889298080
39416,1739981404888408577,1739981404889866019
39417,1739981404889596140,1739981404890412105
39418,1739981404890113782,1739981404890862385
39419,1739981404890616217,1739981404891821734
39420,1739981404891064215,1739981404892593177
39421,1739981404892009553,1739981404893025754
39422,1739981404892807596,1739981404893496269
39423,1739981404893207842,1739981404893942400
39424,1739981404893676163,1739981404894400649
39425,1739981404894143060,1739981404895302492
39426,1739981404894583599,1739981404895770514
39427,1739981404895500629,1739981404896214026
39428,1739981404896093751,1739981404896618145
39429,1739981404896429304,1739981404896973126
39430,1739981404896827597,1739981404897268307
39431,1739981404897203921,1739981404897785290
39432,1739981404897416492,1739981404898450447
39433,1739981404898085497,1739981404899220163
39434,1739981404898662023,1739981404899639455
39435,1739981404899462082,1739981404899969513
39436,1739981404899872057,1739981404900315034
39437,1739981404900140970,1739981404900687348
39438,1739981404900502956,1739981404901372400
39439,1739981404900856672,1739981404902323130
39440,1739981404901650615,1739981404902824074
39441,1739981404902584374,1739981404903327481
39442,1739981404903040091,1739981404903774377
39443,1739981404903542103,1739981404904779458
39444,1739981404903990372,1739981404905605880
39445,1739981404905083532,1739981404906016840
39446,1739981404905891844,1739981404906552893
39447,1739981404906243871,1739981404906954858
39448,1739981404906778406,1739981404907829144
39449,1739981404907156269,1739981404908699167
39450,1739981404908056909,1739981404909032996
39451,1739981404908932755,1739981404909326845
39452,1739981404909222611,1739981404909742445
39453,1739981404909507184,1739981404910077010
39454,1739981404909925642,1739981404910402391
39455,1739981404910271318,1739981404911384544
39456,1739981404910580373,1739981404911911464
39457,1739981404911731788,1739981404912470724
39458,1739981404912160932,1739981404912902009
39459,1739981404912708586,1739981404913338877
39460,1739981404913124084,1739981404914172315
39461,1739981404913519350,1739981404914772011
39462,1739981404914459446,1739981404915159261
39463,1739981404914996098,1739981404915633225
39464,1739981404915350966,1739981404916000137
39465,1739981404915820847,1739981404916800678
39466,1739981404916188150,1739981404917680577
39467,1739981404917041163,1739981404918114181
39468,1739981404917938495,1739981404918493659
39469,1739981404918306247,1739981404918870630
39470,1739981404918693932,1739981404919180213
39471,1739981404919087906,1739981404919488361
39472,1739981404919369461,1739981404920427510
39473,1739981404919705572,1739981404920920943
39474,1739981404920740937,1739981404921306100
39475,1739981404921166274,1739981404921660468
39476,1739981404921507844,1739981404922126405
39477,1739981404921858675,1739981404923011878
39478,1739981404922357177,1739981404923825403
39479,1739981404923264710,1739981404924323011
39480,1739981404924059556,1739981404924676139
39481,1739981404924519450,1739981404924997868
39482,1739981404924859381,1739981404925317987
39483,1739981404925205129,1739981404925732699
39484,1739981404925487137,1739981404926395054
39485,1739981404925931058,1739981404927211810
39486,1739981404926582389,1739981404927576682
39487,1739981404927412053,1739981404927910546
39488,1739981404927774947,1739981404928337577
39489,1739981404928088348,1739981404928668124
39490,1739981404928540091,1739981404929554635
39491,1739981404928856469,1739981404930192750
39492,1739981404929745734,1739981404930584841
39493,1739981404930415024,1739981404930921782
39494,1739981404930776845,1739981404931357015
39495,1739981404931095258,1739981404931707696
39496,1739981404931537154,1739981404932039841
39497,1739981404931945567,1739981404933014599
39498,1739981404932225463,1739981404933537879
39499,1739981404933443688,1739981404934018382
39500,1739981404933793632,1739981404934519753
39501,1739981404934241727,1739981404934973168
39502,1739981404934754342,1739981404935359801
39503,1739981404935213534,1739981404936583485
39504,1739981404935573449,1739981404937004485
39505,1739981404936831165,1739981404937411208
39506,1739981404937241210,1739981404937741261
39507,1739981404937637437,1739981404938158782
39508,1739981404937934192,1739981404939016790
39509,1739981404938336055,1739981404939671512
39510,1739981404939180317,1739981404940124497
39511,1739981404939921529,1739981404940503282
39512,1739981404940369125,1739981404940828758
39513,1739981404940739028,1739981404941699395
39514,1739981404941025138,1739981404942207685
39515,1739981404941921585,1739981404942673282
39516,1739981404942519610,1739981404943089924
39517,1739981404942911775,1739981404943436977
39518,1739981404943299274,1739981404943754909
39519,1739981404943630904,1739981404944633469
39520,1739981404943923539,1739981404945342740
39521,1739981404944897719,1739981404945797662
39522,1739981404945588086,1739981404946200900
39523,1739981404945991031,1739981404946538809
39524,1739981404946372028,1739981404946855242
39525,1739981404946719691,1739981404947476183
39526,1739981404947027598,1739981404948010099
39527,1739981404947662267,1739981404948572496
39528,1739981404948326165,1739981404949044622
39529,1739981404948778297,1739981404949453063
39530,1739981404949203330,1739981404949937371
39531,1739981404949635908,1739981404950889290
39532,1739981404950132705,1739981404951550004
39533,1739981404951139607,1739981404951988910
39534,1739981404951776788,1739981404952430553
39535,1739981404952198692,1739981404953043498
39536,1739981404952617291,1739981404953953456
39537,1739981404953292798,1739981404954490532
39538,1739981404954211251,1739981404954833321
39539,1739981404954740563,1739981404955203224
39540,1739981404955041272,1739981404955684038
39541,1739981404955417479,1739981404956029275
39542,1739981404955904854,1739981404956720825
39543,1739981404956291306,1739981404957517703
39544,1739981404956978342,1739981404957855261
39545,1739981404957717738,1739981404958228702
39546,1739981404958026009,1739981404958564482
39547,1739981404958413516,1739981404958860229
39548,1739981404958759279,1739981404959546871
39549,1739981404959043271,1739981404960208395
39550,1739981404959710604,1739981404960681705
39551,1739981404960531086,1739981404961165691
39552,1739981404960911471,1739981404961552357
39553,1739981404961371007,1739981404962081228
39554,1739981404961760100,1739981404963044292
39555,1739981404962407147,1739981404963456829
39556,1739981404963255330,1739981404963895758
39557,1739981404963708394,1739981404964402534
39558,1739981404964129252,1739981404964757240
39559,1739981404964598503,1739981404965047836
39560,1739981404964993682,1739981404965859281
39561,1739981404965172216,1739981404966533834
39562,1739981404966148741,1739981404966896831
39563,1739981404966738954,1739981404967246654
39564,1739981404967076933,1739981404967672053
39565,1739981404967437287,1739981404967991084
39566,1739981404967856430,1739981404968701169
39567,1739981404968156162,1739981404969306603
39568,1739981404968894034,1739981404969784896
39569,1739981404969637944,1739981404970177980
39570,1739981404970027016,1739981404970538046
39571,1739981404970402134,1739981404971040069
39572,1739981404970750353,1739981404972028104
39573,1739981404971222100,1739981404972534855
39574,1739981404972410238,1739981404972885927
39575,1739981404972748097,1739981404973364315
39576,1739981404973090894,1739981404974171597
39577,1739981404973573133,1739981404974831226
39578,1739981404974437058,1739981404975257946
39579,1739981404975113310,1739981404975610435
39580,1739981404975470755,1739981404975954489
39581,1739981404975825811,1739981404976383826
39582,1739981404976177123,1739981404976703084
39583,1739981404976605097,1739981404977397337
39584,1739981404976925626,1739981404978151214
39585,1739981404977678001,1739981404978582727
39586,1739981404978370667,1739981404978978218
39587,1739981404978781158,1739981404979414438
39588,1739981404979208123,1739981404979759040
39589,1739981404979604623,1739981404980642223
39590,1739981404979935793,1739981404981457734
39591,1739981404981007549,1739981404981829114
39592,1739981404981676239,1739981404982266712
39593,1739981404982079501,1739981404982766880
39594,1739981404982511491,1739981404983144240
39595,1739981404982974733,1739981404984051146
39596,1739981404983335802,1739981404984860886
39597,1739981404984557184,1739981404985273381
39598,1739981404985049971,1739981404985602703
39599,1739981404985513442,1739981404986537914
39600,1739981404985803096,1739981404987070128
39601,1739981404986943738,1739981404987400214
39602,1739981404987309183,1739981404987807724
39603,1739981404987574642,1739981404988168237
39604,1739981404988004316,1739981404988457973
39605,1739981404988375846,1739981404989350269
39606,1739981404988690630,1739981404989912304
39607,1739981404989580056,1739981404990387876
39608,1739981404990198710,1739981404990853726
39609,1739981404990630757,1739981404991258885
39610,1739981404991058478,1739981404992098908
39611,1739981404991563556,1739981404992818708
39612,1739981404992374679,1739981404993289755
39613,1739981404993044050,1739981404993759036
39614,1739981404993531263,1739981404994151651
39615,1739981404993971802,1739981404994543989
39616,1739981404994323025,1739981404995404040
39617,1739981404994728161,1739981404996135218
39618,1739981404995693064,1739981404996602108
39619,1739981404996370940,1739981404997149165
39620,1739981404996832825,1739981404997966491
39621,1739981404997335338,1739981404998629007
39622,1739981404998193228,1739981404999053495
39623,1739981404998871611,1739981404999375340
39624,1739981404999242722,1739981404999708679
39625,1739981404999585911,1739981405000003575
39626,1739981404999914478,1739981405000896457
39627,1739981405000196340,1739981405001529154
39628,1739981405001122461,1739981405002128408
39629,1739981405001746895,1739981405002539994
39630,1739981405002403422,1739981405002961962
39631,1739981405002766919,1739981405003389678
39632,1739981405003169876,1739981405004143890
39633,1739981405003710069,1739981405004934319
39634,1739981405004328747,1739981405005412638
39635,1739981405005185452,1739981405005870996
39636,1739981405005603201,1739981405006382382
39637,1739981405006047066,1739981405007168852
39638,1739981405006785025,1739981405007749215
39639,1739981405007420238,1739981405008419754
39640,1739981405008069260,1739981405008830714
39641,1739981405008617470,1739981405009206627
39642,1739981405009046948,1739981405009982385
39643,1739981405009408934,1739981405010807132
39644,1739981405010267804,1739981405011163425
39645,1739981405011061556,1739981405011585477
39646,1739981405011377265,1739981405011911562
39647,1739981405011795232,1739981405012253542
39648,1739981405012039002,1739981405012619660
39649,1739981405012464066,1739981405013664243
39650,1739981405012815495,1739981405014341431
39651,1739981405014002800,1739981405014776113
39652,1739981405014586550,1739981405015158466
39653,1739981405014999704,1739981405015481295
39654,1739981405015373349,1739981405015839381
39655,1739981405015687445,1739981405016797790
39656,1739981405016359967,1739981405017579294
39657,1739981405017081792,1739981405017988870
39658,1739981405017874521,1739981405018345627
39659,1739981405018214687,1739981405018845762
39660,1739981405018541272,1739981405019315727
39661,1739981405019033362,1739981405020252891
39662,1739981405019525367,1739981405020979697
39663,1739981405020539966,1739981405021376656
39664,1739981405021184105,1739981405021725595
39665,1739981405021569934,1739981405022173283
39666,1739981405021915251,1739981405022646758
39667,1739981405022421475,1739981405023013514
39668,1739981405022859010,1739981405023851540
39669,1739981405023213824,1739981405024663347
39670,1739981405024099398,1739981405025083736
39671,1739981405024904399,1739981405025505212
39672,1739981405025297422,1739981405025963212
39673,1739981405025692785,1739981405026454922
39674,1739981405026156079,1739981405027318170
39675,1739981405026650410,1739981405027846173
39676,1739981405027661720,1739981405028258531
39677,1739981405028070395,1739981405028756014
39678,1739981405028454383,1739981405029645030
39679,1739981405028981415,1739981405030144944
39680,1739981405029842592,1739981405030751505
39681,1739981405030521250,1739981405031232068
39682,1739981405030984546,1739981405031628470
39683,1739981405031456413,1739981405032123498
39684,1739981405031847229,1739981405033080439
39685,1739981405032345717,1739981405033524056
39686,1739981405033249295,1739981405034134841
39687,1739981405033884917,1739981405034476499
39688,1739981405034323063,1739981405034872266
39689,1739981405034728127,1739981405035379333
39690,1739981405035094416,1739981405035781333
39691,1739981405035611366,1739981405036241944
39692,1739981405035996999,1739981405037152026
39693,1739981405036435059,1739981405037814026
39694,1739981405037450133,1739981405038152547
39695,1739981405038012526,1739981405038476833
39696,1739981405038347911,1739981405038841813
39697,1739981405038719504,1739981405039347132
39698,1739981405039030580,1739981405039767790
39699,1739981405039535826,1739981405040616252
39700,1739981405039977313,1739981405041356802
39701,1739981405040848026,1739981405041951906
39702,1739981405041621881,1739981405042343735
39703,1739981405042189018,1739981405042747168
39704,1739981405042519724,1739981405043854962
39705,1739981405042999310,1739981405044573472
39706,1739981405044190900,1739981405045011109
39707,1739981405044793674,1739981405045446461
39708,1739981405045206201,1739981405045782382
39709,1739981405045640064,1739981405046613099
39710,1739981405045961841,1739981405047356965
39711,1739981405046848756,1739981405047721102
39712,1739981405047566001,1739981405048066725
39713,1739981405047919467,1739981405048323424
39714,1739981405048219490,1739981405048783947
39715,1739981405048489417,1739981405049108208
39716,1739981405049001876,1739981405050072970
39717,1739981405049230152,1739981405050791433
39718,1739981405050276751,1739981405051266736
39719,1739981405051052553,1739981405051733544
39720,1739981405051503372,1739981405052296538
39721,1739981405051984970,1739981405052671256
39722,1739981405052541812,1739981405053479183
39723,1739981405052877544,1739981405054335421
39724,1739981405053731783,1739981405054860790
39725,1739981405054606100,1739981405055390722
39726,1739981405055056148,1739981405055863240
39727,1739981405055599007,1739981405056875547
39728,1739981405056064075,1739981405057601329
39729,1739981405057230960,1739981405058060105
39730,1739981405057842607,1739981405058458122
39731,1739981405058259119,1739981405059633209
39732,1739981405058696525,1739981405060229083
39733,1739981405060015404,1739981405060650620
39734,1739981405060432421,1739981405061529656
39735,1739981405060863500,1739981405062092278
39736,1739981405061761735,1739981405062604206
39737,1739981405062461305,1739981405063068405
39738,1739981405062839954,1739981405063455881
39739,1739981405063285407,1739981405063815617
39740,1739981405063725569,1739981405064159167
39741,1739981405064019147,1739981405064665607
39742,1739981405064383552,1739981405065176703
39743,1739981405064892207,1739981405066184852
39744,1739981405065369231,1739981405066713204
39745,1739981405066512210,1739981405067171494
39746,1739981405066932313,1739981405067589316
39747,1739981405067322790,1739981405068325099
39748,1739981405067827934,1739981405069073225
39749,1739981405068586917,1739981405069635713
39750,1739981405069490239,1739981405070125149
39751,1739981405069865941,1739981405070527805
39752,1739981405070325499,1739981405071606125
39753,1739981405070742741,1739981405072157448
39754,1739981405072015263,1739981405072486490
39755,1739981405072335782,1739981405072934875
39756,1739981405072693585,1739981405073692930
39757,1739981405073122161,1739981405074650581
39758,1739981405073930487,1739981405075234201
39759,1739981405074911648,1739981405075606547
39760,1739981405075466289,1739981405075964784
39761,1739981405075813749,1739981405076383724
39762,1739981405076162139,1739981405076759959
39763,1739981405076562528,1739981405077607029
39764,1739981405076945360,1739981405078629863
39765,1739981405077811050,1739981405079032366
39766,1739981405078843055,1739981405079419094
39767,1739981405079227909,1739981405079786975
39768,1739981405079619133,1739981405080626019
39769,1739981405079965701,1739981405081353739
39770,1739981405080916001,1739981405081786734
39771,1739981405081587238,1739981405082280979
39772,1739981405082025904,1739981405082768157
39773,1739981405082499558,1739981405083226121
39774,1739981405082993779,1739981405084108064
39775,1739981405083450543,1739981405085064606
39776,1739981405084440359,1739981405085528679
39777,1739981405085331947,1739981405086033280
39778,1739981405085732890,1739981405086444592
39779,1739981405086210799,1739981405086784742
39780,1739981405086617451,1739981405087245070
39781,1739981405086971130,1739981405087890407
39782,1739981405087464263,1739981405088398008
39783,1739981405088280988,1739981405088990669
39784,1739981405088880125,1739981405089463765
39785,1739981405089178405,1739981405089839038
39786,1739981405089641376,1739981405090749714
39787,1739981405090004227,1739981405091555730
39788,1739981405090979355,1739981405091897431
39789,1739981405091760730,1739981405092288648
39790,1739981405092121265,1739981405092646589
39791,1739981405092511403,1739981405093080273
39792,1739981405092823599,1739981405093469345
39793,1739981405093241807,1739981405094612053
39794,1739981405093673246,1739981405095071903
39795,1739981405094896576,1739981405095481777
39796,1739981405095301640,1739981405095966886
39797,1739981405095679208,1739981405096867813
39798,1739981405096166735,1739981405097416316
39799,1739981405097199293,1739981405097831083
39800,1739981405097629496,1739981405098129614
39801,1739981405098029226,1739981405098481989
39802,1739981405098284642,1739981405098849175
39803,1739981405098717634,1739981405099619753
39804,1739981405099150576,1739981405100076263
39805,1739981405099844018,1739981405100603375
39806,1739981405100457221,1739981405101101286
39807,1739981405100801228,1739981405101474395
39808,1739981405101293718,1739981405101945904
39809,1739981405101698452,1739981405102419507
39810,1739981405102144871,1739981405103392382
39811,1739981405102831834,1739981405103889531
39812,1739981405103667569,1739981405104465218
39813,1739981405104155056,1739981405104867328
39814,1739981405104688734,1739981405105193069
39815,1739981405105063880,1739981405105614013
39816,1739981405105380509,1739981405106491907
39817,1739981405106022501,1739981405107270650
39818,1739981405106685871,1739981405107728879
39819,1739981405107470575,1739981405108082209
39820,1739981405107944264,1739981405108516824
39821,1739981405108282469,1739981405108891767
39822,1739981405108695399,1739981405109586578
39823,1739981405109105190,1739981405110081685
39824,1739981405109845611,1739981405110678481
39825,1739981405110451063,1739981405111029248
39826,1739981405110872358,1739981405111355275
39827,1739981405111236635,1739981405111656743
39828,1739981405111553146,1739981405112100013
39829,1739981405111849337,1739981405112789556
39830,1739981405112279728,1739981405113515727
39831,1739981405113072376,1739981405113987134
39832,1739981405113773936,1739981405114460123
39833,1739981405114248829,1739981405114849292
39834,1739981405114686142,1739981405115168131
39835,1739981405115039664,1739981405115601784
39836,1739981405115366032,1739981405115936122
39837,1739981405115803828,1739981405116690125
39838,1739981405116125595,1739981405117483147
39839,1739981405116984824,1739981405117857866
39840,1739981405117678026,1739981405118283681
39841,1739981405118097678,1739981405118669044
39842,1739981405118513081,1739981405119000129
39843,1739981405118871940,1739981405119756889
39844,1739981405119187578,1739981405120518008
39845,1739981405120031274,1739981405120884910
39846,1739981405120717084,1739981405121278495
39847,1739981405121113027,1739981405121612659
39848,1739981405121471066,1739981405122068066
39849,1739981405121811262,1739981405122355963
39850,1739981405122216687,1739981405123403975
39851,1739981405122554683,1739981405123888901
39852,1739981405123735504,1739981405124507294
39853,1739981405124088755,1739981405124987316
39854,1739981405124705488,1739981405125317644
39855,1739981405125185644,1739981405126108633
39856,1739981405125511197,1739981405126764949
39857,1739981405126259866,1739981405127264319
39858,1739981405127010942,1739981405127767881
39859,1739981405127473979,1739981405128085610
39860,1739981405127961827,1739981405128471431
39861,1739981405128260892,1739981405129390684
39862,1739981405128649331,1739981405130155504
39863,1739981405129566531,1739981405130570328
39864,1739981405130369103,1739981405130978653
39865,1739981405130748904,1739981405131293319
39866,1739981405131154212,1739981405131639260
39867,1739981405131477431,1739981405132131178
39868,1739981405131826717,1739981405132630726
39869,1739981405132338323,1739981405133410212
39870,1739981405132948117,1739981405133986571
39871,1739981405133593300,1739981405134409181
39872,1739981405134167842,1739981405134832978
39873,1739981405134578478,1739981405135181034
39874,1739981405135005467,1739981405135520806
39875,1739981405135362907,1739981405136439902
39876,1739981405135689359,1739981405136993899
39877,1739981405136820384,1739981405137396668
39878,1739981405137192562,1739981405137858708
39879,1739981405137622336,1739981405138160204
39880,1739981405138050834,1739981405138830643
39881,1739981405138332508,1739981405139644808
39882,1739981405139059717,1739981405140074729
39883,1739981405139862875,1739981405140448256
39884,1739981405140219227,1739981405140803087
39885,1739981405140679419,1739981405141098255
39886,1739981405140992227,1739981405141584431
39887,1739981405141301069,1739981405142214241
39888,1739981405141815740,1739981405142780311
39889,1739981405142640718,1739981405143175595
39890,1739981405143051173,1739981405143563375
39891,1739981405143380299,1739981405143994422
39892,1739981405143768273,1739981405144449150
39893,1739981405144180277,1739981405144883997
39894,1739981405144629435,1739981405145996221
39895,1739981405145068565,1739981405146501104
39896,1739981405146180752,1739981405146855885
39897,1739981405146696075,1739981405147217580
39898,1739981405147037020,1739981405147600170
39899,1739981405147405564,1739981405148490368
39900,1739981405147792880,1739981405149425004
39901,1739981405148685746,1739981405149945455
39902,1739981405149607467,1739981405150365145
39903,1739981405150164684,1739981405150771842
39904,1739981405150562878,1739981405151817257
39905,1739981405150958674,1739981405152325215
39906,1739981405152144471,1739981405152761472
39907,1739981405152526689,1739981405153106993
39908,1739981405152942859,1739981405153586715
39909,1739981405153305089,1739981405154108171
39910,1739981405153797902,1739981405154840495
39911,1739981405154454879,1739981405155169254
39912,1739981405155053100,1739981405155487152
39913,1739981405155374678,1739981405155802386
39914,1739981405155687731,1739981405156248690
39915,1739981405156042198,1739981405156578819
39916,1739981405156448001,1739981405157349503
39917,1739981405156770928,1739981405158095282
39918,1739981405157582214,1739981405158583514
39919,1739981405158327556,1739981405159052364
39920,1739981405158789675,1739981405159347387
39921,1739981405159203274,1739981405159720803
39922,1739981405159537177,1739981405160572882
39923,1739981405159915890,1739981405161465674
39924,1739981405160761875,1739981405162003380
39925,1739981405161675512,1739981405162512793
39926,1739981405162189997,1739981405162914987
39927,1739981405162689464,1739981405163796960
39928,1739981405163133712,1739981405164647585
39929,1739981405163998960,1739981405165082411
39930,1739981405164881689,1739981405165491972
39931,1739981405165276679,1739981405166408745
39932,1739981405165665909,1739981405166934151
39933,1739981405166700188,1739981405167249325
39934,1739981405167166834,1739981405167682908
39935,1739981405167404170,1739981405168054708
39936,1739981405167871303,1739981405168384895
39937,1739981405168201904,1739981405169129894
39938,1739981405168570439,1739981405169912019
39939,1739981405169370546,1739981405170339405
39940,1739981405170289607,1739981405170856013
39941,1739981405170592954,1739981405171275765
39942,1739981405171113864,1739981405171633435
39943,1739981405171500185,1739981405172420053
39944,1739981405171842358,1739981405173085707
39945,1739981405172577559,1739981405173601864
39946,1739981405173339772,1739981405173981599
39947,1739981405173813451,1739981405174417249
39948,1739981405174162330,1739981405174846529
39949,1739981405174598265,1739981405175219550
39950,1739981405175020062,1739981405176059518
39951,1739981405175417425,1739981405176833792
39952,1739981405176253935,1739981405177195404
39953,1739981405177052400,1739981405177487432
39954,1739981405177385685,1739981405177891663
39955,1739981405177665133,1739981405178185499
39956,1739981405178065887,1739981405178503313
39957,1739981405178385342,1739981405178926111
39958,1739981405178678770,1739981405179717014
39959,1739981405179214752,1739981405180316198
39960,1739981405179984263,1739981405180732600
39961,1739981405180536672,1739981405181215558
39962,1739981405180966584,1739981405181653560
39963,1739981405181434726,1739981405182661998
39964,1739981405182218935,1739981405183068065
39965,1739981405182943653,1739981405183436088
39966,1739981405183338242,1739981405183818719
39967,1739981405183659912,1739981405184409841
39968,1739981405184031394,1739981405184879684
39969,1739981405184642554,1739981405185744144
39970,1739981405185077780,1739981405186516672
39971,1739981405185972422,1739981405186903180
39972,1739981405186752965,1739981405187292420
39973,1739981405187084189,1739981405187852613
39974,1739981405187475900,1739981405188672410
39975,1739981405188031706,1739981405189353660
39976,1739981405188852467,1739981405189776816
39977,1739981405189604562,1739981405190081907
39978,1739981405189982542,1739981405190397700
39979,1739981405190262084,1739981405190766340
39980,1739981405190587322,1739981405191587367
39981,1739981405190948681,1739981405192049032
39982,1739981405191923473,1739981405192553858
39983,1739981405192210154,1739981405192930239
39984,1739981405192749340,1739981405193369052
39985,1739981405193102992,1739981405194079705
39986,1739981405193558161,1739981405194895816
39987,1739981405194401488,1739981405195396811
39988,1739981405195091495,1739981405195942057
39989,1739981405195604469,1739981405196454993
39990,1739981405196128170,1739981405196787706
39991,1739981405196639951,1739981405197664517
39992,1739981405196951971,1739981405198258945
39993,1739981405197809690,1739981405198738616
39994,1739981405198539947,1739981405199236639
39995,1739981405198928744,1739981405200096385
39996,1739981405199418416,1739981405201007005
39997,1739981405200345126,1739981405201547577
39998,1739981405201221939,1739981405201946475
39999,1739981405201720734,1739981405202708564
40000,1739981405202154691,1739981405203451486
40001,1739981405202966812,1739981405203831210
40002,1739981405203688910,1739981405204156151
40003,1739981405204034202,1739981405204653502
40004,1739981405204348588,1739981405204985517
40005,1739981405204865406,1739981405205746674
40006,1739981405205207939,1739981405206569095
40007,1739981405206001560,1739981405206940663
40008,1739981405206804627,1739981405207394125
40009,1739981405207162196,1739981405207763650
40010,1739981405207604152,1739981405208136593
40011,1739981405207986522,1739981405208988496
40012,1739981405208340136,1739981405209582078
40013,1739981405209228182,1739981405209953870
40014,1739981405209802528,1739981405210414025
40015,1739981405210166812,1739981405210885017
40016,1739981405210624775,1739981405211601452
40017,1739981405211095698,1739981405212376842
40018,1739981405211889749,1739981405212904183
40019,1739981405212592681,1739981405213345250
40020,1739981405213125521,1739981405213724524
40021,1739981405213579207,1739981405214639902
40022,1739981405213936126,1739981405215312615
40023,1739981405214942952,1739981405215650299
40024,1739981405215539932,1739981405216053606
40025,1739981405215841539,1739981405216422435
40026,1739981405216221380,1739981405216767477
40027,1739981405216658141,1739981405217373140
40028,1739981405216970669,1739981405218285063
40029,1739981405217619404,1739981405218649982
40030,1739981405218518866,1739981405219035789
40031,1739981405218824754,1739981405219386023
40032,1739981405219198591,1739981405219751440
40033,1739981405219602737,1739981405220433689
40034,1739981405219948559,1739981405221161652
40035,1739981405220756513,1739981405221585747
40036,1739981405221408038,1739981405221935584
40037,1739981405221773923,1739981405222301516
40038,1739981405222147357,1739981405222773807
40039,1739981405222543553,1739981405223560962
40040,1739981405223031293,1739981405224364007
40041,1739981405223850734,1739981405224734133
40042,1739981405224592190,1739981405225065776
40043,1739981405224940677,1739981405225358165
40044,1739981405225227497,1739981405225757217
40045,1739981405225611133,1739981405226659782
40046,1739981405226026729,1739981405227333301
40047,1739981405226851939,1739981405227660997
40048,1739981405227520536,1739981405228152069
40049,1739981405227843123,1739981405228511302
40050,1739981405228336080,1739981405228883957
40051,1739981405228751678,1739981405229310924
40052,1739981405229080541,1739981405230218656
40053,1739981405229477746,1739981405230907431
40054,1739981405230435856,1739981405231308999
40055,1739981405231199134,1739981405231760317
40056,1739981405231518484,1739981405232216512
40057,1739981405232006462,1739981405232645073
40058,1739981405232429119,1739981405233616292
40059,1739981405232816439,1739981405234606348
40060,1739981405233940566,1739981405235025335
40061,1739981405234824291,1739981405235415551
40062,1739981405235234263,1739981405235858837
40063,1739981405235623124,1739981405236262886
40064,1739981405236094112,1739981405237156417
40065,1739981405236564604,1739981405237952217
40066,1739981405237380876,1739981405238318834
40067,1739981405238169367,1739981405238681141
40068,1739981405238540794,1739981405239061616
40069,1739981405238900678,1739981405239377998
40070,1739981405239234936,1739981405239750442
40071,1739981405239574323,1739981405240055473
40072,1739981405239942928,1739981405240955019
40073,1739981405240231109,1739981405241636256
40074,1739981405241179509,1739981405242119550
40075,1739981405241866976,1739981405242508033
40076,1739981405242301865,1739981405242873135
40077,1739981405242760202,1739981405243599922
40078,1739981405243079631,1739981405244432302
40079,1739981405243819687,1739981405244856851
40080,1739981405244689912,1739981405245206270
40081,1739981405245067231,1739981405245666226
40082,1739981405245419220,1739981405246341080
40083,1739981405245908404,1739981405247210170
40084,1739981405246562781,1739981405247610945
40085,1739981405247475147,1739981405247948385
40086,1739981405247869783,1739981405248278911
40087,1739981405248063697,1739981405248679778
40088,1739981405248531205,1739981405249274433
40089,1739981405248899368,1739981405250093267
40090,1739981405249501690,1739981405250506304
40091,1739981405250329694,1739981405250993153
40092,1739981405250706152,1739981405251356415
40093,1739981405251197007,1739981405251785077
40094,1739981405251546472,1739981405252583042
40095,1739981405251961442,1739981405253442303
40096,1739981405252859196,1739981405253814648
40097,1739981405253637111,1739981405254329467
40098,1739981405254064896,1739981405254758516
40099,1739981405254533632,1739981405255141846
40100,1739981405254950498,1739981405255794469
40101,1739981405255332633,1739981405256363991
40102,1739981405255995886,1739981405256973740
40103,1739981405256700238,1739981405257406329
40104,1739981405257203658,1739981405257826362
40105,1739981405257617611,1739981405258435965
40106,1739981405258065344,1739981405258939413
40107,1739981405258704980,1739981405259453728
40108,1739981405259334724,1739981405259919977
40109,1739981405259665436,1739981405260235505
40110,1739981405260113848,1739981405260551404
40111,1739981405260407487,1739981405261570239
40112,1739981405260751992,1739981405262243759
40113,1739981405261838567,1739981405262696556
40114,1739981405262494480,1739981405263066384
40115,1739981405262952315,1739981405263456724
40116,1739981405263288563,1739981405263888637
40117,1739981405263686698,1739981405264741093
40118,1739981405264084707,1739981405265477134
40119,1739981405264875174,1739981405265840362
40120,1739981405265740227,1739981405266311167
40121,1739981405265973164,1739981405266707640
40122,1739981405266523795,1739981405267328655
40123,1739981405266888000,1739981405268270182
40124,1739981405267588573,1739981405268667186
40125,1739981405268480454,1739981405269025672
40126,1739981405268895405,1739981405269350269
40127,1739981405269196342,1739981405269663999
40128,1739981405269551515,1739981405270452583
40129,1739981405269968085,1739981405271089228
40130,1739981405270685777,1739981405271411331
40131,1739981405271276811,1739981405271722802
40132,1739981405271609961,1739981405272058202
40133,1739981405271913906,1739981405272497560
40134,1739981405272216501,1739981405273332477
40135,1739981405272717721,1739981405274120379
40136,1739981405273592299,1739981405274538530
40137,1739981405274279951,1739981405274890648
40138,1739981405274767727,1739981405275256371
40139,1739981405275111768,1739981405275661857
40140,1739981405275475144,1739981405276002753
40141,1739981405275855498,1739981405276891281
40142,1739981405276208849,1739981405277573937
40143,1739981405277066499,1739981405277989930
40144,1739981405277783377,1739981405278324735
40145,1739981405278165513,1739981405278672601
40146,1739981405278484600,1739981405279437767
40147,1739981405279079709,1739981405280069876
40148,1739981405279711059,1739981405280480481
40149,1739981405280320729,1739981405280822305
40150,1739981405280679179,1739981405281198686
40151,1739981405281032088,1739981405281505926
40152,1739981405281411639,1739981405281915900
40153,1739981405281685724,1739981405282799020
40154,1739981405282092578,1739981405283482772
40155,1739981405283060232,1739981405283907183
40156,1739981405283675465,1739981405284346827
40157,1739981405284113984,1739981405284678057
40158,1739981405284591531,1739981405285004456
40159,1739981405284788907,1739981405285401345
40160,1739981405285204879,1739981405286323467
40161,1739981405285622782,1739981405287003654
40162,1739981405286596328,1739981405287476455
40163,1739981405287226702,1739981405287873562
40164,1739981405287724356,1739981405288470617
40165,1739981405288072564,1739981405289358973
40166,1739981405288720454,1739981405289725424
40167,1739981405289644184,1739981405290051008
40168,1739981405289869580,1739981405290473936
40169,1739981405290198083,1739981405290767756
40170,1739981405290690131,1739981405291090316
40171,1739981405290934915,1739981405292089249
40172,1739981405291270957,1739981405292702140
40173,1739981405292335213,1739981405293106074
40174,1739981405292957766,1739981405293463268
40175,1739981405293334922,1739981405293944138
40176,1739981405293650212,1739981405294852790
40177,1739981405294121677,1739981405295532386
40178,1739981405295086333,1739981405295957322
40179,1739981405295770532,1739981405296393537
40180,1739981405296164250,1739981405296851596
40181,1739981405296581735,1739981405297496142
40182,1739981405297043118,1739981405298314145
40183,1739981405297865013,1739981405298696632
40184,1739981405298576163,1739981405299162780
40185,1739981405298913183,1739981405299559152
40186,1739981405299378840,1739981405299892864
40187,1739981405299744922,1739981405300786046
40188,1739981405300086390,1739981405301557154
40189,1739981405300964144,1739981405301972161
40190,1739981405301786551,1739981405302350087
40191,1739981405302186612,1739981405302703291
40192,1739981405302570071,1739981405303027440
40193,1739981405302912980,1739981405303817448
40194,1739981405303214412,1739981405304530994
40195,1739981405304080844,1739981405305054675
40196,1739981405304829609,1739981405305429893
40197,1739981405305244538,1739981405305783932
40198,1739981405305648458,1739981405306122783
40199,1739981405305963602,1739981405306915279
40200,1739981405306308203,1739981405307671036
40201,1739981405307177490,1739981405308124052
40202,1739981405307885213,1739981405308518165
40203,1739981405308367544,1739981405308898887
40204,1739981405308704978,1739981405309319408
40205,1739981405309074249,1739981405310199318
40206,1739981405309497984,1739981405310966582
40207,1739981405310463387,1739981405311386094
40208,1739981405311200466,1739981405311764454
40209,1739981405311601261,1739981405312128005
40210,1739981405311975589,1739981405312534429
40211,1739981405312350167,1739981405312881824
40212,1739981405312742006,1739981405313747628
40213,1739981405313088661,1739981405314565385
40214,1739981405313947190,1739981405315093057
40215,1739981405314804709,1739981405315490049
40216,1739981405315302317,1739981405315905210
40217,1739981405315714892,1739981405316262154
40218,1739981405316133731,1739981405316596918
40219,1739981405316503215,1739981405317320722
40220,1739981405316950845,1739981405318113396
40221,1739981405317538746,1739981405318455310
40222,1739981405318370810,1739981405318828964
40223,1739981405318676466,1739981405319347086
40224,1739981405319077631,1739981405320060661
40225,1739981405319556753,1739981405320847104
40226,1739981405320296927,1739981405321266316
40227,1739981405321090021,1739981405321575359
40228,1739981405321517700,1739981405321944534
40229,1739981405321719928,1739981405322413371
40230,1739981405322183856,1739981405322750918
40231,1739981405322621342,1739981405323603922
40232,1739981405322951294,1739981405324459696
40233,1739981405323858832,1739981405324832070
40234,1739981405324689512,1739981405325236704
40235,1739981405325010852,1739981405325586485
40236,1739981405325403711,1739981405325991999
40237,1739981405325769891,1739981405326435920
40238,1739981405326178822,1739981405327591094
40239,1739981405326901926,1739981405327996076
40240,1739981405327821840,1739981405328410595
40241,1739981405328212352,1739981405328745821
40242,1739981405328582225,1739981405329386929
40243,1739981405328949994,1739981405330282879
40244,1739981405329706791,1739981405330729706
40245,1739981405330538710,1739981405331269114
40246,1739981405330952098,1739981405331655438
40247,1739981405331459135,1739981405332024266
40248,1739981405331887047,1739981405332879910
40249,1739981405332397824,1739981405333391153
40250,1739981405333236707,1739981405333754689
40251,1739981405333602723,1739981405334129601
40252,1739981405333933867,1739981405334506671
40253,1739981405334351198,1739981405334821817
40254,1739981405334716694,1739981405335131453
40255,1739981405335007043,1739981405336043013
40256,1739981405335308287,1739981405336700597
40257,1739981405336245478,1739981405337153691
40258,1739981405336933247,1739981405337510990
40259,1739981405337383779,1739981405337830300
40260,1739981405337730448,1739981405338127273
40261,1739981405338044120,1739981405338466951
40262,1739981405338313796,1739981405339355348
40263,1739981405338662430,1739981405339994888
40264,1739981405339542954,1739981405340527446
40265,1739981405340402565,1739981405340891738
40266,1739981405340715016,1739981405341323952
40267,1739981405341077427,1739981405341715956
40268,1739981405341506153,1739981405342479639
40269,1739981405341912777,1739981405343200312
40270,1739981405342668745,1739981405343571259
40271,1739981405343430445,1739981405343953378
40272,1739981405343818885,1739981405344523747
40273,1739981405344183754,1739981405344864522
40274,1739981405344713823,1739981405345176573
40275,1739981405345083139,1739981405345586415
40276,1739981405345387928,1739981405346428624
40277,1739981405345811030,1739981405347247720
40278,1739981405346674889,1739981405347701417
40279,1739981405347471915,1739981405348027339
40280,1739981405347878621,1739981405348383053
40281,1739981405348209448,1739981405348695694
40282,1739981405348571001,1739981405349537644
40283,1739981405348882422,1739981405350216516
40284,1739981405349743011,1739981405350577647
40285,1739981405350414483,1739981405350944110
40286,1739981405350764231,1739981405351352864
40287,1739981405351107463,1739981405352242951
40288,1739981405351535795,1739981405352909963
40289,1739981405352511319,1739981405353411077
40290,1739981405353131949,1739981405353708922
40291,1739981405353595942,1739981405354048032
40292,1739981405353894972,1739981405354531329
40293,1739981405354208351,1739981405354898702
40294,1739981405354712775,1739981405355233167
40295,1739981405355070553,1739981405356048397
40296,1739981405355414273,1739981405356900092
40297,1739981405356272453,1739981405357253573
40298,1739981405357094244,1739981405357642564
40299,1739981405357440380,1739981405358017261
40300,1739981405357819905,1739981405358449236
40301,1739981405358186992,1739981405358824509
40302,1739981405358639776,1739981405359749665
40303,1739981405359007075,1739981405360510691
40304,1739981405359932847,1739981405360964986
40305,1739981405360743109,1739981405361396193
40306,1739981405361134870,1739981405361826394
40307,1739981405361569387,1739981405362277505
40308,1739981405361992800,1739981405363202881
40309,1739981405362491892,1739981405363798068
40310,1739981405363557232,1739981405364480264
40311,1739981405364039260,1739981405364931934
40312,1739981405364677910,1739981405365331197
40313,1739981405365113825,1739981405366405276
40314,1739981405365523372,1739981405366861252
40315,1739981405366732466,1739981405367191635
40316,1739981405367103577,1739981405367681181
40317,1739981405367401191,1739981405368048902
40318,1739981405367943011,1739981405368388024
40319,1739981405368192316,1739981405369184179
40320,1739981405368575549,1739981405369967883
40321,1739981405369385498,1739981405370421186
40322,1739981405370214114,1739981405370804426
40323,1739981405370614679,1739981405371305313
40324,1739981405371020514,1739981405371661331
40325,1739981405371490267,1739981405372478796
40326,1739981405371840370,1739981405372987098
40327,1739981405372781321,1739981405373632931
40328,1739981405373352982,1739981405373991041
40329,1739981405373854516,1739981405374426476
40330,1739981405374176392,1739981405374899373
40331,1739981405374610742,1739981405375283134
40332,1739981405375075954,1739981405376204140
40333,1739981405375643524,1739981405376792653
40334,1739981405376542938,1739981405377171980
40335,1739981405377017092,1739981405377514761
40336,1739981405377330431,1739981405377951896
40337,1739981405377712227,1739981405378567505
40338,1739981405378163049,1739981405379057314
40339,1739981405378794008,1739981405379718491
40340,1739981405379203802,1739981405380048613
40341,1739981405379907366,1739981405380395373
40342,1739981405380200765,1739981405380717827
40343,1739981405380645603,1739981405381698750
40344,1739981405380859281,1739981405382240263
40345,1739981405382022164,1739981405382641266
40346,1739981405382463285,1739981405383005116
40347,1739981405382847299,1739981405383383536
40348,1739981405383216503,1739981405384603223
40349,1739981405383585166,1739981405385064054
40350,1739981405384858068,1739981405385417285
40351,1739981405385224232,1739981405385800029
40352,1739981405385623883,1739981405387005267
40353,1739981405385984484,1739981405387431457
40354,1739981405387260622,1739981405387869231
40355,1739981405387670898,1739981405388308765
40356,1739981405388094248,1739981405388650806
40357,1739981405388503583,1739981405389299218
40358,1739981405388865898,1739981405390110656
40359,1739981405389552043,1739981405390463926
40360,1739981405390376591,1739981405390805013
40361,1739981405390674635,1739981405391126003
40362,1739981405391039356,1739981405391571848
40363,1739981405391346595,1739981405391922514
40364,1739981405391773074,1739981405393016696
40365,1739981405392134338,1739981405393417014
40366,1739981405393237584,1739981405393898981
40367,1739981405393646255,1739981405394503127
40368,1739981405394123361,1739981405394821866
40369,1739981405394722482,1739981405395201347
40370,1739981405395017462,1739981405396132517
40371,1739981405395585122,1739981405396711692
40372,1739981405396450763,1739981405397050418
40373,1739981405396936326,1739981405397396635
40374,1739981405397218572,1739981405398407033
40375,1739981405397605105,1739981405399240233
40376,1739981405398602241,1739981405399636559
40377,1739981405399464286,1739981405400081517
40378,1739981405399864653,1739981405400398406
40379,1739981405400278703,1739981405400702744
40380,1739981405400614657,1739981405401092146
40381,1739981405400810380,1739981405401796471
40382,1739981405401286206,1739981405402228927
40383,1739981405402022940,1739981405402761207
40384,1739981405402629063,1739981405403296793
40385,1739981405402970389,1739981405403670515
40386,1739981405403543306,1739981405404179648
40387,1739981405403900327,1739981405404633271
40388,1739981405404418426,1739981405404989294
40389,1739981405404856991,1739981405405865143
40390,1739981405405200715,1739981405406545208
40391,1739981405406097213,1739981405406942188
40392,1739981405406731649,1739981405407388336
40393,1739981405407135100,1739981405407734801
40394,1739981405407555509,1739981405408062743
40395,1739981405407929588,1739981405408964951
40396,1739981405408203110,1739981405409500191
40397,1739981405409343133,1739981405409953484
40398,1739981405409744516,1739981405410364243
40399,1739981405410190222,1739981405411014819
40400,1739981405410588044,1739981405411546741
40401,1739981405411269067,1739981405412155828
40402,1739981405411905297,1739981405412495842
40403,1739981405412350697,1739981405412833736
40404,1739981405412685413,1739981405413258391
40405,1739981405413029954,1739981405413856738
40406,1739981405413431218,1739981405414879838
40407,1739981405414134704,1739981405415349744
40408,1739981405415087825,1739981405415730235
40409,1739981405415554348,1739981405416070704
40410,1739981405415893533,1739981405416372031
40411,1739981405416207122,1739981405417282940
40412,1739981405416544678,1739981405418012356
40413,1739981405417524061,1739981405418395634
40414,1739981405418242151,1739981405418927456
40415,1739981405418630501,1739981405419252991
40416,1739981405419111956,1739981405420017748
40417,1739981405419459377,1739981405420721841
40418,1739981405420271904,1739981405421114738
40419,1739981405421004727,1739981405421457607
40420,1739981405421378582,1739981405421852525
40421,1739981405421590806,1739981405422181817
40422,1739981405422049775,1739981405422854445
40423,1739981405422369017,1739981405423675567
40424,1739981405423059577,1739981405424053635
40425,1739981405423935391,1739981405424607307
40426,1739981405424194270,1739981405425003478
40427,1739981405424824122,1739981405425382824
40428,1739981405425227498,1739981405425739909
40429,1739981405425589482,1739981405426462165
40430,1739981405426113076,1739981405427182056
40431,1739981405426704435,1739981405427597571
40432,1739981405427388624,1739981405427974640
40433,1739981405427813272,1739981405428410132
40434,1739981405428211950,1739981405429354453
40435,1739981405428621750,1739981405429850487
40436,1739981405429709350,1739981405430281505
40437,1739981405430090786,1739981405430616509
40438,1739981405430473021,1739981405430941306
40439,1739981405430806770,1739981405431867190
40440,1739981405431129887,1739981405432382646
40441,1739981405432215872,1739981405432717360
40442,1739981405432565274,1739981405433152281
40443,1739981405432912207,1739981405433481745
40444,1739981405433341505,1739981405434539387
40445,1739981405433672152,1739981405434973440
40446,1739981405434703835,1739981405435472394
40447,1739981405435254721,1739981405435843360
40448,1739981405435714172,1739981405436575654
40449,1739981405436055847,1739981405437469033
40450,1739981405436830542,1739981405437846081
40451,1739981405437692565,1739981405438206148
40452,1739981405438047508,1739981405438617430
40453,1739981405438384086,1739981405439068326
40454,1739981405438817320,1739981405439863508
40455,1739981405439209776,1739981405440470476
40456,1739981405440055869,1739981405441031671
40457,1739981405440761720,1739981405441381356
40458,1739981405441218695,1739981405441744281
40459,1739981405441577340,1739981405442531580
40460,1739981405441925496,1739981405443111850
40461,1739981405442726876,1739981405443640445
40462,1739981405443482978,1739981405444168022
40463,1739981405443910905,1739981405444674131
40464,1739981405444529499,1739981405444992386
40465,1739981405444889517,1739981405445470231
40466,1739981405445175756,1739981405445812858
40467,1739981405445693591,1739981405446952715
40468,1739981405446001157,1739981405447405620
40469,1739981405447190697,1739981405447789258
40470,1739981405447646914,1739981405448170312
40471,1739981405447993356,1739981405448501769
40472,1739981405448368320,1739981405449298191
40473,1739981405448671567,1739981405450032102
40474,1739981405449530344,1739981405450492804
40475,1739981405450201520,1739981405450859632
40476,1739981405450722513,1739981405451230351
40477,1739981405451040680,1739981405452091444
40478,1739981405451409728,1739981405452783206
40479,1739981405452222095,1739981405453205521
40480,1739981405452987474,1739981405453593482
40481,1739981405453376762,1739981405453935514
40482,1739981405453793503,1739981405454368576
40483,1739981405454126202,1739981405454745377
40484,1739981405454563568,1739981405455028788
40485,1739981405454921562,1739981405455702119
40486,1739981405455209861,1739981405456176499
40487,1739981405455918230,1739981405456762654
40488,1739981405456592712,1739981405457174872
40489,1739981405456987921,1739981405457543427
40490,1739981405457410600,1739981405458001533
40491,1739981405457721155,1739981405458707189
40492,1739981405458189488,1739981405459407979
40493,1739981405458889142,1739981405459819965
40494,1739981405459640884,1739981405460315750
40495,1739981405460056073,1739981405460662105
40496,1739981405460514854,1739981405461042409
40497,1739981405460860496,1739981405462029492
40498,1739981405461345393,1739981405462581587
40499,1739981405462359888,1739981405462962697
40500,1739981405462834098,1739981405463353127
40501,1739981405463175794,1739981405463712332
40502,1739981405463544764,1739981405464475482
40503,1739981405464200807,1739981405465077293
40504,1739981405464722893,1739981405465452013
40505,1739981405465212615,1739981405465818615
40506,1739981405465769515,1739981405466280903
40507,1739981405466054882,1739981405466737418
40508,1739981405466544976,1739981405467095484
40509,1739981405466946040,1739981405467952259
40510,1739981405467297411,1739981405468581886
40511,1739981405468226205,1739981405469091714
40512,1739981405468806370,1739981405469559115
40513,1739981405469280796,1739981405469988221
40514,1739981405469736617,1739981405471273930
40515,1739981405470179660,1739981405471740429
40516,1739981405471541414,1739981405472178557
40517,1739981405472003726,1739981405472595649
40518,1739981405472396621,1739981405473066730
40519,1739981405472775395,1739981405473890438
40520,1739981405473217358,1739981405474741780
40521,1739981405474155666,1739981405475326655
40522,1739981405474953073,1739981405475716366
40523,1739981405475535734,1739981405476309086
40524,1739981405475908753,1739981405477391802
40525,1739981405476567407,1739981405477881293
40526,1739981405477647316,1739981405478274150
40527,1739981405478111682,1739981405478711936
40528,1739981405478510801,1739981405479390504
40529,1739981405478891945,1739981405480101131
40530,1739981405479647457,1739981405480569257
40531,1739981405480349666,1739981405480929590
40532,1739981405480795303,1739981405481265679
40533,1739981405481110925,1739981405481747000
40534,1739981405481472554,1739981405482089628
40535,1739981405481967918,1739981405482996277
40536,1739981405482290005,1739981405483693470
40537,1739981405483289678,1739981405484098658
40538,1739981405483906833,1739981405484600282
40539,1739981405484318509,1739981405484949564
40540,1739981405484801020,1739981405485285342
40541,1739981405485189357,1739981405485729355
40542,1739981405485490858,1739981405486751180
40543,1739981405485938694,1739981405487421376
40544,1739981405487127000,1739981405487882371
40545,1739981405487639170,1739981405488254727
40546,1739981405488074691,1739981405489138556
40547,1739981405488452800,1739981405489790327
40548,1739981405489515651,1739981405490191245
40549,1739981405489986534,1739981405490542293
40550,1739981405490419927,1739981405491403816
40551,1739981405490740753,1739981405492129771
40552,1739981405491648215,1739981405492519115
40553,1739981405492392025,1739981405492953405
40554,1739981405492740808,1739981405493280747
40555,1739981405493163829,1739981405493595303
40556,1739981405493472976,1739981405494671653
40557,1739981405493806199,1739981405495154373
40558,1739981405494846364,1739981405495681778
40559,1739981405495428521,1739981405496082591
40560,1739981405495869280,1739981405496454885
40561,1739981405496196703,1739981405496837062
40562,1739981405496629564,1739981405497642396
40563,1739981405497051114,1739981405498408980
40564,1739981405497826561,1739981405498799345
40565,1739981405498620333,1739981405499213155
40566,1739981405498993897,1739981405499575851
40567,1739981405499407616,1739981405500181424
40568,1739981405499760808,1739981405501096031
40569,1739981405500399808,1739981405501490401
40570,1739981405501315292,1739981405501826569
40571,1739981405501676561,1739981405502175576
40572,1739981405502011807,1739981405502502011
40573,1739981405502375753,1739981405503283183
40574,1739981405502727820,1739981405504019271
40575,1739981405503496351,1739981405504468988
40576,1739981405504317201,1739981405504870658
40577,1739981405504691653,1739981405505226499
40578,1739981405505078220,1739981405505740041
40579,1739981405505429841,1739981405506085549
40580,1739981405505942011,1739981405506828884
40581,1739981405506472647,1739981405507663096
40582,1739981405507035628,1739981405508176614
40583,1739981405507907061,1739981405508565439
40584,1739981405508355530,1739981405508935101
40585,1739981405508814933,1739981405509281931
40586,1739981405509151352,1739981405510156404
40587,1739981405509495989,1739981405511156495
40588,1739981405510505590,1739981405511567840
40589,1739981405511415287,1739981405512015110
40590,1739981405511784266,1739981405512484713
40591,1739981405512230619,1739981405513422649
40592,1739981405512718730,1739981405514005715
40593,1739981405513790988,1739981405514483077
40594,1739981405514303553,1739981405514816911
40595,1739981405514735331,1739981405515162251
40596,1739981405515033654,1739981405516015860
40597,1739981405515367513,1739981405516663943
40598,1739981405516237967,1739981405516985337
40599,1739981405516900648,1739981405517453728
40600,1739981405517109754,1739981405517788803
40601,1739981405517641118,1739981405518244291
40602,1739981405517972463,1739981405518889183
40603,1739981405518431252,1739981405519779742
40604,1739981405519166196,1739981405520231133
40605,1739981405519990874,1739981405520637699
40606,1739981405520455097,1739981405521102433
40607,1739981405520842311,1739981405521542868
40608,1739981405521287379,1739981405522416561
40609,1739981405521715025,1739981405523083844
40610,1739981405522698357,1739981405523724762
40611,1739981405523512824,1739981405524175578
40612,1739981405523964154,1739981405524653563
40613,1739981405524448811,1739981405525095869
40614,1739981405524893706,1739981405525912701
40615,1739981405525317280,1739981405526696323
40616,1739981405526186156,1739981405527092822
40617,1739981405526914946,1739981405527432413
40618,1739981405527308481,1739981405527747895
40619,1739981405527645437,1739981405528147469
40620,1739981405527942085,1739981405528428034
40621,1739981405528355302,1739981405529133769
40622,1739981405528614749,1739981405529778528
40623,1739981405529300122,1739981405530323949
40624,1739981405529990744,1739981405530668285
40625,1739981405530552810,1739981405531127950
40626,1739981405530872559,1739981405531486072
40627,1739981405531319005,1739981405532207360
40628,1739981405531675330,1739981405532968216
40629,1739981405532489547,1739981405533355860
40630,1739981405533212159,1739981405533794434
40631,1739981405533554641,1739981405534123840
40632,1739981405533992171,1739981405534528666
40633,1739981405534277526,1739981405535009491
40634,1739981405534748946,1739981405535967764
40635,1739981405535205764,1739981405536611958
40636,1739981405536235857,1739981405537033074
40637,1739981405536839330,1739981405537381178
40638,1739981405537241881,1739981405537710079
40639,1739981405537596063,1739981405538175145
40640,1739981405537932938,1739981405538597499
40641,1739981405538408765,1739981405539329402
40642,1739981405538887679,1739981405539711964
40643,1739981405539548296,1739981405540165430
40644,1739981405539923411,1739981405540558781
40645,1739981405540346194,1739981405540953344
40646,1739981405540736567,1739981405541439766
40647,1739981405541134017,1739981405542202406
40648,1739981405541922881,1739981405542703803
40649,1739981405542564588,1739981405543033267
40650,1739981405542923850,1739981405543425611
40651,1739981405543216673,1739981405543921232
40652,1739981405543625600,1739981405545090778
40653,1739981405544095119,1739981405545649600
40654,1739981405545328267,1739981405546066894
40655,1739981405545871759,1739981405546583620
40656,1739981405546287938,1739981405546922730
40657,1739981405546760936,1739981405547720717
40658,1739981405547183343,1739981405548425831
40659,1739981405547921933,1739981405548784398
40660,1739981405548639555,1739981405549120396
40661,1739981405548979655,1739981405549467995
40662,1739981405549286892,1739981405549796977
40663,1739981405549647858,1739981405550135777
40664,1739981405550009965,1739981405550617658
40665,1739981405550374420,1739981405551419872
40666,1739981405550852145,1739981405552172226
40667,1739981405551668428,1739981405552562477
40668,1739981405552370166,1739981405552929397
40669,1739981405552785096,1739981405553305652
40670,1739981405553153421,1739981405553692757
40671,1739981405553513441,1739981405554451456
40672,1739981405553899820,1739981405555226740
40673,1739981405554724221,1739981405555647873
40674,1739981405555481772,1739981405556130210
40675,1739981405555874449,1739981405556498733
40676,1739981405556301868,1739981405556882113
40677,1739981405556692362,1739981405557739488
40678,1739981405557046122,1739981405558331589
40679,1739981405557995368,1739981405558629693
40680,1739981405558528082,1739981405559085890
40681,1739981405558752660,1739981405559379821
40682,1739981405559268507,1739981405559727616
40683,1739981405559553398,1739981405560093985
40684,1739981405559910203,1739981405560942466
40685,1739981405560267850,1739981405561460183
40686,1739981405561211313,1739981405562028017
40687,1739981405561697638,1739981405562453413
40688,1739981405562232728,1739981405562828783
40689,1739981405562663176,1739981405563170138
40690,1739981405563015439,1739981405563633712
40691,1739981405563365424,1739981405564667027
40692,1739981405563813273,1739981405565244801
40693,1739981405564958822,1739981405565734270
40694,1739981405565431393,1739981405566083649
40695,1739981405565930839,1739981405566439232
40696,1739981405566217793,1739981405567329140
40697,1739981405566616210,1739981405567836421
40698,1739981405567716461,1739981405568204381
40699,1739981405568028503,1739981405568604034
40700,1739981405568412258,1739981405568949172
40701,1739981405568804002,1739981405569271798
40702,1739981405569158023,1739981405570086537
40703,1739981405569468009,1739981405570756843
40704,1739981405570256992,1739981405571200449
40705,1739981405571032186,1739981405571590685
40706,1739981405571409629,1739981405571920279
40707,1739981405571776400,1739981405572271776
40708,1739981405572107056,1739981405573078365
40709,1739981405572462400,1739981405573780992
40710,1739981405573344064,1739981405574350341
40711,1739981405573988078,1739981405574707400
40712,1739981405574590809,1739981405575026187
40713,1739981405574881340,1739981405575437354
40714,1739981405575199076,1739981405576285070
40715,1739981405575631074,1739981405576936783
40716,1739981405576475355,1739981405577303962
40717,1739981405577194796,1739981405577662157
40718,1739981405577558513,1739981405577960715
40719,1739981405577867155,1739981405578353297
40720,1739981405578167867,1739981405578698599
40721,1739981405578579011,1739981405578986257
40722,1739981405578907928,1739981405579841803
40723,1739981405579112786,1739981405580689561
40724,1739981405580012760,1739981405581099450
40725,1739981405580916428,1739981405581521238
40726,1739981405581318257,1739981405581850424
40727,1739981405581737095,1739981405582171058
40728,1739981405582067348,1739981405582842886
40729,1739981405582364704,1739981405583620821
40730,1739981405583074765,1739981405584071322
40731,1739981405583913279,1739981405584518494
40732,1739981405584227811,1739981405584938732
40733,1739981405584751729,1739981405585296544
40734,1739981405585154112,1739981405586353974
40735,1739981405585494979,1739981405586877096
40736,1739981405586705908,1739981405587286691
40737,1739981405587122573,1739981405587656021
40738,1739981405587502953,1739981405587963572
40739,1739981405587876375,1739981405588487206
40740,1739981405588129484,1739981405589237266
40741,1739981405588743364,1739981405589747790
40742,1739981405589596147,1739981405590086336
40743,1739981405589926044,1739981405590582399
40744,1739981405590281957,1739981405590926689
40745,1739981405590774445,1739981405591661501
40746,1739981405591104264,1739981405592311756
40747,1739981405591848777,1739981405592788652
40748,1739981405592597404,1739981405593226243
40749,1739981405592987820,1739981405593552202
40750,1739981405593428263,1739981405593865360
40751,1739981405593762935,1739981405594259267
40752,1739981405594058095,1739981405595017922
40753,1739981405594462318,1739981405595643418
40754,1739981405595342547,1739981405596227651
40755,1739981405596014289,1739981405596686270
40756,1739981405596437438,1739981405597080622
40757,1739981405596883604,1739981405597398795
40758,1739981405597190044,1739981405598425839
40759,1739981405597584704,1739981405598921119
40760,1739981405598800182,1739981405599300461
40761,1739981405599134373,1739981405599714802
40762,1739981405599469629,1739981405600042880
40763,1739981405599923993,1739981405600367366
40764,1739981405600216926,1739981405601215682
40765,1739981405600565292,1739981405601767583
40766,1739981405601503217,1739981405602352403
40767,1739981405602093120,1739981405602736697
40768,1739981405602585348,1739981405603177395
40769,1739981405602954868,1739981405603510587
40770,1739981405603380340,1739981405603967482
40771,1739981405603719588,1739981405604773027
40772,1739981405604157397,1739981405605381110
40773,1739981405605136658,1739981405605882766
40774,1739981405605594350,1739981405606418041
40775,1739981405606082074,1739981405607384953
40776,1739981405606677976,1739981405608337958
40777,1739981405607718240,1739981405608758620
40778,1739981405608540899,1739981405609187315
40779,1739981405608954362,1739981405609677690
40780,1739981405609351345,1739981405610532376
40781,1739981405609855621,1739981405611034323
40782,1739981405610713173,1739981405611626561
40783,1739981405611387463,1739981405611959958
40784,1739981405611853794,1739981405612301200
40785,1739981405612087537,1739981405612721934
40786,1739981405612497593,1739981405613034121
40787,1739981405612914904,1739981405613746263
40788,1739981405613234752,1739981405614295597
40789,1739981405613921801,1739981405614956758
40790,1739981405614652683,1739981405615323802
40791,1739981405615170610,1739981405615789859
40792,1739981405615541589,1739981405616182234
40793,1739981405615999881,1739981405616736860
40794,1739981405616378736,1739981405617331541
40795,1739981405616959623,1739981405617816597
40796,1739981405617687593,1739981405618303459
40797,1739981405618029547,1739981405618757090
40798,1739981405618526624,1739981405619192729
40799,1739981405619015897,1739981405620013446
40800,1739981405619377278,1739981405620708202
40801,1739981405620301133,1739981405621166666
40802,1739981405620986610,1739981405621578643
40803,1739981405621364029,1739981405621983700
40804,1739981405621760846,1739981405622979170
40805,1739981405622177795,1739981405623424137
40806,1739981405623232457,1739981405623736837
40807,1739981405623674064,1739981405624175587
40808,1739981405623909540,1739981405624536891
40809,1739981405624430394,1739981405624925579
40810,1739981405624780656,1739981405625293054
40811,1739981405625136549,1739981405626237635
40812,1739981405625489234,1739981405626822577
40813,1739981405626427166,1739981405627286764
40814,1739981405627030306,1739981405627654342
40815,1739981405627506878,1739981405628064702
40816,1739981405627834611,1739981405628820014
40817,1739981405628218305,1739981405629520256
40818,1739981405629040066,1739981405629923896
40819,1739981405629746459,1739981405630411761
40820,1739981405630129263,1739981405630785548
40821,1739981405630590383,1739981405631186365
40822,1739981405630980115,1739981405632161188
40823,1739981405631386594,1739981405632840482
40824,1739981405632341245,1739981405633217396
40825,1739981405633056002,1739981405633565067
40826,1739981405633436560,1739981405633859686
40827,1739981405633765701,1739981405634319959
40828,1739981405634052067,1739981405634760381
40829,1739981405634523588,1739981405635095501
40830,1739981405634958066,1739981405635602543
40831,1739981405635285154,1739981405636114470
40832,1739981405635800032,1739981405636756758
40833,1739981405636469746,1739981405637111664
40834,1739981405637012395,1739981405637606470
40835,1739981405637359118,1739981405637964191
40836,1739981405637808140,1739981405638968355
40837,1739981405638181996,1739981405639514900
40838,1739981405639159247,1739981405639929426
40839,1739981405639760894,1739981405640317137
40840,1739981405640141893,1739981405640764393
40841,1739981405640536948,1739981405641968580
40842,1739981405640959309,1739981405642364945
40843,1739981405642201666,1739981405642744872
40844,1739981405642557280,1739981405643152737
40845,1739981405642927444,1739981405643862964
40846,1739981405643391695,1739981405644795094
40847,1739981405644098604,1739981405645264103
40848,1739981405645034991,1739981405645581894
40849,1739981405645444029,1739981405645864924
40850,1739981405645770242,1739981405646248436
40851,1739981405646053391,1739981405646554066
40852,1739981405646457742,1739981405647260232
40853,1739981405646729282,1739981405648085445
40854,1739981405647443423,1739981405648477390
40855,1739981405648302595,1739981405648916617
40856,1739981405648671861,1739981405649252963
40857,1739981405649101727,1739981405649655342
40858,1739981405649436002,1739981405650033067
40859,1739981405649897567,1739981405651011337
40860,1739981405650215197,1739981405651664604
40861,1739981405651195959,1739981405652101940
40862,1739981405651887793,1739981405652444961
40863,1739981405652296916,1739981405652825067
40864,1739981405652622366,1739981405653237833
40865,1739981405653000708,1739981405654290147
40866,1739981405653436400,1739981405654802045
40867,1739981405654480362,1739981405655264279
40868,1739981405655060326,1739981405655586408
40869,1739981405655518868,1739981405655906263
40870,1739981405655731657,1739981405656302056
40871,1739981405656108692,1739981405656595014
40872,1739981405656482311,1739981405657348865
40873,1739981405656763563,1739981405658065006
40874,1739981405657595546,1739981405658490136
40875,1739981405658253707,1739981405658898644
40876,1739981405658705292,1739981405659377437
40877,1739981405659092456,1739981405659777214
40878,1739981405659567119,1739981405660638876
40879,1739981405659947985,1739981405661543888
40880,1739981405660893753,1739981405661910268
40881,1739981405661844405,1739981405662275293
40882,1739981405662046140,1739981405662659134
40883,1739981405662482349,1739981405663085693
40884,1739981405662837240,1739981405664073077
40885,1739981405663260607,1739981405664788149
40886,1739981405664351201,1739981405665218423
40887,1739981405664998767,1739981405665609847
40888,1739981405665425034,1739981405666529070
40889,1739981405665782973,1739981405667409159
40890,1739981405666746842,1739981405667780183
40891,1739981405667606363,1739981405668219116
40892,1739981405668036140,1739981405668531976
40893,1739981405668399887,1739981405669396990
40894,1739981405668707014,1739981405670226083
40895,1739981405669640861,1739981405670604342
40896,1739981405670456792,1739981405670893202
40897,1739981405670804540,1739981405671328357
40898,1739981405671076935,1739981405671652628
40899,1739981405671566013,1739981405672313999
40900,1739981405671831928,1739981405673097708
40901,1739981405672624000,1739981405673549322
40902,1739981405673330625,1739981405673935450
40903,1739981405673758050,1739981405674428762
40904,1739981405674112630,1739981405674765271
40905,1739981405674619935,1739981405675144302
40906,1739981405674948943,1739981405676154693
40907,1739981405675314458,1739981405676666978
40908,1739981405676468158,1739981405677030737
40909,1739981405676889115,1739981405677477262
40910,1739981405677229745,1739981405678444998
40911,1739981405677676414,1739981405679150258
40912,1739981405678599326,1739981405679523800
40913,1739981405679354877,1739981405679884324
40914,1739981405679743205,1739981405680205458
40915,1739981405680142126,1739981405680671293
40916,1739981405680373635,1739981405680978180
40917,1739981405680886682,1739981405681700742
40918,1739981405681092493,1739981405682411559
40919,1739981405681874282,1739981405682880443
40920,1739981405682594493,1739981405683264095
40921,1739981405683109370,1739981405683720173
40922,1739981405683449074,1739981405684042272
40923,1739981405683905242,1739981405684435810
40924,1739981405684229022,1739981405685177777
40925,1739981405684619238,1739981405685957766
40926,1739981405685439610,1739981405686460349
40927,1739981405686203187,1739981405686879851
40928,1739981405686690963,1739981405687274435
40929,1739981405687035224,1739981405687641273
40930,1739981405687457714,1739981405688879661
40931,1739981405687872996,1739981405689401330
40932,1739981405689167140,1739981405689798796
40933,1739981405689597349,1739981405690219031
40934,1739981405690034887,1739981405690568304
40935,1739981405690401226,1739981405691154877
40936,1739981405690782864,1739981405692018000
40937,1739981405691421853,1739981405692376033
40938,1739981405692249017,1739981405692744609
40939,1739981405692621597,1739981405693172144
40940,1739981405692967529,1739981405693542805
40941,1739981405693408499,1739981405693949019
40942,1739981405693753927,1739981405695167973
40943,1739981405694152430,1739981405695907487
40944,1739981405695435492,1739981405696303597
40945,1739981405696151655,1739981405696653289
40946,1739981405696532863,1739981405697013360
40947,1739981405696836795,1739981405697308543
40948,1739981405697226794,1739981405697705191
40949,1739981405697477439,1739981405698820979
40950,1739981405697917570,1739981405699341461
40951,1739981405699091883,1739981405699818207
40952,1739981405699626714,1739981405700254981
40953,1739981405700072735,1739981405701229687
40954,1739981405700485148,1739981405701881916
40955,1739981405701499774,1739981405702454855
40956,1739981405702263458,1739981405702874345
40957,1739981405702667113,1739981405703202299
40958,1739981405703076061,1739981405703531544
40959,1739981405703404896,1739981405704470176
40960,1739981405703712654,1739981405705271149
40961,1739981405704761968,1739981405705649808
40962,1739981405705517951,1739981405706048379
40963,1739981405705887498,1739981405706590485
40964,1739981405706252523,1739981405706946339
40965,1739981405706852382,1739981405707860538
40966,1739981405707155829,1739981405708546813
40967,1739981405708087203,1739981405708916330
40968,1739981405708790048,1739981405709257421
40969,1739981405709057694,1739981405709580990
40970,1739981405709448248,1739981405710539673
40971,1739981405709770954,1739981405711176404
40972,1739981405710955953,1739981405711665540
40973,1739981405711400633,1739981405712085202
40974,1739981405711890355,1739981405712928601
40975,1739981405712314632,1739981405713868154
40976,1739981405713180159,1739981405714400872
40977,1739981405714071258,1739981405714784715
40978,1739981405714616857,1739981405715156688
40979,1739981405715008465,1739981405715855422
40980,1739981405715352805,1739981405716496109
40981,1739981405716076062,1739981405716927800
40982,1739981405716750220,1739981405717247044
40983,1739981405717158794,1739981405717594643
40984,1739981405717524640,1739981405718052564
40985,1739981405717765142,1739981405718716924
40986,1739981405718224628,1739981405719553211
40987,1739981405718981006,1739981405719920504
40988,1739981405719813297,1739981405720346263
40989,1739981405720125658,1739981405720751502
40990,1739981405720550818,1739981405721145187
40991,1739981405720951661,1739981405721478264
40992,1739981405721339258,1739981405722266076
40993,1739981405721661148,1739981405723127906
40994,1739981405722459077,1739981405723650697
40995,1739981405723441075,1739981405724041926
40996,1739981405723864938,1739981405724502528
40997,1739981405724200038,1739981405725007767
40998,1739981405724702399,1739981405725381501
40999,1739981405725235009,1739981405726241605
41000,1739981405725639606,1739981405726971013
41001,1739981405726505283,1739981405727360966
41002,1739981405727208889,1739981405727682398
41003,1739981405727578249,1739981405728093079
41004,1739981405727814060,1739981405728420677
41005,1739981405728312217,1739981405728728747
41006,1739981405728659975,1739981405729024761
41007,1739981405728852757,1739981405729926064
41008,1739981405729204948,1739981405730373979
41009,1739981405730238114,1739981405730754359
41010,1739981405730556991,1739981405731164772
41011,1739981405730967819,1739981405731525323
41012,1739981405731335809,1739981405732255837
41013,1739981405731711615,1739981405733038236
41014,1739981405732550973,1739981405733462387
41015,1739981405733232577,1739981405733896302
41016,1739981405733717813,1739981405734380036
41017,1739981405734085298,1739981405734775255
41018,1739981405734569903,1739981405735665619
41019,1739981405734955705,1739981405736252012
41020,1739981405735869292,1739981405736726043
41021,1739981405736540970,1739981405737155259
41022,1739981405736899954,1739981405737491303
41023,1739981405737372530,1739981405737789737
41024,1739981405737692786,1739981405738232732
41025,1739981405737978014,1739981405739059078
41026,1739981405738437739,1739981405739650983
41027,1739981405739299187,1739981405740093219
41028,1739981405739859003,1739981405740403331
41029,1739981405740286940,1739981405740797553
41030,1739981405740600806,1739981405741588382
41031,1739981405740986491,1739981405742343321
41032,1739981405741812992,1739981405742737915
41033,1739981405742638933,1739981405743126340
41034,1739981405742965374,1739981405743476986
41035,1739981405743377550,1739981405743803201
41036,1739981405743671018,1739981405744832855
41037,1739981405744026385,1739981405745551768
41038,1739981405745000055,1739981405745940891
41039,1739981405745829511,1739981405746429724
41040,1739981405746135231,1739981405746912742
41041,1739981405746770252,1739981405747298938
41042,1739981405747147844,1739981405748173420
41043,1739981405747520474,1739981405748614548
41044,1739981405748508285,1739981405749102959
41045,1739981405748926226,1739981405749502462
41046,1739981405749305106,1739981405749865605
41047,1739981405749720228,1739981405750241666
41048,1739981405750102773,1739981405750584125
41049,1739981405750473797,1739981405751512813
41050,1739981405750795158,1739981405752053631
41051,1739981405751853567,1739981405752472874
41052,1739981405752201240,1739981405752933856
41053,1739981405752684277,1739981405753687000
41054,1739981405753150430,1739981405754414582
41055,1739981405753897225,1739981405754822843
41056,1739981405754697318,1739981405755255656
41057,1739981405755039922,1739981405755612019
41058,1739981405755456599,1739981405756035384
41059,1739981405755862592,1739981405757212840
41060,1739981405756420757,1739981405757670010
41061,1739981405757476797,1739981405758073130
41062,1739981405757860916,1739981405758438131
41063,1739981405758230509,1739981405758779259
41064,1739981405758640559,1739981405759599683
41065,1739981405758958155,1739981405760369770
41066,1739981405759818203,1739981405760730849
41067,1739981405760556843,1739981405761042537
41068,1739981405760936607,1739981405761488022
41069,1739981405761212873,1739981405761831746
41070,1739981405761681173,1739981405762253032
41071,1739981405762006489,1739981405763122793
41072,1739981405762440473,1739981405763811568
41073,1739981405763350683,1739981405764299515
41074,1739981405764029074,1739981405764672752
41075,1739981405764543390,1739981405764989817
41076,1739981405764872694,1739981405765910504
41077,1739981405765198895,1739981405766638480
41078,1739981405766110513,1739981405767025689
41079,1739981405766870980,1739981405767443162
41080,1739981405767250477,1739981405767778366
41081,1739981405767642556,1739981405768529373
41082,1739981405767979879,1739981405769330437
41083,1739981405768828764,1739981405769670468
41084,1739981405769579122,1739981405769996148
41085,1739981405769783027,1739981405770382514
41086,1739981405770185150,1739981405770727888
41087,1739981405770581359,1739981405771103408
41088,1739981405770961758,1739981405772101540
41089,1739981405771329647,1739981405772693224
41090,1739981405772460927,1739981405773111582
41091,1739981405772896806,1739981405773552163
41092,1739981405773359745,1739981405774460878
41093,1739981405773788956,1739981405775364974
41094,1739981405774827768,1739981405775826487
41095,1739981405775612726,1739981405776211017
41096,1739981405776010349,1739981405776625624
41097,1739981405776457514,1739981405777770137
41098,1739981405776830178,1739981405778220832
41099,1739981405778082337,1739981405778637032
41100,1739981405778441776,1739981405779131890
41101,1739981405778872497,1739981405779903292
41102,1739981405779332673,1739981405780731842
41103,1739981405780150973,1739981405781219749
41104,1739981405780988867,1739981405781563807
41105,1739981405781440011,1739981405781909202
41106,1739981405781778665,1739981405782363430
41107,1739981405782105088,1739981405782709390
41108,1739981405782581290,1739981405783570062
41109,1739981405782922102,1739981405784365231
41110,1739981405783816918,1739981405784851192
41111,1739981405784607707,1739981405785218076
41112,1739981405785072699,1739981405785782733
41113,1739981405785444401,1739981405786232406
41114,1739981405785989207,1739981405786982334
41115,1739981405786438867,1739981405787657039
41116,1739981405787324531,1739981405788191408
41117,1739981405788012800,1739981405788709157
41118,1739981405788412804,1739981405789168892
41119,1739981405788896562,1739981405789482578
41120,1739981405789349968,1739981405790356062
41121,1739981405789653805,1739981405790995506
41122,1739981405790719775,1739981405791366505
41123,1739981405791253221,1739981405791803246
41124,1739981405791555993,1739981405792760697
41125,1739981405792004122,1739981405793490866
41126,1739981405793018876,1739981405793866459
41127,1739981405793786970,1739981405794484708
41128,1739981405794022599,1739981405794834692
41129,1739981405794703462,1739981405795159086
41130,1739981405795054831,1739981405795652449
41131,1739981405795386735,1739981405796345787
41132,1739981405795863890,1739981405797201287
41133,1739981405796678802,1739981405797702420
41134,1739981405797516217,1739981405798177529
41135,1739981405797891850,1739981405798543267
41136,1739981405798358547,1739981405799230970
41137,1739981405798728718,1739981405800010774
41138,1739981405799488138,1739981405800398574
41139,1739981405800259889,1739981405800886480
41140,1739981405800625647,1739981405801336901
41141,1739981405801114152,1739981405801716903
41142,1739981405801563892,1739981405802604786
41143,1739981405802002302,1739981405803287011
41144,1739981405802935333,1739981405803668486
41145,1739981405803508969,1739981405804105740
41146,1739981405803850156,1739981405804535780
41147,1739981405804365100,1739981405804873660
41148,1739981405804716536,1739981405805703445
41149,1739981405805069099,1739981405806405968
41150,1739981405805887998,1739981405806722697
41151,1739981405806622902,1739981405807082932
41152,1739981405806839630,1739981405807592179
41153,1739981405807262054,1739981405807929038
41154,1739981405807807642,1739981405808335031
41155,1739981405808096666,1739981405809180562
41156,1739981405808580492,1739981405810060190
41157,1739981405809455659,1739981405810486997
41158,1739981405810253331,1739981405810881958
41159,1739981405810680578,1739981405811310604
41160,1739981405811145273,1739981405811685996
41161,1739981405811567760,1739981405812184001
41162,1739981405811955300,1739981405813019998
41163,1739981405812398581,1739981405813658981
41164,1739981405813240947,1739981405814142350
41165,1739981405813915748,1739981405814582557
41166,1739981405814363447,1739981405814983304
41167,1739981405814785710,1739981405815357822
41168,1739981405815195896,1739981405815710241
41169,1739981405815570671,1739981405816357410
41170,1739981405815887429,1739981405817093193
41171,1739981405816543456,1739981405817441055
41172,1739981405817326247,1739981405817750195
41173,1739981405817627476,1739981405818102937
41174,1739981405817954140,1739981405818497384
41175,1739981405818274488,1739981405818821555
41176,1739981405818680850,1739981405819641641
41177,1739981405819017453,1739981405820309245
41178,1739981405819855741,1739981405820788904
41179,1739981405820553477,1739981405821232894
41180,1739981405821039413,1739981405821663441
41181,1739981405821474095,1739981405822038397
41182,1739981405821906245,1739981405822851304
41183,1739981405822241964,1739981405823606408
41184,1739981405823059924,1739981405824156232
41185,1739981405823817346,1739981405824558700
41186,1739981405824356888,1739981405824985025
41187,1739981405824744942,1739981405825452726
41188,1739981405825192965,1739981405826216473
41189,1739981405825642744,1739981405827255638
41190,1739981405826592119,1739981405827703558
41191,1739981405827460469,1739981405828033858
41192,1739981405827897541,1739981405828314876
41193,1739981405828217617,1739981405828681107
41194,1739981405828498968,1739981405829403610
41195,1739981405828863910,1739981405829852535
41196,1739981405829604722,1739981405830430078
41197,1739981405830238711,1739981405830769585
41198,1739981405830662319,1739981405831179991
41199,1739981405830975423,1739981405831537447
41200,1739981405831390273,1739981405832278554
41201,1739981405831731275,1739981405833086898
41202,1739981405832630024,1739981405833457422
41203,1739981405833322466,1739981405833894397
41204,1739981405833667199,1739981405834439933
41205,1739981405834126136,1739981405834765555
41206,1739981405834627997,1739981405835189739
41207,1739981405834959004,1739981405836136563
41208,1739981405835391045,1739981405836785889
41209,1739981405836322763,1739981405837173007
41210,1739981405837025027,1739981405837566087
41211,1739981405837409513,1739981405837896223
41212,1739981405837793760,1739981405838307768
41213,1739981405838120900,1739981405838605048
41214,1739981405838507593,1739981405838952173
41215,1739981405838809587,1739981405839722843
41216,1739981405839125724,1739981405840331092
41217,1739981405840096004,1739981405840687866
41218,1739981405840562508,1739981405841146967
41219,1739981405840870869,1739981405841613489
41220,1739981405841358329,1739981405842415687
41221,1739981405841802494,1739981405843130946
41222,1739981405842666240,1739981405843542433
41223,1739981405843359316,1739981405843986075
41224,1739981405843759698,1739981405844413410
41225,1739981405844175935,1739981405844776285
41226,1739981405844619786,1739981405845632703
41227,1739981405844986535,1739981405846343567
41228,1739981405845822431,1739981405846766518
41229,1739981405846613444,1739981405847200852
41230,1739981405846985205,1739981405847516498
41231,1739981405847399355,1739981405847831582
41232,1739981405847721883,1739981405848289641
41233,1739981405848054023,1739981405848981412
41234,1739981405848453460,1739981405849672836
41235,1739981405849175050,1739981405850026413
41236,1739981405849915604,1739981405850488109
41237,1739981405850209762,1739981405850829909
41238,1739981405850658834,1739981405851274463
41239,1739981405850998480,1739981405852027861
41240,1739981405851456082,1739981405852815785
41241,1739981405852279065,1739981405853195623
41242,1739981405853089323,1739981405853568139
41243,1739981405853388532,1739981405854053709
41244,1739981405853769157,1739981405854474955
41245,1739981405854221522,1739981405854866017
41246,1739981405854669318,1739981405855706595
41247,1739981405855039825,1739981405856446617
41248,1739981405855915603,1739981405856800909
41249,1739981405856644302,1739981405857141059
41250,1739981405856971011,1739981405857463478
41251,1739981405857329730,1739981405858082645
41252,1739981405857649033,1739981405858949730
41253,1739981405858361480,1739981405859319587
41254,1739981405859207398,1739981405859637543
41255,1739981405859434508,1739981405860059203
41256,1739981405859835459,1739981405860352646
41257,1739981405860218709,1739981405861084693
41258,1739981405860531680,1739981405861723601
41259,1739981405861279804,1739981405862194112
41260,1739981405862068906,1739981405862581758
41261,1739981405862411568,1739981405862958109
41262,1739981405862783351,1739981405863336125
41263,1739981405863186038,1739981405864503977
41264,1739981405863530826,1739981405865035061
41265,1739981405864670795,1739981405865527904
41266,1739981405865231209,1739981405866055764
41267,1739981405865804776,1739981405866496978
41268,1739981405866293002,1739981405866867451
41269,1739981405866711852,1739981405867709654
41270,1739981405867045601,1739981405868354196
41271,1739981405867974883,1739981405868700611
41272,1739981405868592539,1739981405869084117
41273,1739981405868878721,1739981405869417741
41274,1739981405869260943,1739981405869748529
41275,1739981405869612680,1739981405870251769
41276,1739981405869937732,1739981405870974793
41277,1739981405870446815,1739981405871775713
41278,1739981405871088686,1739981405872199494
41279,1739981405871961684,1739981405872692856
41280,1739981405872380367,1739981405873037344
41281,1739981405872862561,1739981405873399863
41282,1739981405873198340,1739981405874129095
41283,1739981405873610186,1739981405874956896
41284,1739981405874531507,1739981405875341665
41285,1739981405875224650,1739981405875753647
41286,1739981405875593403,1739981405876223695
41287,1739981405875994314,1739981405877100198
41288,1739981405876427843,1739981405877775108
41289,1739981405877381137,1739981405878208658
41290,1739981405877997905,1739981405878534587
41291,1739981405878413989,1739981405878840266
41292,1739981405878716711,1739981405879820449
41293,1739981405879184468,1739981405880533709
41294,1739981405880106275,1739981405880876593
41295,1739981405880771221,1739981405881168155
41296,1739981405881060720,1739981405881612370
41297,1739981405881404023,1739981405881949499
41298,1739981405881797018,1739981405882640160
41299,1739981405882198965,1739981405883522478
41300,1739981405882837726,1739981405883966556
41301,1739981405883757705,1739981405884493568
41302,1739981405884203347,1739981405884864041
41303,1739981405884734938,1739981405885246098
41304,1739981405885083610,1739981405886181406
41305,1739981405885467312,1739981405886963719
41306,1739981405886454788,1739981405887454483
41307,1739981405887208258,1739981405887983481
41308,1739981405887685965,1739981405888382658
41309,1739981405888175548,1739981405889171553
41310,1739981405888592005,1739981405890049676
41311,1739981405889431462,1739981405890432365
41312,1739981405890297786,1739981405890843597
41313,1739981405890682461,1739981405891224451
41314,1739981405891059212,1739981405891519546
41315,1739981405891444091,1739981405892149770
41316,1739981405891670294,1739981405892934279
41317,1739981405892557957,1739981405893278457
41318,1739981405893168333,1739981405893609661
41319,1739981405893493021,1739981405894057238
41320,1739981405893789434,1739981405894489919
41321,1739981405894241062,1739981405894950736
41322,1739981405894692997,1739981405895678486
41323,1739981405895171040,1739981405896447632
41324,1739981405895873108,1739981405896874095
41325,1739981405896725469,1739981405897241469
41326,1739981405897234729,1739981405897714682
41327,1739981405897584762,1739981405898093773
41328,1739981405897917512,1739981405899010575
41329,1739981405898338897,1739981405899790293
41330,1739981405899283312,1739981405900174876
41331,1739981405900034085,1739981405900684176
41332,1739981405900446126,1739981405901024140
41333,1739981405900884933,1739981405901839152
41334,1739981405901221858,1739981405902783542
41335,1739981405902129326,1739981405903129882
41336,1739981405903048878,1739981405903447330
41337,1739981405903320394,1739981405903871309
41338,1739981405903671311,1739981405904293430
41339,1739981405904111817,1739981405904646990
41340,1739981405904482566,1739981405905022640
41341,1739981405904829169,1739981405905926847
41342,1739981405905225566,1739981405906533067
41343,1739981405906315636,1739981405906924744
41344,1739981405906829041,1739981405907388725
41345,1739981405907148621,1739981405907798380
41346,1739981405907594305,1739981405908760808
41347,1739981405907982874,1739981405909498737
41348,1739981405908916681,1739981405909974842
41349,1739981405909664367,1739981405910475359
41350,1739981405910211039,1739981405910864646
41351,1739981405910668958,1739981405911227200
41352,1739981405911051137,1739981405912103959
41353,1739981405911423436,1739981405912651431
41354,1739981405912458107,1739981405913095095
41355,1739981405912873065,1739981405913496728
41356,1739981405913295691,1739981405913822550
41357,1739981405913707884,1739981405914754989
41358,1739981405914015239,1739981405915466391
41359,1739981405914999683,1739981405915841624
41360,1739981405915754965,1739981405916201103
41361,1739981405916063175,1739981405916577427
41362,1739981405916449339,1739981405916994531
41363,1739981405916817244,1739981405917369673
41364,1739981405917206407,1739981405918634941
41365,1739981405917581409,1739981405919087377
41366,1739981405918889422,1739981405919473700
41367,1739981405919313175,1739981405919843085
41368,1739981405919666581,1739981405920328708
41369,1739981405920055572,1739981405921208203
41370,1739981405920572008,1739981405921957145
41371,1739981405921427625,1739981405922341932
41372,1739981405922200637,1739981405922806737
41373,1739981405922555509,1739981405923207039
41374,1739981405923008416,1739981405923568955
41375,1739981405923415128,1739981405924581027
41376,1739981405923745247,1739981405924992218
41377,1739981405924797740,1739981405925428371
41378,1739981405925292774,1739981405925842849
41379,1739981405925629642,1739981405926213070
41380,1739981405926075529,1739981405926605808
41381,1739981405926472750,1739981405927160200
41382,1739981405926822963,1739981405928100166
41383,1739981405927357656,1739981405928829101
41384,1739981405928298905,1739981405929244804
41385,1739981405929060350,1739981405929708908
41386,1739981405929503359,1739981405930225352
41387,1739981405929935651,1739981405930582863
41388,1739981405930421530,1739981405931400266
41389,1739981405930777766,1739981405932095255
41390,1739981405931618024,1739981405932608851
41391,1739981405932349458,1739981405932965662
41392,1739981405932808755,1739981405933724359
41393,1739981405933154928,1739981405934739689
41394,1739981405933998388,1739981405935220554
41395,1739981405934996832,1739981405935619559
41396,1739981405935455535,1739981405935986241
41397,1739981405935845278,1739981405936264365
41398,1739981405936169871,1739981405936931455
41399,1739981405936466775,1739981405937799854
41400,1739981405937217793,1739981405938132459
41401,1739981405938075119,1739981405938458429
41402,1739981405938326649,1739981405938907023
41403,1739981405938678206,1739981405939216584
41404,1739981405939114726,1739981405939608784
41405,1739981405939433255,1739981405940555437
41406,1739981405939792028,1739981405941121918
41407,1739981405940897208,1739981405941496814
41408,1739981405941321326,1739981405941910671
41409,1739981405941683588,1739981405942715358
41410,1739981405942144034,1739981405943444982
41411,1739981405942980395,1739981405943800826
41412,1739981405943711267,1739981405944318839
41413,1739981405943957260,1739981405944715465
41414,1739981405944501166,1739981405945167179
41415,1739981405944916015,1739981405946035833
41416,1739981405945346517,1739981405946617182
41417,1739981405946219296,1739981405947121797
41418,1739981405946871932,1739981405947517280
41419,1739981405947334263,1739981405948280267
41420,1739981405947737581,1739981405948885493
41421,1739981405948497247,1739981405949559090
41422,1739981405949298826,1739981405949910622
41423,1739981405949775759,1739981405950323959
41424,1739981405950094037,1739981405950694862
41425,1739981405950523659,1739981405951006820
41426,1739981405950898358,1739981405951481941
41427,1739981405951192439,1739981405952184985
41428,1739981405951657318,1739981405953128325
41429,1739981405952517146,1739981405953484736
41430,1739981405953365845,1739981405953808697
41431,1739981405953664199,1739981405954125342
41432,1739981405953990202,1739981405954472794
41433,1739981405954342508,1739981405954868467
41434,1739981405954675444,1739981405955740769
41435,1739981405955085109,1739981405956498697
41436,1739981405955998794,1739981405956923055
41437,1739981405956721286,1739981405957333671
41438,1739981405957091619,1739981405957776288
41439,1739981405957525291,1739981405958153627
41440,1739981405957962297,1739981405959021843
41441,1739981405958330764,1739981405959771529
41442,1739981405959229999,1739981405960127015
41443,1739981405959959554,1739981405960449162
41444,1739981405960295467,1739981405960884176
41445,1739981405960642356,1739981405961212984
41446,1739981405961101761,1739981405961554504
41447,1739981405961417291,1739981405962557433
41448,1739981405961758089,1739981405963024844
41449,1739981405962801351,1739981405963502029
41450,1739981405963319949,1739981405963943477
41451,1739981405963715390,1739981405964479655
41452,1739981405964123027,1739981405964883827
41453,1739981405964684309,1739981405965279328
41454,1739981405965076086,1739981405965966944
41455,1739981405965461280,1739981405966561571
41456,1739981405966254853,1739981405967235971
41457,1739981405966893884,1739981405967621455
41458,1739981405967449934,1739981405967937220
41459,1739981405967820091,1739981405968416135
41460,1739981405968113758,1739981405969264806
41461,1739981405968591098,1739981405969722125
41462,1739981405969437870,1739981405970235442
41463,1739981405970029637,1739981405970578734
41464,1739981405970424518,1739981405970904978
41465,1739981405970769650,1739981405971346527
41466,1739981405971099654,1739981405971700183
41467,1739981405971527575,1739981405972514297
41468,1739981405971865704,1739981405973211749
41469,1739981405972827092,1739981405973690395
41470,1739981405973407437,1739981405974049046
41471,1739981405973886139,1739981405974511756
41472,1739981405974197617,1739981405974846309
41473,1739981405974682123,1739981405975268784
41474,1739981405975050747,1739981405975998337
41475,1739981405975439911,1739981405976718827
41476,1739981405976156180,1739981405977100333
41477,1739981405976939535,1739981405977582363
41478,1739981405977306839,1739981405978033757
41479,1739981405977767255,1739981405978600617
41480,1739981405978212899,1739981405979379721
41481,1739981405978905440,1739981405980018265
41482,1739981405979742254,1739981405980379171
41483,1739981405980237161,1739981405980763255
41484,1739981405980590774,1739981405981421952
41485,1739981405980959955,1739981405982020781
41486,1739981405981664173,1739981405982500783
41487,1739981405982347282,1739981405982905046
41488,1739981405982709179,1739981405983278488
41489,1739981405983100527,1739981405983616604
41490,1739981405983456044,1739981405984099060
41491,1739981405983791668,1739981405984500805
41492,1739981405984254295,1739981405985324784
41493,1739981405984700373,1739981405986040080
41494,1739981405985563428,1739981405986498256
41495,1739981405986284377,1739981405986959454
41496,1739981405986714570,1739981405987455679
41497,1739981405987172916,1739981405987828503
41498,1739981405987677459,1739981405988401184
41499,1739981405988030665,1739981405989042711
41500,1739981405988688189,1739981405989682501
41501,1739981405989479586,1739981405990216532
41502,1739981405989900867,1739981405990557618
41503,1739981405990409066,1739981405991440419
41504,1739981405990796342,1739981405992275726
41505,1739981405991662173,1739981405992681160
41506,1739981405992521516,1739981405993019093
41507,1739981405992896221,1739981405993417220
41508,1739981405993176006,1739981405993822195
41509,1739981405993638803,1739981405994420900
41510,1739981405994018912,1739981405995158467
41511,1739981405994733898,1739981405995608166
41512,1739981405995337861,1739981405995952512
41513,1739981405995806288,1739981405996308629
41514,1739981405996148641,1739981405996805823
41515,1739981405996508092,1739981405997664125
41516,1739981405997012319,1739981405998273492
41517,1739981405997809615,1739981405998611037
41518,1739981405998506330,1739981405998963911
41519,1739981405998810504,1739981405999361578
41520,1739981405999137727,1739981406000091719
41521,1739981405999561619,1739981406000793471
41522,1739981406000382171,1739981406001165143
41523,1739981406001011814,1739981406001509585
41524,1739981406001353964,1739981406001964214
41525,1739981406001712996,1739981406002295222
41526,1739981406002159746,1739981406003181287
41527,1739981406002504309,1739981406003739184
41528,1739981406003580794,1739981406004064983
41529,1739981406003999459,1739981406004451272
41530,1739981406004222601,1739981406004865119
41531,1739981406004659546,1739981406005216614
41532,1739981406005072561,1739981406005986353
41533,1739981406005410468,1739981406006820059
41534,1739981406006237082,1739981406007307596
41535,1739981406007015214,1739981406007647578
41536,1739981406007503667,1739981406008030925
41537,1739981406007870257,1739981406008353328
41538,1739981406008206715,1739981406009077844
41539,1739981406008549471,1739981406009934947
41540,1739981406009404015,1739981406010460491
41541,1739981406010155243,1739981406010873399
41542,1739981406010650364,1739981406011213724
41543,1739981406011065337,1739981406011793575
41544,1739981406011408078,1739981406012724359
41545,1739981406012004412,1739981406013161627
41546,1739981406012954251,1739981406013579338
41547,1739981406013383510,1739981406014002757
41548,1739981406013789072,1739981406014429987
41549,1739981406014326840,1739981406014760741
41550,1739981406014639095,1739981406016247311
41551,1739981406014943561,1739981406017297075
41552,1739981406016775882,1739981406018272315
41553,1739981406017705252,1739981406021749291
41554,1739981406018655394,1739981406022481980
41555,1739981406022282051,1739981406022929139
41556,1739981406022741857,1739981406023417839
41557,1739981406023167096,1739981406023781956
41558,1739981406023634125,1739981406024342097
41559,1739981406024008132,1739981406024890235
41560,1739981406024603435,1739981406025954074
41561,1739981406025107466,1739981406026621440
41562,1739981406026319519,1739981406027058228
41563,1739981406026908942,1739981406027474227
41564,1739981406027207384,1739981406028319941
41565,1739981406027789845,1739981406029057342
41566,1739981406028709967,1739981406029511346
41567,1739981406029230580,1739981406029904633
41568,1739981406029750463,1739981406030745039
41569,1739981406030112283,1739981406031352372
41570,1739981406031042424,1739981406031764738
41571,1739981406031583882,1739981406032188663
41572,1739981406031963744,1739981406033057004
41573,1739981406032379999,1739981406033668009
41574,1739981406033239751,1739981406034009038
41575,1739981406033878021,1739981406034518209
41576,1739981406034287072,1739981406034849402
41577,1739981406034741156,1739981406035171997
41578,1739981406035069364,1739981406035456720
41579,1739981406035374997,1739981406036363977
41580,1739981406035705929,1739981406037033472
41581,1739981406036648599,1739981406037451626
41582,1739981406037270858,1739981406037845063
41583,1739981406037655464,1739981406038278355
41584,1739981406038047900,1739981406038641826
41585,1739981406038465816,1739981406039325051
41586,1739981406038815355,1739981406040037484
41587,1739981406039487126,1739981406040521191
41588,1739981406040240493,1739981406040913573
41589,1739981406040713600,1739981406041291582
41590,1739981406041091335,1739981406041769167
41591,1739981406041490511,1739981406042708849
41592,1739981406041950243,1739981406043233935
41593,1739981406043090272,1739981406043646907
41594,1739981406043430063,1739981406043980391
41595,1739981406043840426,1739981406044422940
41596,1739981406044164093,1739981406044850422
41597,1739981406044653780,1739981406045209092
41598,1739981406045063827,1739981406046048045
41599,1739981406045379668,1739981406046562541
41600,1739981406046437918,1739981406047069368
41601,1739981406046817329,1739981406047472290
41602,1739981406047324164,1739981406047897819
41603,1739981406047687890,1739981406048784649
41604,1739981406048128530,1739981406049414009
41605,1739981406049158437,1739981406049790701
41606,1739981406049646990,1739981406050173249
41607,1739981406049989431,1739981406050528618
41608,1739981406050399823,1739981406051316417
41609,1739981406050723635,1739981406051986108
41610,1739981406051576930,1739981406052443668
41611,1739981406052224441,1739981406052919361
41612,1739981406052653547,1739981406053252336
41613,1739981406053097745,1739981406054002328
41614,1739981406053428127,1739981406054767756
41615,1739981406054346156,1739981406055225389
41616,1739981406055101079,1739981406055554272
41617,1739981406055432304,1739981406055990079
41618,1739981406055736566,1739981406056328075
41619,1739981406056288048,1739981406056848152
41620,1739981406056688275,1739981406057496947
41621,1739981406057075586,1739981406058368135
41622,1739981406057751512,1739981406058751051
41623,1739981406058579090,1739981406059128913
41624,1739981406058937017,1739981406059525488
41625,1739981406059327135,1739981406059942316
41626,1739981406059758144,1739981406060659615
41627,1739981406060179670,1739981406061417570
41628,1739981406060921657,1739981406061834795
41629,1739981406061666676,1739981406062328549
41630,1739981406062053550,1739981406062758362
41631,1739981406062557606,1739981406063174920
41632,1739981406062958123,1739981406064017673
41633,1739981406063447409,1739981406064734993
41634,1739981406064262197,1739981406065208191
41635,1739981406064964896,1739981406065561818
41636,1739981406065404190,1739981406065894757
41637,1739981406065755147,1739981406066810473
41638,1739981406066087436,1739981406067518727
41639,1739981406067027765,1739981406067877570
41640,1739981406067723162,1739981406068271248
41641,1739981406068065225,1739981406068644020
41642,1739981406068454853,1739981406068964551
41643,1739981406068829217,1739981406069386319
41644,1739981406069146879,1739981406069702007
41645,1739981406069580429,1739981406070566439
41646,1739981406069875385,1739981406071062657
41647,1739981406070782297,1739981406071641837
41648,1739981406071335161,1739981406072035229
41649,1739981406071856234,1739981406072491826
41650,1739981406072208545,1739981406072884924
41651,1739981406072668615,1739981406073606426
41652,1739981406073065960,1739981406074332748
41653,1739981406073871034,1739981406074809368
41654,1739981406074601740,1739981406075260256
41655,1739981406075047686,1739981406075632223
41656,1739981406075464932,1739981406076392402
41657,1739981406075833455,1739981406077312807
41658,1739981406076689266,1739981406077736826
41659,1739981406077561810,1739981406078143463
41660,1739981406077921302,1739981406078551681
41661,1739981406078398600,1739981406079072529
41662,1739981406078744852,1739981406079721484
41663,1739981406079313764,1739981406080348562
41664,1739981406080080558,1739981406080702759
41665,1739981406080549220,1739981406081051940
41666,1739981406080912296,1739981406081395865
41667,1739981406081225049,1739981406081875462
41668,1739981406081565521,1739981406082734265
41669,1739981406082099460,1739981406083486461
41670,1739981406082962357,1739981406083889798
41671,1739981406083691826,1739981406084441054
41672,1739981406084091710,1739981406084947244
41673,1739981406084651049,1739981406085302230
41674,1739981406085132228,1739981406086177325
41675,1739981406085496952,1739981406086676296
41676,1739981406086403428,1739981406087401854
41677,1739981406087106675,1739981406087894587
41678,1739981406087651593,1739981406088335160
41679,1739981406088082984,1739981406088688589
41680,1739981406088537877,1739981406089365869
41681,1739981406089033867,1739981406090262437
41682,1739981406089546834,1739981406090727404
41683,1739981406090526713,1739981406091147873
41684,1739981406090941800,1739981406091503659
41685,1739981406091369321,1739981406091808856
41686,1739981406091700949,1739981406092443243
41687,1739981406092011881,1739981406093269957
41688,1739981406092664807,1739981406093629647
41689,1739981406093474846,1739981406094021618
41690,1739981406093852672,1739981406094528116
41691,1739981406094200352,1739981406094891794
41692,1739981406094708675,1739981406095255852
41693,1739981406095065879,1739981406096102141
41694,1739981406095453940,1739981406096648654
41695,1739981406096302081,1739981406097100844
41696,1739981406096968127,1739981406097478710
41697,1739981406097319355,1739981406097962726
41698,1739981406097672643,1739981406098397549
41699,1739981406098192729,1739981406098775458
41700,1739981406098593342,1739981406099564007
41701,1739981406099050322,1739981406100155704
41702,1739981406099945451,1739981406100607014
41703,1739981406100400223,1739981406100976436
41704,1739981406100810634,1739981406101695532
41705,1739981406101156973,1739981406102419862
41706,1739981406102005874,1739981406102790532
41707,1739981406102624335,1739981406103192671
41708,1739981406103032261,1739981406103583593
41709,1739981406103387898,1739981406103901873
41710,1739981406103803869,1739981406104443489
41711,1739981406104074617,1739981406104738805
41712,1739981406104626170,1739981406105525041
41713,1739981406104919423,1739981406106341258
41714,1739981406105807561,1739981406106724028
41715,1739981406106544827,1739981406107068707
41716,1739981406106931415,1739981406107377249
41717,1739981406107258715,1739981406108048932
41718,1739981406107600645,1739981406108912760
41719,1739981406108238936,1739981406109305126
41720,1739981406109140045,1739981406109646713
41721,1739981406109519145,1739981406110130423
41722,1739981406109829373,1739981406110486471
41723,1739981406110324330,1739981406111326425
41724,1739981406110711355,1739981406111815699
41725,1739981406111529884,1739981406112352449
41726,1739981406112225024,1739981406112675939
41727,1739981406112589266,1739981406113090997
41728,1739981406112877719,1739981406113422927
41729,1739981406113308342,1739981406113748561
41730,1739981406113650681,1739981406114076724
41731,1739981406113958915,1739981406115133217
41732,1739981406114233243,1739981406115853497
41733,1739981406115318676,1739981406116331305
41734,1739981406116052309,1739981406116816468
41735,1739981406116593007,1739981406117144937
41736,1739981406117043779,1739981406117527631
41737,1739981406117325179,1739981406117841477
41738,1739981406117714988,1739981406118834481
41739,1739981406118028509,1739981406119471568
41740,1739981406119158077,1739981406119850965
41741,1739981406119650781,1739981406120230005
41742,1739981406120056476,1739981406121317879
41743,1739981406120417843,1739981406121865236
41744,1739981406121736779,1739981406122201994
41745,1739981406122052655,1739981406122572741
41746,1739981406122420516,1739981406122906429
41747,1739981406122752697,1739981406123462102
41748,1739981406123091939,1739981406124390631
41749,1739981406123680589,1739981406124794227
41750,1739981406124605032,1739981406125157988
41751,1739981406125010974,1739981406125529268
41752,1739981406125367301,1739981406126018657
41753,1739981406125728272,1739981406126325747
41754,1739981406126190034,1739981406127519831
41755,1739981406126505691,1739981406128058518
41756,1739981406127774885,1739981406128408727
41757,1739981406128199315,1739981406128787950
41758,1739981406128626171,1739981406129139357
41759,1739981406128989443,1739981406130077537
41760,1739981406129363767,1739981406130735048
41761,1739981406130334885,1739981406131335630
41762,1739981406130967684,1739981406131815172
41763,1739981406131526675,1739981406132223802
41764,1739981406131997325,1739981406132832044
41765,1739981406132395897,1739981406133705202
41766,1739981406133010046,1739981406134137991
41767,1739981406133903595,1739981406134601721
41768,1739981406134369333,1739981406134997887
41769,1739981406134809094,1739981406135312304
41770,1739981406135201703,1739981406136074958
41771,1739981406135518235,1739981406136866393
41772,1739981406136359566,1739981406137223927
41773,1739981406137097275,1739981406137570869
41774,1739981406137475775,1739981406138019331
41775,1739981406137683164,1739981406138360916
41776,1739981406138220680,1739981406139067695
41777,1739981406138591194,1739981406139750265
41778,1739981406139273786,1739981406140240610
41779,1739981406139965242,1739981406140631885
41780,1739981406140426501,1739981406141064869
41781,1739981406140808249,1739981406141536924
41782,1739981406141205317,1739981406142706630
41783,1739981406141822019,1739981406143148104
41784,1739981406143026815,1739981406143527320
41785,1739981406143379636,1739981406143897020
41786,1739981406143732196,1739981406144536078
41787,1739981406144101972,1739981406145069426
41788,1739981406144731017,1739981406146105749
41789,1739981406145286305,1739981406146582042
41790,1739981406146328611,1739981406146961892
41791,1739981406146815129,1739981406147364362
41792,1739981406147183414,1739981406148270707
41793,1739981406147560972,1739981406148985818
41794,1739981406148485432,1739981406149323442
41795,1739981406149166725,1739981406149756261
41796,1739981406149513477,1739981406150102204
41797,1739981406149930983,1739981406150431103
41798,1739981406150274357,1739981406150860938
41799,1739981406150604489,1739981406151436660
41800,1739981406151045268,1739981406152228697
41801,1739981406151704549,1739981406152594274
41802,1739981406152461322,1739981406152992948
41803,1739981406152849524,1739981406153352312
41804,1739981406153190172,1739981406153668439
41805,1739981406153542547,1739981406154505175
41806,1739981406153858946,1739981406155288394
41807,1739981406155136039,1739981406155674285
41808,1739981406155508744,1739981406156034485
41809,1739981406155893946,1739981406156446294
41810,1739981406156218498,1739981406156816534
41811,1739981406156653278,1739981406157729306
41812,1739981406157036387,1739981406158264220
41813,1739981406158048942,1739981406158570697
41814,1739981406158483720,1739981406158913528
41815,1739981406158775711,1739981406159298920
41816,1739981406159133923,1739981406160028384
41817,1739981406159515864,1739981406160753796
41818,1739981406160190528,1739981406161156750
41819,1739981406161016431,1739981406161609007
41820,1739981406161400131,1739981406161942710
41821,1739981406161820095,1739981406162303207
41822,1739981406162164298,1739981406163460074
41823,1739981406162517208,1739981406163842739
41824,1739981406163704599,1739981406164345117
41825,1739981406164053196,1739981406164705623
41826,1739981406164579121,1739981406165192681
41827,1739981406164933546,1739981406165547295
41828,1739981406165400503,1739981406166370477
41829,1739981406165891499,1739981406167180971
41830,1739981406166650274,1739981406167629372
41831,1739981406167431405,1739981406167956682
41832,1739981406167822767,1739981406168326270
41833,1739981406168151971,1739981406168615159
41834,1739981406168526944,1739981406168960172
41835,1739981406168805492,1739981406169999508
41836,1739981406169167596,1739981406170617751
41837,1739981406170446350,1739981406170950892
41838,1739981406170866593,1739981406171317547
41839,1739981406171123905,1739981406171738696
41840,1739981406171510314,1739981406172091195
41841,1739981406171928280,1739981406173005894
41842,1739981406172272544,1739981406173649192
41843,1739981406173193023,1739981406174146065
41844,1739981406173834266,1739981406174579648
41845,1739981406174339011,1739981406174903876
41846,1739981406174747024,1739981406175249934
41847,1739981406175070349,1739981406176046721
41848,1739981406175419173,1739981406176863479
41849,1739981406176229870,1739981406177408796
41850,1739981406177094840,1739981406177795533
41851,1739981406177600438,1739981406178204587
41852,1739981406178002124,1739981406178658956
41853,1739981406178414654,1739981406179588701
41854,1739981406178879157,1739981406180100664
41855,1739981406179920712,1739981406180549707
41856,1739981406180319864,1739981406180894743
41857,1739981406180735845,1739981406181234411
41858,1739981406181087437,1739981406182143177
41859,1739981406181411569,1739981406182577409
41860,1739981406182509523,1739981406182905474
41861,1739981406182735628,1739981406183395192
41862,1739981406183138386,1739981406183786507
41863,1739981406183589809,1739981406184616190
41864,1739981406183966925,1739981406185265645
41865,1739981406184866069,1739981406185694248
41866,1739981406185556464,1739981406186028609
41867,1739981406185901787,1739981406186404593
41868,1739981406186213725,1739981406186840837
41869,1739981406186577277,1739981406187501032
41870,1739981406187070617,1739981406188181274
41871,1739981406187661095,1739981406188883845
41872,1739981406188552026,1739981406189368399
41873,1739981406189108352,1739981406189779543
41874,1739981406189562718,1739981406190511357
41875,1739981406189964598,1739981406191451271
41876,1739981406190793728,1739981406191902918
41877,1739981406191698553,1739981406192354748
41878,1739981406192153352,1739981406192758375
41879,1739981406192572010,1739981406193086793
41880,1739981406193009259,1739981406193841622
41881,1739981406193236537,1739981406194604281
41882,1739981406194044940,1739981406194921493
41883,1739981406194786487,1739981406195267468
41884,1739981406195160109,1739981406195603635
41885,1739981406195526169,1739981406196076188
41886,1739981406195800433,1739981406196441293
41887,1739981406196259143,1739981406197318301
41888,1739981406196612356,1739981406197794225
41889,1739981406197552916,1739981406198325472
41890,1739981406198121590,1739981406198675924
41891,1739981406198512871,1739981406199027475
41892,1739981406198874481,1739981406199411443
41893,1739981406199207234,1739981406199799372
41894,1739981406199620201,1739981406200618475
41895,1739981406199987345,1739981406201424520
41896,1739981406200821518,1739981406201831051
41897,1739981406201632199,1739981406202215721
41898,1739981406202052817,1739981406202591480
41899,1739981406202447279,1739981406202920809
41900,1739981406202778046,1739981406203247660
41901,1739981406203143138,1739981406204571078
41902,1739981406203547942,1739981406204972914
41903,1739981406204846161,1739981406205319582
41904,1739981406205096014,1739981406205669626
41905,1739981406205506771,1739981406206098763
41906,1739981406205876818,1739981406206613070
41907,1739981406206308073,1739981406207420196
41908,1739981406206873150,1739981406207985077
41909,1739981406207809336,1739981406208394251
41910,1739981406208211356,1739981406208746096
41911,1739981406208598094,1739981406209053349
41912,1739981406208933638,1739981406209911210
41913,1739981406209230241,1739981406210628743
41914,1739981406210189300,1739981406211001666
41915,1739981406210862696,1739981406211420312
41916,1739981406211222382,1739981406211783907
41917,1739981406211624485,1739981406212464282
41918,1739981406212024713,1739981406213336112
41919,1739981406212688642,1739981406213700225
41920,1739981406213591744,1739981406214047256
41921,1739981406213832849,1739981406214569721
41922,1739981406214220805,1739981406214896403
41923,1739981406214739512,1739981406215249805
41924,1739981406215094112,1739981406215650111
41925,1739981406215428758,1739981406216524239
41926,1739981406215839073,1739981406217196679
41927,1739981406216684126,1739981406217597930
41928,1739981406217452807,1739981406217918490
41929,1739981406217825696,1739981406218226669
41930,1739981406218040363,1739981406218558546
41931,1739981406218409868,1739981406218992271
41932,1739981406218752086,1739981406219816940
41933,1739981406219182078,1739981406220555802
41934,1739981406220034170,1739981406220984120
41935,1739981406220746027,1739981406221341008
41936,1739981406221175623,1739981406221662615
41937,1739981406221549494,1739981406222015929
41938,1739981406221855718,1739981406222872305
41939,1739981406222199702,1739981406223474195
41940,1739981406223132666,1739981406223939254
41941,1739981406223699412,1739981406224327565
41942,1739981406224162210,1739981406224674543
41943,1739981406224536077,1739981406225160118
41944,1739981406224869535,1739981406225856190
41945,1739981406225397523,1739981406226524575
41946,1739981406226059017,1739981406227003697
41947,1739981406226877837,1739981406227367597
41948,1739981406227279097,1739981406227756674
41949,1739981406227484163,1739981406228110423
41950,1739981406227984852,1739981406228913830
41951,1739981406228329734,1739981406229775716
41952,1739981406229125840,1739981406230151572
41953,1739981406229999636,1739981406230543084
41954,1739981406230353622,1739981406230959368
41955,1739981406230731039,1739981406231661828
41956,1739981406231198127,1739981406232387798
41957,1739981406231893142,1739981406232787725
41958,1739981406232644807,1739981406233109943
41959,1739981406233013122,1739981406233447895
41960,1739981406233326698,1739981406233881572
41961,1739981406233636857,1739981406234285216
41962,1739981406234063411,1739981406234590687
41963,1739981406234473924,1739981406235322612
41964,1739981406234773479,1739981406236193819
41965,1739981406235596387,1739981406236550255
41966,1739981406236362683,1739981406236986215
41967,1739981406236716955,1739981406237347004
41968,1739981406237198017,1739981406237685765
41969,1739981406237531604,1739981406238443873
41970,1739981406237875899,1739981406239276154
41971,1739981406238662971,1739981406239644175
41972,1739981406239496889,1739981406240046755
41973,1739981406239876327,1739981406240466551
41974,1739981406240236557,1739981406240807768
41975,1739981406240674838,1739981406241695073
41976,1739981406241015163,1739981406242337701
41977,1739981406241947586,1739981406242714506
41978,1739981406242536206,1739981406243048737
41979,1739981406242901706,1739981406243452963
41980,1739981406243255407,1739981406243800173
41981,1739981406243658524,1739981406244089269
41982,1739981406243995208,1739981406244534452
41983,1739981406244361144,1739981406245022863
41984,1739981406244724143,1739981406245899263
41985,1739981406245325879,1739981406246454291
41986,1739981406246222353,1739981406246911244
41987,1739981406246680710,1739981406247360035
41988,1739981406247107676,1739981406247729136
41989,1739981406247627403,1739981406248565154
41990,1739981406247970879,1739981406249199009
41991,1739981406248839846,1739981406249721375
41992,1739981406249434305,1739981406250128280
41993,1739981406249940737,1739981406250882433
41994,1739981406250331448,1739981406251742827
41995,1739981406251102401,1739981406252144338
41996,1739981406252001037,1739981406252532846
41997,1739981406252351741,1739981406252915057
41998,1739981406252713256,1739981406253243860
41999,1739981406253095811,1739981406253537350
42000,1739981406253440428,1739981406254631774
42001,1739981406253758732,1739981406255140713
42002,1739981406254783440,1739981406255551582
42003,1739981406255368469,1739981406255950591
42004,1739981406255766135,1739981406256443020
42005,1739981406256165838,1739981406256812862
42006,1739981406256628173,1739981406257775053
42007,1739981406257019440,1739981406258580701
42008,1739981406258038385,1739981406259008982
42009,1739981406258728621,1739981406259404681
42010,1739981406259208602,1739981406259852712
42011,1739981406259584981,1739981406260230461
42012,1739981406260087510,1739981406260625061
42013,1739981406260433150,1739981406261510346
42014,1739981406260796916,1739981406262011656
42015,1739981406261827611,1739981406262441434
42016,1739981406262268980,1739981406262819710
42017,1739981406262645643,1739981406263518676
42018,1739981406263001704,1739981406263971623
42019,1739981406263741261,1739981406264620718
42020,1739981406264310789,1739981406264962565
42021,1739981406264825503,1739981406265337531
42022,1739981406265241988,1739981406265772117
42023,1739981406265568853,1739981406266104772
42024,1739981406265991438,1739981406266895893
42025,1739981406266306260,1739981406267700936
42026,1739981406267141972,1739981406268072168
42027,1739981406267957738,1739981406268367932
42028,1739981406268205456,1739981406268678052
42029,1739981406268561214,1739981406269131213
42030,1739981406268873179,1739981406269959490
42031,1739981406269301117,1739981406270723243
42032,1739981406270100896,1739981406271181331
42033,1739981406270982773,1739981406271588725
42034,1739981406271385387,1739981406271991612
42035,1739981406271758758,1739981406272729766
42036,1739981406272166587,1739981406273333986
42037,1739981406272954221,1739981406273896262
42038,1739981406273689586,1739981406274395931
42039,1739981406274151269,1739981406274731981
42040,1739981406274621094,1739981406275122383
42041,1739981406274929906,1739981406275461776
42042,1739981406275337321,1739981406276150735
42043,1739981406275678831,1739981406277012896
42044,1739981406276275404,1739981406277397777
42045,1739981406277235593,1739981406277801644
42046,1739981406277603928,1739981406278216472
42047,1739981406278016846,1739981406278647965
42048,1739981406278416711,1739981406279561239
42049,1739981406278867056,1739981406280281062
42050,1739981406279837945,1739981406280629696
42051,1739981406280500345,1739981406281006193
42052,1739981406280813116,1739981406281480062
42053,1739981406281213363,1739981406281824766
42054,1739981406281676870,1739981406282799703
42055,1739981406281987197,1739981406283457437
42056,1739981406283154644,1739981406283826996
42057,1739981406283675712,1739981406284329451
42058,1739981406284040874,1739981406284751395
42059,1739981406284507311,1739981406285304994
42060,1739981406284925772,1739981406285852872
42061,1739981406285516067,1739981406286633813
42062,1739981406286122720,1739981406287002275
42063,1739981406286873880,1739981406287287535
42064,1739981406287196162,1739981406287646114
42065,1739981406287539873,1739981406288086042
42066,1739981406287855265,1739981406288451522
42067,1739981406288281919,1739981406289403014
42068,1739981406288638707,1739981406289947795
42069,1739981406289774190,1739981406290354019
42070,1739981406290165952,1739981406290822417
42071,1739981406290558775,1739981406291142092
42072,1739981406291051932,1739981406292130715
42073,1739981406291261894,1739981406292625088
42074,1739981406292459850,1739981406293065940
42075,1739981406292834208,1739981406293427564
42076,1739981406293221350,1739981406294249465
42077,1739981406293603784,1739981406295164996
42078,1739981406294537274,1739981406295565959
42079,1739981406295411654,1739981406295927977
42080,1739981406295771305,1739981406296314034
42081,1739981406296131592,1739981406296657528
42082,1739981406296538017,1739981406296997962
42083,1739981406296889002,1739981406298043672
42084,1739981406297463800,1739981406298446871
42085,1739981406298260819,1739981406298818611
42086,1739981406298696430,1739981406299162172
42087,1739981406299015692,1739981406299660738
42088,1739981406299355910,1739981406300446480
42089,1739981406299834736,1739981406301142759
42090,1739981406300641282,1739981406301524424
42091,1739981406301399580,1739981406301882336
42092,1739981406301766802,1739981406302270640
42093,1739981406302106140,1739981406302743406
42094,1739981406302471349,1739981406303461870
42095,1739981406302914974,1739981406304370470
42096,1739981406303697411,1739981406304935000
42097,1739981406304623128,1739981406305306179
42098,1739981406305132909,1739981406305673855
42099,1739981406305507724,1739981406306327916
42100,1739981406305832248,1739981406306995598
42101,1739981406306545429,1739981406307514909
42102,1739981406307353160,1739981406308011899
42103,1739981406307807717,1739981406308373423
42104,1739981406308213308,1739981406308708194
42105,1739981406308606338,1739981406309138465
42106,1739981406308895345,1739981406309886878
42107,1739981406309320953,1739981406310404211
42108,1739981406310078751,1739981406310814218
42109,1739981406310620875,1739981406311249777
42110,1739981406310979133,1739981406311645899
42111,1739981406311461354,1739981406312059338
42112,1739981406311846841,1739981406312639529
42113,1739981406312223023,1739981406313236101
42114,1739981406312916088,1739981406313768883
42115,1739981406313614514,1739981406314205688
42116,1739981406313992066,1739981406314679418
42117,1739981406314423969,1739981406315176275
42118,1739981406314888053,1739981406315901833
42119,1739981406315365399,1739981406316810683
42120,1739981406316229315,1739981406317222053
42121,1739981406317052201,1739981406317594404
42122,1739981406317420566,1739981406318019210
42123,1739981406317780622,1739981406318415481
42124,1739981406318196519,1739981406319288723
42125,1739981406318588873,1739981406319883232
42126,1739981406319674028,1739981406320243703
42127,1739981406320114946,1739981406320565928
42128,1739981406320440914,1739981406320958343
42129,1739981406320779624,1739981406321636218
42130,1739981406321169062,1739981406322137002
42131,1739981406321876118,1739981406322764459
42132,1739981406322498719,1739981406323095868
42133,1739981406323005395,1739981406323468636
42134,1739981406323243704,1739981406323797359
42135,1739981406323675958,1739981406324770345
42136,1739981406323976067,1739981406325416927
42137,1739981406325019880,1739981406325778106
42138,1739981406325659899,1739981406326123425
42139,1739981406325986402,1739981406326528471
42140,1739981406326351906,1739981406326992691
42141,1739981406326714095,1739981406327782071
42142,1739981406327183811,1739981406328617876
42143,1739981406328110753,1739981406329142187
42144,1739981406328847600,1739981406329515729
42145,1739981406329351519,1739981406329915042
42146,1739981406329734115,1739981406331150246
42147,1739981406330105937,1739981406331618347
42148,1739981406331443301,1739981406332059261
42149,1739981406331845767,1739981406332437512
42150,1739981406332260308,1739981406332778057
42151,1739981406332663532,1739981406333504847
42152,1739981406333003967,1739981406334360237
42153,1739981406333709293,1739981406334723427
42154,1739981406334595678,1739981406335080601
42155,1739981406334904699,1739981406335422047
42156,1739981406335282494,1739981406335879069
42157,1739981406335611704,1739981406336307584
42158,1739981406336069669,1739981406336990338
42159,1739981406336571640,1739981406337702212
42160,1739981406337223599,1739981406338156289
42161,1739981406337911252,1739981406338605589
42162,1739981406338343357,1739981406338956301
42163,1739981406338788383,1739981406339335577
42164,1739981406339152585,1739981406340033573
42165,1739981406339529117,1739981406340767523
42166,1739981406340270346,1739981406341193095
42167,1739981406341024681,1739981406341544706
42168,1739981406341405335,1739981406341999974
42169,1739981406341743146,1739981406342410229
42170,1739981406342234914,1739981406343358248
42171,1739981406342747016,1739981406343964802
42172,1739981406343661342,1739981406344533000
42173,1739981406344323271,1739981406344838809
42174,1739981406344751498,1739981406345246554
42175,1739981406344989783,1739981406345553618
42176,1739981406345458825,1739981406345891079
42177,1739981406345682337,1739981406346779758
42178,1739981406346095497,1739981406347590333
42179,1739981406347112569,1739981406348046462
42180,1739981406347846739,1739981406348396492
42181,1739981406348252964,1739981406348743436
42182,1739981406348657173,1739981406349111178
42183,1739981406348957287,1739981406349898675
42184,1739981406349295551,1739981406350776162
42185,1739981406350164801,1739981406351268554
42186,1739981406350997498,1739981406351698186
42187,1739981406351489111,1739981406352043404
42188,1739981406351899743,1739981406352957337
42189,1739981406352193527,1739981406353714413
42190,1739981406353155488,1739981406354098761
42191,1739981406353975416,1739981406354503356
42192,1739981406354377863,1739981406354867329
42193,1739981406354701197,1739981406355169285
42194,1739981406355079435,1739981406356049576
42195,1739981406355258714,1739981406356709832
42196,1739981406356249862,1739981406357103511
42197,1739981406356950076,1739981406357469110
42198,1739981406357340266,1739981406357889950
42199,1739981406357661532,1739981406358214881
42200,1739981406358098411,1739981406358966615
42201,1739981406358398367,1739981406359720890
42202,1739981406359238882,1739981406360063940
42203,1739981406359917632,1739981406360375792
42204,1739981406360199915,1739981406360723853
42205,1739981406360606634,1739981406361059669
42206,1739981406360930227,1739981406361748523
42207,1739981406361219178,1739981406362534007
42208,1739981406362020862,1739981406362912340
42209,1739981406362793430,1739981406363335098
42210,1739981406363114121,1739981406363658558
42211,1739981406363527879,1739981406364024872
42212,1739981406363840266,1739981406364879229
42213,1739981406364202274,1739981406365514250
42214,1739981406365054918,1739981406365827802
42215,1739981406365731322,1739981406366274554
42216,1739981406366039020,1739981406366601154
42217,1739981406366479026,1739981406366906351
42218,1739981406366817929,1739981406367332585
42219,1739981406367099003,1739981406367709993
42220,1739981406367524373,1739981406368675706
42221,1739981406367915661,1739981406369211859
42222,1739981406369070946,1739981406369681853
42223,1739981406369432859,1739981406370082773
42224,1739981406369891807,1739981406370428001
42225,1739981406370267272,1739981406371309669
42226,1739981406370621548,1739981406372058616
42227,1739981406371507796,1739981406372693797
42228,1739981406372411885,1739981406373085431
42229,1739981406372911541,1739981406373515235
42230,1739981406373305523,1739981406374466987
42231,1739981406373724351,1739981406375175092
42232,1739981406374735957,1739981406375603480
42233,1739981406375397988,1739981406375960218
42234,1739981406375827240,1739981406376294784
42235,1739981406376168558,1739981406376586036
42236,1739981406376482390,1739981406377018063
42237,1739981406376755441,1739981406377843479
42238,1739981406377198370,1739981406378558255
42239,1739981406378098877,1739981406379035984
42240,1739981406378810341,1739981406379375843
42241,1739981406379235289,1739981406379837589
42242,1739981406379642688,1739981406380207001
42243,1739981406380046237,1739981406381126160
42244,1739981406380399789,1739981406381693689
42245,1739981406381340861,1739981406382275686
42246,1739981406382015481,1739981406382667687
42247,1739981406382484390,1739981406383035301
42248,1739981406382895325,1739981406383334983
42249,1739981406383211209,1739981406384329779
42250,1739981406383554837,1739981406385207145
42251,1739981406384597335,1739981406385595766
42252,1739981406385470820,1739981406386069984
42253,1739981406385817226,1739981406386487774
42254,1739981406386264313,1739981406387459980
42255,1739981406386663903,1739981406388006095
42256,1739981406387759190,1739981406388400251
42257,1739981406388307290,1739981406388712075
42258,1739981406388609112,1739981406389142684
42259,1739981406388902296,1739981406389861901
42260,1739981406389276579,1739981406390556325
42261,1739981406390148545,1739981406390943553
42262,1739981406390803522,1739981406391485641
42263,1739981406391187458,1739981406391865448
42264,1739981406391704144,1739981406392273510
42265,1739981406392061792,1739981406392610896
42266,1739981406392524398,1739981406393392822
42267,1739981406392915305,1739981406394294672
42268,1739981406393611370,1739981406394745630
42269,1739981406394530125,1739981406395193627
42270,1739981406395010460,1739981406395626495
42271,1739981406395399097,1739981406395984178
42272,1739981406395851582,1739981406396865403
42273,1739981406396171149,1739981406397708324
42274,1739981406397038096,1739981406398141503
42275,1739981406397942782,1739981406398549564
42276,1739981406398355748,1739981406398942919
42277,1739981406398735148,1739981406399274149
42278,1739981406399128785,1739981406399625872
42279,1739981406399467977,1739981406400535453
42280,1739981406399807934,1739981406401385016
42281,1739981406400766547,1739981406401762998
42282,1739981406401589729,1739981406402207199
42283,1739981406401973243,1739981406402513502
42284,1739981406402436532,1739981406402925111
42285,1739981406402658598,1739981406403853124
42286,1739981406403145358,1739981406404540821
42287,1739981406404056759,1739981406404899813
42288,1739981406404774113,1739981406405227906
42289,1739981406405106252,1739981406405522505
42290,1739981406405403877,1739981406405835354
42291,1739981406405739959,1739981406406709233
42292,1739981406405968133,1739981406407412033
42293,1739981406406980727,1739981406407778186
42294,1739981406407650707,1739981406408226160
42295,1739981406407970615,1739981406408839240
42296,1739981406408448514,1739981406409503076
42297,1739981406409048629,1739981406410044503
42298,1739981406409800940,1739981406410361679
42299,1739981406410229057,1739981406410700285
42300,1739981406410564733,1739981406411105921
42301,1739981406410902526,1739981406411461492
42302,1739981406411319040,1739981406412250395
42303,1739981406411782666,1739981406413041506
42304,1739981406412438291,1739981406413447527
42305,1739981406413259722,1739981406413862829
42306,1739981406413656484,1739981406414357699
42307,1739981406414053315,1739981406414715636
42308,1739981406414596219,1739981406415111496
42309,1739981406414913018,1739981406415929264
42310,1739981406415329718,1739981406416778449
42311,1739981406416191498,1739981406417303948
42312,1739981406417004933,1739981406417656005
42313,1739981406417477206,1739981406418037182
42314,1739981406417849106,1739981406418854372
42315,1739981406418217904,1739981406419733631
42316,1739981406419106600,1739981406420145620
42317,1739981406419954424,1739981406420519637
42318,1739981406420333244,1739981406420856313
42319,1739981406420723190,1739981406421187555
42320,1739981406421045537,1739981406422090595
42321,1739981406421363657,1739981406422607748
42322,1739981406422440184,1739981406422956787
42323,1739981406422835493,1739981406423299118
42324,1739981406423174771,1739981406423757631
42325,1739981406423523400,1739981406424573877
42326,1739981406424000215,1739981406425344690
42327,1739981406424789020,1739981406425785168
42328,1739981406425608536,1739981406426167916
42329,1739981406425998457,1739981406426478648
42330,1739981406426359422,1739981406426808205
42331,1739981406426696138,1739981406427733562
42332,1739981406427019972,1739981406428304985
42333,1739981406428051317,1739981406428732858
42334,1739981406428593695,1739981406429185617
42335,1739981406428981627,1739981406429565159
42336,1739981406429419087,1739981406430306436
42337,1739981406429772666,1739981406431129668
42338,1739981406430576035,1739981406431473607
42339,1739981406431336531,1739981406431838233
42340,1739981406431670284,1739981406432297745
42341,1739981406432023326,1739981406432625159
42342,1739981406432504823,1739981406432923372
42343,1739981406432806842,1739981406433571149
42344,1739981406433122568,1739981406434567240
42345,1739981406433806954,1739981406434933859
42346,1739981406434781138,1739981406435438967
42347,1739981406435149835,1739981406435832928
42348,1739981406435624374,1739981406436244013
42349,1739981406436008548,1739981406437107398
42350,1739981406436431218,1739981406437626047
42351,1739981406437476642,1739981406438055856
42352,1739981406437838744,1739981406438442760
42353,1739981406438251869,1739981406439147315
42354,1739981406438662455,1739981406439991011
42355,1739981406439397267,1739981406440439639
42356,1739981406440237194,1739981406440811648
42357,1739981406440677676,1739981406441189741
42358,1739981406441019467,1739981406441574429
42359,1739981406441438812,1739981406442258673
42360,1739981406441964909,1739981406442871683
42361,1739981406442453660,1739981406443331742
42362,1739981406443095799,1739981406443688994
42363,1739981406443554835,1739981406444033349
42364,1739981406443875119,1739981406444459766
42365,1739981406444205951,1739981406444894417
42366,1739981406444660554,1739981406445314716
42367,1739981406445111911,1739981406446171032
42368,1739981406445490291,1739981406446947619
42369,1739981406446445033,1739981406447315240
42370,1739981406447191747,1739981406447662971
42371,1739981406447548337,1739981406448072585
42372,1739981406447896217,1739981406448563988
42373,1739981406448318779,1739981406448920266
42374,1739981406448806068,1739981406449807104
42375,1739981406449143967,1739981406450494955
42376,1739981406450184239,1739981406450911054
42377,1739981406450695139,1739981406451318350
42378,1739981406451101503,1739981406452139950
42379,1739981406451532564,1739981406452601224
42380,1739981406452332430,1739981406453082474
42381,1739981406452949267,1739981406453515979
42382,1739981406453318285,1739981406453855096
42383,1739981406453734323,1739981406454359347
42384,1739981406454055806,1739981406454786908
42385,1739981406454549338,1739981406455104442
42386,1739981406454960944,1739981406456006780
42387,1739981406455288099,1739981406456617243
42388,1739981406456204742,1739981406456970750
42389,1739981406456839281,1739981406457380738
42390,1739981406457173519,1739981406457730776
42391,1739981406457582054,1739981406458440293
42392,1739981406457925308,1739981406459240890
42393,1739981406458590217,1739981406459707464
42394,1739981406459432472,1739981406460134376
42395,1739981406459921509,1739981406460549874
42396,1739981406460339226,1739981406461035345
42397,1739981406460717813,1739981406461976515
42398,1739981406461298957,1739981406462528398
42399,1739981406462241355,1739981406462924488
42400,1739981406462748758,1739981406463308157
42401,1739981406463152220,1739981406464063255
42402,1739981406463513072,1739981406464928320
42403,1739981406464274030,1739981406465231800
42404,1739981406465185459,1739981406465659722
42405,1739981406465426824,1739981406465982417
42406,1739981406465877776,1739981406466307482
42407,1739981406466183289,1739981406466731181
42408,1739981406466522173,1739981406467581454
42409,1739981406466940756,1739981406468317790
42410,1739981406467846088,1739981406468720024
42411,1739981406468586548,1739981406469052379
42412,1739981406468935122,1739981406469375752
42413,1739981406469257473,1739981406469714659
42414,1739981406469590581,1739981406470038933
42415,1739981406469931499,1739981406470904073
42416,1739981406470210756,1739981406471496381
42417,1739981406471293480,1739981406472041887
42418,1739981406471766800,1739981406472509068
42419,1739981406472228477,1739981406472931500
42420,1739981406472775559,1739981406473853389
42421,1739981406473142257,1739981406474527498
42422,1739981406474207126,1739981406475017622
42423,1739981406474758903,1739981406475433119
42424,1739981406475247434,1739981406476261759
42425,1739981406475638250,1739981406476980151
42426,1739981406476522745,1739981406477356037
42427,1739981406477262975,1739981406477725032
42428,1739981406477522722,1739981406478125435
42429,1739981406477912485,1739981406478438906
42430,1739981406478381922,1739981406478784083
42431,1739981406478599652,1739981406479745902
42432,1739981406478988678,1739981406480236979
42433,1739981406479938551,1739981406480827776
42434,1739981406480564159,1739981406481182809
42435,1739981406481040714,1739981406481513751
42436,1739981406481375943,1739981406481845487
42437,1739981406481712821,1739981406482300690
42438,1739981406482088456,1739981406482971612
42439,1739981406482548839,1739981406483662447
42440,1739981406483138099,1739981406484141084
42441,1739981406483864873,1739981406484492514
42442,1739981406484340187,1739981406484880370
42443,1739981406484651809,1739981406485273028
42444,1739981406485049826,1739981406486173861
42445,1739981406485472563,1739981406486676376
42446,1739981406486408353,1739981406487218819
42447,1739981406487014743,1739981406487543111
42448,1739981406487432538,1739981406487861978
42449,1739981406487757684,1739981406488405415
42450,1739981406488077834,1739981406488830735
42451,1739981406488728228,1739981406489595654
42452,1739981406489037764,1739981406490075240
42453,1739981406489885483,1739981406490733952
42454,1739981406490435478,1739981406491131429
42455,1739981406490924511,1739981406491567992
42456,1739981406491333358,1739981406491974947
42457,1739981406491754255,1739981406492747632
42458,1739981406492148965,1739981406493374935
42459,1739981406492943721,1739981406493782178
42460,1739981406493631787,1739981406494345234
42461,1739981406493897594,1739981406494871727
42462,1739981406494560253,1739981406495234744
42463,1739981406495092444,1739981406496019915
42464,1739981406495455471,1739981406496885933
42465,1739981406496221066,1739981406497333356
42466,1739981406497150073,1739981406497784955
42467,1739981406497603298,1739981406498187829
42468,1739981406497990938,1739981406498534966
42469,1739981406498410010,1739981406499346242
42470,1739981406498731500,1739981406500093764
42471,1739981406499598843,1739981406500408263
42472,1739981406500304631,1739981406500737138
42473,1739981406500613955,1739981406501080332
42474,1739981406500918440,1739981406501535774
42475,1739981406501255822,1739981406501896827
42476,1739981406501714538,1739981406502719059
42477,1739981406502089384,1739981406503516619
42478,1739981406502976213,1739981406503870886
42479,1739981406503754535,1739981406504379314
42480,1739981406503979684,1739981406504710898
42481,1739981406504588125,1739981406505124449
42482,1739981406504918157,1739981406505596044
42483,1739981406505355957,1739981406506325528
42484,1739981406505782068,1739981406507047842
42485,1739981406506538636,1739981406507532048
42486,1739981406507270166,1739981406507961176
42487,1739981406507749108,1739981406508399485
42488,1739981406508228109,1739981406508796468
42489,1739981406508635803,1739981406509593619
42490,1739981406509120776,1739981406510024845
42491,1739981406509896358,1739981406510569955
42492,1739981406510321149,1739981406510959834
42493,1739981406510823308,1739981406511315398
42494,1739981406511181959,1739981406511676621
42495,1739981406511506173,1739981406512109184
42496,1739981406511866618,1739981406512908897
42497,1739981406512501737,1739981406513709562
42498,1739981406513063799,1739981406514270635
42499,1739981406513963591,1739981406514793275
42500,1739981406514504491,1739981406515178098
42501,1739981406514995237,1739981406515574105
42502,1739981406515381991,1739981406515981713
42503,1739981406515785788,1739981406517166148
42504,1739981406516161211,1739981406517655726
42505,1739981406517447812,1739981406518022010
42506,1739981406517888353,1739981406518378613
42507,1739981406518198455,1739981406519485596
42508,1739981406518571531,1739981406520008169
42509,1739981406519728357,1739981406520540305
42510,1739981406520376761,1739981406520940960
42511,1739981406520752027,1739981406521333597
42512,1739981406521143413,1739981406521689564
42513,1739981406521550355,1739981406522700180
42514,1739981406521883002,1739981406523344362
42515,1739981406523027648,1739981406523746038
42516,1739981406523558796,1739981406524176739
42517,1739981406523986403,1739981406524515877
42518,1739981406524414835,1739981406524893944
42519,1739981406524721569,1739981406525296588
42520,1739981406525077676,1739981406526270529
42521,1739981406525506487,1739981406527086065
42522,1739981406526550757,1739981406527572403
42523,1739981406527402333,1739981406528094642
42524,1739981406527808459,1739981406528495578
42525,1739981406528363238,1739981406528878289
42526,1739981406528738557,1739981406529657438
42527,1739981406529056953,1739981406530456209
42528,1739981406529885246,1739981406530966256
42529,1739981406530669671,1739981406531417110
42530,1739981406531159654,1739981406531824981
42531,1739981406531621062,1739981406532750647
42532,1739981406532040140,1739981406533460370
42533,1739981406532995289,1739981406533983078
42534,1739981406533688724,1739981406534489875
42535,1739981406534209538,1739981406534821214
42536,1739981406534674609,1739981406535557048
42537,1739981406534996908,1739981406536299441
42538,1739981406535847689,1739981406536641818
42539,1739981406536532613,1739981406537026756
42540,1739981406536891352,1739981406537536966
42541,1739981406537254574,1739981406537898618
42542,1739981406537753474,1739981406538311647
42543,1739981406538135718,1739981406539079062
42544,1739981406538506498,1739981406539772086
42545,1739981406539372086,1739981406540160487
42546,1739981406540010759,1739981406540488795
42547,1739981406540393463,1739981406540915366
42548,1739981406540709185,1739981406541261645
42549,1739981406541130812,1739981406542396882
42550,1739981406541757288,1739981406542900345
42551,1739981406542656021,1739981406543322210
42552,1739981406543143791,1739981406543672324
42553,1739981406543523972,1739981406544067253
42554,1739981406543850028,1739981406544556668
42555,1739981406544370074,1739981406545128201
42556,1739981406544741601,1739981406545929835
42557,1739981406545301188,1739981406546257414
42558,1739981406546160992,1739981406546580814
42559,1739981406546379978,1739981406546978265
42560,1739981406546773175,1739981406547329905
42561,1739981406547174549,1739981406548187651
42562,1739981406547508126,1739981406548782029
42563,1739981406548419757,1739981406549409703
42564,1739981406549151786,1739981406549801812
42565,1739981406549631726,1739981406550173063
42566,1739981406549997956,1739981406550499307
42567,1739981406550388325,1739981406551289941
42568,1739981406550730394,1739981406552229614
42569,1739981406551541967,1739981406552736985
42570,1739981406552460935,1739981406553136162
42571,1739981406552930803,1739981406553569881
42572,1739981406553358397,1739981406554838910
42573,1739981406553749156,1739981406555317810
42574,1739981406555087380,1739981406555785682
42575,1739981406555560089,1739981406556172745
42576,1739981406556011618,1739981406556507068
42577,1739981406556420100,1739981406557134046
42578,1739981406556626091,1739981406557983771
42579,1739981406557397602,1739981406558354863
42580,1739981406558227476,1739981406558699123
42581,1739981406558542354,1739981406559038102
42582,1739981406558909911,1739981406559461111
42583,1739981406559215245,1739981406559792489
42584,1739981406559650873,1739981406560694244
42585,1739981406559982674,1739981406561234937
42586,1739981406561037364,1739981406561624995
42587,1739981406561460893,1739981406561965423
42588,1739981406561827688,1739981406562325200
42589,1739981406562163336,1739981406563381498
42590,1739981406562506590,1739981406563957772
42591,1739981406563649614,1739981406564630958
42592,1739981406564199092,1739981406565106381
42593,1739981406564820227,1739981406565583436
42594,1739981406565295734,1739981406566518610
42595,1739981406565751417,1739981406567064632
42596,1739981406566819521,1739981406567561621
42597,1739981406567274071,1739981406568025411
42598,1739981406567772845,1739981406568929740
42599,1739981406568217718,1739981406569854233
42600,1739981406569217117,1739981406570253931
42601,1739981406570083075,1739981406570601656
42602,1739981406570452150,1739981406570997954
42603,1739981406570780918,1739981406571321266
42604,1739981406571203389,1739981406571635408
42605,1739981406571492852,1739981406572349476
42606,1739981406571831785,1739981406573272028
42607,1739981406572615424,1739981406573705471
42608,1739981406573546702,1739981406574175113
42609,1739981406573938905,1739981406574525513
42610,1739981406574415364,1739981406574877835
42611,1739981406574725250,1739981406575256413
42612,1739981406575068594,1739981406576220919
42613,1739981406575457049,1739981406576820641
42614,1739981406576536337,1739981406577354534
42615,1739981406577004281,1739981406577813431
42616,1739981406577569578,1739981406578578451
42617,1739981406578026186,1739981406579420762
42618,1739981406578763428,1739981406579971439
42619,1739981406579626296,1739981406580338437
42620,1739981406580222797,1739981406580736966
42621,1739981406580561606,1739981406581105406
42622,1739981406580919402,1739981406581850396
42623,1739981406581291376,1739981406582388219
42624,1739981406582027079,1739981406582803309
42625,1739981406582587173,1739981406583112425
42626,1739981406583006974,1739981406583458901
42627,1739981406583291950,1739981406583791620
42628,1739981406583643869,1739981406584273509
42629,1739981406583998828,1739981406584602204
42630,1739981406584454054,1739981406585481529
42631,1739981406584785679,1739981406586088671
42632,1739981406585797142,1739981406586485781
42633,1739981406586297387,1739981406586857676
42634,1739981406586697573,1739981406587188088
42635,1739981406587055177,1739981406588060176
42636,1739981406587392483,1739981406588702966
42637,1739981406588324487,1739981406589182154
42638,1739981406588971929,1739981406589699989
42639,1739981406589443612,1739981406590076330
42640,1739981406589923957,1739981406590780382
42641,1739981406590210579,1739981406591567740
42642,1739981406591010928,1739981406591911156
42643,1739981406591804749,1739981406592288252
42644,1739981406592030707,1739981406592762021
42645,1739981406592468691,1739981406593087054
42646,1739981406592949053,1739981406593416195
42647,1739981406593267204,1739981406594063379
42648,1739981406593599153,1739981406595140206
42649,1739981406594510976,1739981406595499914
42650,1739981406595411230,1739981406595885913
42651,1739981406595728558,1739981406596222884
42652,1739981406596075182,1739981406596576882
42653,1739981406596441193,1739981406597309964
42654,1739981406596774002,1739981406598123364
42655,1739981406597483418,1739981406598652354
42656,1739981406598403397,1739981406599104483
42657,1739981406598898908,1739981406599442880
42658,1739981406599293435,1739981406599817067
42659,1739981406599624187,1739981406600316980
42660,1739981406600035219,1739981406601137224
42661,1739981406600658941,1739981406601753884
42662,1739981406601381055,1739981406602263009
42663,1739981406602070302,1739981406602633775
42664,1739981406602539731,1739981406602970263
42665,1739981406602765626,1739981406603348773
42666,1739981406603214346,1739981406603625715
42667,1739981406603551520,1739981406603966058
42668,1739981406603740447,1739981406605069625
42669,1739981406604486415,1739981406605582113
42670,1739981406605333403,1739981406606069218
42671,1739981406605804189,1739981406606491122
42672,1739981406606202931,1739981406607202080
42673,1739981406606690856,1739981406608032558
42674,1739981406607434279,1739981406608404851
42675,1739981406608276265,1739981406608818006
42676,1739981406608610193,1739981406609290961
42677,1739981406609035802,1739981406609707370
42678,1739981406609515699,1739981406610533712
42679,1739981406609912244,1739981406611329072
42680,1739981406610763836,1739981406611735247
42681,1739981406611586345,1739981406612125592
42682,1739981406611925583,1739981406612485490
42683,1739981406612341611,1739981406612770356
42684,1739981406612693853,1739981406613677276
42685,1739981406612953014,1739981406614393335
42686,1739981406614068141,1739981406614739947
42687,1739981406614596961,1739981406615048473
42688,1739981406614955014,1739981406615475098
42689,1739981406615219044,1739981406615831495
42690,1739981406615700189,1739981406616813919
42691,1739981406616019965,1739981406617309209
42692,1739981406617203428,1739981406617704065
42693,1739981406617526680,1739981406618088165
42694,1739981406617941145,1739981406618468911
42695,1739981406618340645,1739981406619403857
42696,1739981406618671067,1739981406619951786
42697,1739981406619618913,1739981406620435142
42698,1739981406620230426,1739981406620850310
42699,1739981406620631854,1739981406621239116
42700,1739981406621029011,1739981406621641571
42701,1739981406621419526,1739981406622495980
42702,1739981406621801608,1739981406622932171
42703,1739981406622776028,1739981406623374082
42704,1739981406623244579,1739981406623769802
42705,1739981406623573960,1739981406624111502
42706,1739981406623992246,1739981406624614451
42707,1739981406624500391,1739981406624998940
42708,1739981406624812032,1739981406625390122
42709,1739981406625171434,1739981406626357839
42710,1739981406625578689,1739981406626972237
42711,1739981406626675963,1739981406627296778
42712,1739981406627176496,1739981406627610176
42713,1739981406627494117,1739981406627938114
42714,1739981406627799954,1739981406628900629
42715,1739981406628111194,1739981406629599902
42716,1739981406629339550,1739981406629998929
42717,1739981406629833535,1739981406630437323
42718,1739981406630238876,1739981406631324781
42719,1739981406630651253,1739981406632042834
42720,1739981406631483311,1739981406632424778
42721,1739981406632229209,1739981406632756937
42722,1739981406632652419,1739981406633084496
42723,1739981406632980469,1739981406633463942
42724,1739981406633303764,1739981406634186311
42725,1739981406633694665,1739981406634964781
42726,1739981406634404378,1739981406635411389
42727,1739981406635218568,1739981406635744545
42728,1739981406635651916,1739981406636123593
42729,1739981406635895701,1739981406636442499
42730,1739981406636317731,1739981406637165577
42731,1739981406636663621,1739981406637855487
42732,1739981406637374300,1739981406638250895
42733,1739981406638146980,1739981406638640767
42734,1739981406638405801,1739981406639105479
42735,1739981406638853533,1739981406639455020
42736,1739981406639287860,1739981406640088514
42737,1739981406639674173,1739981406640918011
42738,1739981406640308853,1739981406641342394
42739,1739981406641206332,1739981406641715534
42740,1739981406641554408,1739981406642129520
